# Number of parameters = 199 Objective function value = -3515.33422003019  Maximum gradient component = 6.44500404055938e-005
# theta[1]:
-0.161256246678
# theta[2]:
8.68452753594
# theta[3]:
7.52621490605
# theta[4]:
7.93949164425
# theta[5]:
0.381641762932
# theta[6]:
4.00000000000
# log_rinit_devs:
 -0.148518932638 -0.0790868353453 0.0702621881115 0.0913701495688 0.0659734303035
# log_rbar_devs:
 1.26911500805 1.09529514881 0.892879511884 0.866532824835 0.700175296323 0.935763028932 0.572519670406 0.472542096971 0.415161605829 0.469689425687 0.413536167479 0.401749905675 0.490835450228 0.567178257446 0.742812974554 0.642223016226 0.702447122973 0.523471122430 0.684456449701 0.483996633358 0.474522207800 0.525838202599 0.448108609896 0.246771212117 0.316570072061 0.337470738154 0.222865693759 0.509636091830 0.0733281643090 -0.177838220766 -0.430024647647 -0.382321227049 -0.396295162302 -0.815226138639 -1.06226556952 -1.28434887355 -1.54946963458 -1.61497238712 -1.66740976322 -1.76142643411 -1.77294811954 -1.84782628637 -1.84482794373 -1.85652491042 -1.74739214756 -2.15538247247 -2.22752703109 -2.37034799503 -1.80606687392 -0.364930948800 1.21309259596 -0.110239077612 -1.54743564262 -0.523226744078 1.09166147048 0.354698425106 -0.694982823784 0.168690262426 1.87253965839 0.0677460178540 -1.69477811650 -0.619348601894 1.98915096263 -0.475582744445 -1.21134900554 -0.931847484385 0.538499172657 0.419897745204 1.47379618174 1.49961069239 0.0436596911337 0.816373878325 1.16916392217 0.651026512317 1.95833591364 -0.220325956956 0.423222608740 0.456311066812 0.696658013842 0.816542962791 0.443804332258 0.432126047830 -0.309374111231 -0.623910500496 0.431846706122 -1.36504784940 1.95993347538 -0.439621628701 1.21617248374 0.786127506575 0.414263058248
# mat_params[1]:
 6.85895891784 9.88380223645
# log_m_devs:
 -0.0515681724731 0.106891988487 -0.164101535676 0.108777719663
# log_slx_pars[1]:
 1.52044530629 -0.316753496454
# log_ft_pars:
 -1.77746341096 -1.82138809945 -2.22741313732 -2.05799706871 -1.73303762202 -1.56935765709 -1.62677321847 -2.00870290120 -1.59052853550 -2.31749436824 -2.40444017868 -6.27684076149 -4.78536620319 -6.13791404758 -3.71499651332 -2.77626966280 -2.42772506877 -1.97602854122 -1.83554098495 -2.75604481024 -2.86705382220 -2.91291093960 -3.12664063874 -2.56602824885 -2.86433266737 -3.48334121704 -2.88473642831 -2.18026859195 -2.13447637443 -1.56336032890 -1.03647913790 -1.00935589818 -1.32866160467 -1.69203456732 -1.62404762799 -0.872763006846 -1.43055540197 -1.82563619790 -4.54353215496 -4.52651527745 -3.67947972605 -3.17296034046 -3.42851185608 -3.61092873934 -3.40119352758 -3.31688788545 -2.27598540650 -2.83875358232 -9.61567148289 -4.95352822864 -3.43727163000 -3.10362990374 -3.45263071008 -2.90716019843 -3.02272047835 -3.09349045056 -2.80819643412 -3.00678524978 -3.67629201821 -2.93732362946 -2.48540350523 -3.38873689667 -4.36158403471 -3.57424922046 -2.76287230428 -3.22889660921 -3.65806675990 -2.54095717987 -2.90416752619 -3.68909163073 -3.39779123086 -4.03838177868 -3.06975058367 -3.22149978504 -3.88555954871 -3.45372541393 -3.25805871855 -3.12211554176 -2.84082135138 -2.62386239947 -2.80772185711 -2.64450856137 -2.51095099602 -2.61153769534 -3.47689954955 -2.22286952537 -3.29158425634 -3.12590356854 -2.87709680318 -4.32556200929
