# Number of parameters = 207 Objective function value = -3621.97243404527  Maximum gradient component = 9.04643101917459e-005
# theta[1]:
-0.230294244065
# theta[2]:
8.03459593916
# theta[3]:
7.35337858508
# theta[4]:
7.65361518375
# theta[5]:
0.671682620824
# theta[6]:
4.00000000000
# log_rinit_devs:
 -0.0351775920393 -0.0322606293141 0.0715363848004 0.0407769159966 -0.0448750794435
# log_rbar_devs:
 0.989820087381 0.808371573973 0.594606539974 0.644020179805 0.526973448660 0.838588465107 0.481932222545 0.408263837663 0.391346942404 0.435715711814 0.366725356631 0.326238471457 0.426372904468 0.517711847354 0.736133216853 0.638582864784 0.718307061759 0.514751011201 0.707152639101 0.492082061101 0.497481560267 0.573485923527 0.502609949441 0.291965117292 0.393756307280 0.439370312868 0.329002085123 0.685522677744 0.209074503104 -0.0490105270563 -0.304226439596 -0.213212601631 -0.197730657193 -0.645761979208 -0.892720193146 -1.10612973469 -1.37279291722 -1.42354423563 -1.46564643799 -1.56043993883 -1.56063503544 -1.63557784518 -1.62291467096 -1.62746517931 -1.49008271304 -1.92061718387 -1.97885621078 -2.11473061634 -1.53680775038 -0.0907501175608 1.47528444481 0.152654334107 -1.27965248122 -0.260831328039 1.35334219413 0.608212320842 -0.455220246337 0.411021276978 2.13617713899 0.303915142765 -1.46854677189 -0.401078037190 2.22899419864 -0.258066873035 -1.00726817117 -0.729240723985 0.736637354407 0.616549758097 1.66657406900 1.69041643009 0.226450540056 1.00157637340 1.34155239020 0.803971045424 2.21062678021 -0.0941492455099 0.469472019415 0.337071394318 0.378581192080 0.313669356226 -0.0892560102727 -0.149808695752 -0.988864776942 -1.37590318711 -0.368167816467 -2.26456274391 0.976174213188 -1.45752452793 0.291898447705 0.0271290454671 0.213878280581
# mat_params[1]:
 7.30300560506 10.3672287743
# mat_params[2]:
 7.13080745146 10.3195987365
# mat_params[3]:
 5.21049610215 7.68829107097
# log_m_devs:
 0.00384639975131 0.173168990400 -0.224926767827 0.0479113776752
# log_slx_pars[1]:
 -0.363624480628 -7.24484580195
# log_slx_pars[2]:
 1.53710776965 -0.370559120043
# log_slx_pars[3]:
 1.61846936162 -0.336157496584
# log_ft_pars:
 -2.33078055804 -2.38406894413 -2.72963619776 -2.58612206842 -2.28472352151 -2.30786175166 -2.33243749683 -2.70485083925 -2.32823208227 -3.14386785200 -3.24327686350 -6.35686518459 -5.63508181993 -6.54621954666 -4.67069372880 -3.69850119419 -2.19370199403 -1.74698109526 -1.60827123331 -2.52908324985 -2.65414192691 -2.71022134194 -2.93702100896 -2.39240414681 -2.70053375189 -3.32989012403 -2.74936583097 -2.06568824335 -2.04521784270 -1.50304669788 -0.986570174596 -0.951625553284 -1.27048494529 -1.65092781485 -1.60361257492 -0.860394484052 -1.41475574726 -1.81267311809 -4.53273337601 -4.52025361869 -3.67805875212 -3.17598045391 -3.43183589086 -3.62019559159 -3.42300211228 -3.35161488960 -2.32105240451 -2.89152872928 -9.65858187885 -4.93346769969 -3.36143118668 -3.09284652392 -3.50704621376 -2.97319194280 -3.00446350332 -3.08907607212 -2.84803038451 -3.04404540271 -3.63644525579 -2.93479626133 -2.54539498824 -3.46021898400 -4.31201450725 -3.55089944735 -2.79908627637 -3.28427755481 -3.64450639863 -2.48967508053 -2.81308128340 -3.60118929371 -3.35130216257 -4.00906937652 -3.01346034750 -3.16111005412 -3.81438925084 -3.42588946202 -3.25715313485 -3.06923251366 -2.64770076208 -2.02839018697 -2.12313673498 -1.94747027067 -1.80910873971 -1.90543364712 -2.73392247913 -1.38157070485 -2.04269909141 -1.79654924667 -1.57443904701 -3.08857602929
