# Number of parameters = 203 Objective function value = -3527.27507730409  Maximum gradient component = 0.000343482452051354
# theta[1]:
-0.181545675256
# theta[2]:
8.58353506456
# theta[3]:
7.43666013621
# theta[4]:
7.84519522666
# theta[5]:
0.389466373438
# theta[6]:
4.00000000000
# log_rinit_devs:
 -0.137237077313 -0.0720993490303 0.0707684493870 0.0885102165648 0.0500577603919
# log_rbar_devs:
 1.26844377598 1.09413948219 0.893211004085 0.867983318679 0.701099409664 0.932032129077 0.567345430507 0.464848309089 0.403441250153 0.454701312388 0.397796815583 0.387280338605 0.478634250274 0.557577095916 0.735052517213 0.637365849997 0.698112321536 0.518639134896 0.676034952756 0.475970417678 0.467563570760 0.520116359698 0.444295050823 0.245265398933 0.316062733638 0.339789516306 0.229238883838 0.518019966970 0.0878780053137 -0.160410491846 -0.415721897513 -0.375385496238 -0.392631785217 -0.809432009433 -1.05822868646 -1.28856078682 -1.56188145005 -1.63005137575 -1.68010412674 -1.76905278780 -1.77654741156 -1.84804949879 -1.84227872113 -1.85113941889 -1.73797625702 -2.14125004015 -2.21176411885 -2.35326304251 -1.78460475261 -0.337701798610 1.23684131289 -0.0855790787338 -1.52346379818 -0.498875942387 1.11873837128 0.380016889317 -0.671391798312 0.194421575997 1.90045984157 0.0921883844380 -1.67296379332 -0.597428718748 2.01557388599 -0.453495416867 -1.18983824481 -0.909277908134 0.563824196072 0.444351121788 1.50030551509 1.52487100437 0.0659731221778 0.838414587568 1.19209222399 0.670925765489 1.97937526507 -0.202978146813 0.440615740732 0.473992088433 0.714223400787 0.833625334270 0.460714264060 0.449889348775 -0.292013275398 -0.613611212161 0.411837495189 -1.43206063388 1.80618194387 -0.594794055229 1.04923004117 0.618280258878 0.408906395175
# mat_params[1]:
 6.79683774884 9.81779135464
# mat_params[2]:
 6.90228181696 10.3228379909
# log_m_devs:
 -0.0479975049042 0.117363027261 -0.159248524280 0.0898830019231
# log_slx_pars[1]:
 1.49500637238 -0.330107051626
# log_slx_pars[2]:
 1.76368822980 -0.272820936973
# log_ft_pars:
 -1.76601604176 -1.81221270267 -2.21701140023 -2.04622621373 -1.72080307396 -1.55735626143 -1.61359657660 -1.99128614345 -1.56900452893 -2.29493372319 -2.38233902608 -6.20337114540 -4.76668057209 -6.06108926759 -3.70301501458 -2.76595025614 -2.41690049124 -1.96347766095 -1.82084550835 -2.74106878937 -2.85181415532 -2.89862253083 -3.11453833732 -2.55423185083 -2.85302561635 -3.47541700192 -2.88010217503 -2.17885936940 -2.13551726519 -1.56172354882 -1.03000772327 -1.00082285082 -1.32032519865 -1.68271802460 -1.61037248442 -0.851554082028 -1.40240949985 -1.79483691396 -4.51539113562 -4.50365636387 -3.66131096617 -3.15910421669 -3.42050208547 -3.60625584123 -3.39834515566 -3.31770434147 -2.27815284264 -2.84248369763 -9.62702831643 -4.98518823709 -3.48241180980 -3.14158894880 -3.46571570855 -2.90602488858 -3.04894358362 -3.12656103741 -2.82637300466 -3.01602492355 -3.70956510783 -2.97240358065 -2.49660371332 -3.38299761517 -4.39007061337 -3.61070444520 -2.77432309612 -3.22041928154 -3.66703965604 -2.56685001279 -2.93801950187 -3.72456784704 -3.42231571692 -4.04930847972 -3.08530542278 -3.23956281042 -3.90949462709 -3.47592955216 -3.26436481016 -3.12252041304 -2.84852593019 -2.63669794443 -2.82022937660 -2.65017125468 -2.51198373919 -2.60641847045 -3.46748986330 -2.20868291337 -2.26291892394 -1.97611401793 -1.76360467236 -3.33323081591
