# Number of parameters = 203 Objective function value = -3634.89550854529  Maximum gradient component = 0.00153516281259874
# theta[1]:
0.194508455265
# theta[2]:
10.4266635515
# theta[3]:
9.41247112919
# theta[4]:
10.0524163521
# theta[5]:
0.712750059128
# theta[6]:
4.00000000000
# log_rinit_devs:
 -0.240126480380 -0.153594007566 0.0564275188032 0.0601027658459 0.277190203297
# log_rbar_devs:
 1.13838714686 0.929426951745 0.666278362467 0.678484634413 0.493865249113 0.863635735420 0.446366464629 0.347567959990 0.341999985213 0.406528023398 0.283925660705 0.182623985580 0.208035860143 0.186112228527 0.270981725377 -0.0627998865304 -0.237028167155 -0.404217835172 -0.121840529628 -0.345915011839 -0.322661846244 -0.216251650849 -0.271019679750 -0.498865132260 -0.360631434321 -0.291608272031 -0.388744802707 0.0481738356059 -0.432436933614 -0.606965840960 -0.714887936943 -0.400570718275 -0.222545409989 -0.586929878206 -0.659997198876 -0.682992826110 -0.836513255293 -0.809336391119 -0.809806112072 -0.898281778065 -0.853755957421 -0.919291103480 -0.876884354176 -0.832785431830 -0.652670384258 -1.17545866116 -1.31976741928 -1.62849995229 -1.33075355820 0.0465116414827 1.65121783691 0.378502485745 -1.02588246281 -0.0283178538771 1.54829223119 0.821384560342 -0.233969515237 0.606839918684 2.34941023285 0.534783766492 -1.25695395234 -0.196636094618 2.39258453359 -0.0534821697328 -0.827298643085 -0.581371373193 0.846125618802 0.750018709147 1.75998885730 1.78331782626 0.331589487550 1.09001276691 1.38780411128 0.817426665141 2.06646631935 -0.240308308972 0.245080523489 0.199859892780 0.415236743685 0.620179074379 0.234279046839 0.155238883987 -0.927026114136 -1.39267123871 -0.425283315749 -2.45531582619 0.800097307723 -1.58044706603 0.188366141709 -0.0560356581768 0.540705950165
# mat_params[1]:
 8.33697544321 10.4355711145
# mat_params[2]:
 9.17842312028 11.7771363700
# mat_params[3]:
 9.92450097426 13.4622011382
# mat_params[4]:
 6.91468982380 9.45475223711
# log_m_devs:
 0.0942346983697 -0.0942346983697
# log_slx_pars[1]:
 1.78260596493 -0.208206865453
# log_ft_pars:
 -1.54509987503 -1.62093474281 -2.01754278851 -1.84152210329 -1.49898964864 -1.40353046369 -1.47953512225 -1.86858081316 -1.46644791870 -2.22245944067 -2.29545865992 -1.91147048414 -4.55184867771 -0.771008461663 -3.29319934525 -2.26834394047 -1.79724588037 -1.39126306994 -1.30267991892 -2.25521126201 -2.39514965928 -2.47839463908 -2.71762721379 -2.17180881792 -2.50742004607 -3.15778954336 -2.57787655169 -1.94564645263 -1.94997457507 -1.44934421624 -1.04146258357 -1.17352227212 -1.67452055624 -2.16936053224 -2.24482649867 -1.70496673757 -2.45173402060 -2.95658683141 -5.71893173766 -5.71539337717 -4.89954238016 -4.43013818052 -4.72010147329 -4.93896081819 -4.77286267972 -4.70679630395 -3.70086870478 -4.25622165580 -10.9038453814 -6.06968231408 -4.40197444285 -4.03091674632 -4.51049456558 -4.18009515863 -4.21560419044 -4.15766617340 -3.90908237681 -4.22619097453 -4.80161842518 -3.96832102904 -3.63691679540 -4.73724758990 -5.52493125014 -4.53552251432 -3.80776963356 -4.51388993807 -4.89988700724 -3.57798812699 -3.79822113983 -4.53764664953 -4.27305559045 -5.02152666580 -4.06016411899 -4.14822498583 -4.69924077501 -4.20532747259 -4.03899058732 -3.95855148752 -3.54449625710 -3.15881710092 -3.06202380730 -2.76789863666 -2.53722073417 -2.53843427403 -3.26989410931 -1.79759012025 -2.65427756390 -2.45828514563 -2.33409329431 -3.92580795780
