# Number of parameters = 204 Objective function value = -3578.08166841190  Maximum gradient component = 0.000426780379688419
# theta[1]:
0.0134695041462
# theta[2]:
9.04615206189
# theta[3]:
8.84659284246
# theta[4]:
9.13645212136
# theta[5]:
0.878336872128
# theta[6]:
4.00000000000
# log_rinit_devs:
 -0.0816768086716 -0.0545012470632 0.0930028651155 -0.00694693322869 0.0501221238480
# log_rbar_devs:
 0.585281772946 0.419678540633 0.209502199801 0.305090214660 0.183340908572 0.667878245302 0.311773503960 0.318807876613 0.410860455812 0.591646331133 0.578142577207 0.596924490694 0.745507233220 0.849455770102 1.08862944628 0.916248919706 0.944739074246 0.732868864152 1.00135004740 0.703874180022 0.677522570246 0.747654725729 0.636082019861 0.334401430957 0.436113935447 0.467253196925 0.319516384784 0.794015285003 0.238331195566 0.0332573719390 -0.124589790040 0.158093843842 0.282993992541 -0.191572541977 -0.356700251456 -0.481155461089 -0.752252765978 -0.830933668860 -0.936446852753 -1.12242540957 -1.17097029318 -1.31965209959 -1.35321573218 -1.39936590375 -1.26975489522 -1.84516096127 -1.96416584771 -2.18727053159 -1.69745737761 -0.233328922099 1.37117874038 0.0169351915455 -1.34184911856 -0.353240525822 1.22299729918 0.497339484601 -0.554729760686 0.285295286923 1.98636703561 0.208981503755 -1.48607654379 -0.527597307354 2.01963801910 -0.378034654119 -1.14260643626 -0.883835767498 0.530374917594 0.443423554035 1.45742654118 1.48016086506 0.0571815463381 0.826518174582 1.13738872919 0.616365098117 1.95044810838 -0.320398099430 0.186906011144 0.0807047792172 0.181503585341 0.203737520425 -0.187728172370 -0.255885337289 -1.22934067506 -1.67906078870 -0.719449943700 -2.67640894266 0.505865602703 -1.71724506302 0.0750220775703 -0.0963975539193 0.157707718882
# mat_params[1]:
 7.97619383581 10.2801454564
# mat_params[2]:
 8.29381692206 11.2813850469
# mat_params[3]:
 6.41320354616 9.10425372168
# log_m_devs:
 0.0539842424440 0.0612823763512 -0.115266618795
# log_slx_pars[1]:
 1.70223580604 -0.206881365341
# log_slx_pars[2]:
 1.79925268312 -0.253408236634
# log_ft_pars:
 -1.11062113482 -1.23763194447 -1.70675146909 -1.60068462784 -1.32286147531 -1.29132362038 -1.45847066281 -1.94977999390 -1.64275684119 -2.50157544871 -2.68768391234 -1.83662160030 -5.16392832927 -1.13931777922 -4.16159181300 -3.28330525158 -2.97289650276 -2.52146563140 -2.40259519203 -3.31147687576 -3.39479997441 -3.42120265617 -3.60521206445 -3.01241658736 -3.28875838963 -3.87973396335 -3.25598419416 -2.60810904111 -2.58392680564 -2.05977951149 -1.62416426823 -1.72113789053 -2.16960663721 -2.60141671239 -2.59819686715 -1.97108117423 -2.61455801992 -3.01295788324 -5.66584971003 -5.56006710631 -4.64184820320 -4.07317962948 -4.26938447509 -4.39906164405 -4.15113911815 -4.01454318717 -2.94592863121 -3.45387132283 -10.1456441312 -5.53599564924 -4.05580437318 -3.67318949299 -4.09345618112 -3.66891955732 -3.73553012790 -3.71428357744 -3.45040532380 -3.72108775722 -4.33428870444 -3.51450734338 -3.13402632870 -4.15329509116 -5.00168846736 -4.06444817380 -3.30495468124 -3.91159907688 -4.30643410549 -3.07505847402 -3.39286500134 -4.14725521441 -3.85716020325 -4.56484272874 -3.60328243932 -3.71656324787 -4.37591047199 -3.90290807615 -3.73448865026 -3.61219669138 -3.18903964292 -2.37411910015 -2.34349425905 -2.11825374238 -1.96654115340 -2.05187152265 -2.84627876587 -1.41226011598 -1.98824398145 -1.80739106192 -1.72472806417 -3.43411227265
