# Number of parameters = 211 Objective function value = -3732.09840740231  Maximum gradient component = 0.00158080506582482
# theta[1]:
-0.256939365490
# theta[2]:
7.11664350913
# theta[3]:
7.25935745360
# theta[4]:
7.65089448853
# theta[5]:
0.928049078063
# theta[6]:
4.00000000000
# log_rinit_devs:
 0.242708244797 0.145036621080 0.110390476319 -0.0845584316976 -0.413576910497
# log_rbar_devs:
 0.504868554197 0.337240887533 0.166219482853 0.274983466372 0.183358869337 0.539297025807 0.232127032548 0.242443724300 0.322089727888 0.489072675520 0.494332510906 0.451021901601 0.424390625330 0.509823759080 0.642919239065 0.704087705291 0.941726399014 0.739867081987 0.926529705830 0.698768432360 0.693059194960 0.762266676892 0.683446707273 0.457437180112 0.550121107226 0.595047448185 0.493848477502 0.866850840616 0.413700497117 0.182618464584 -0.0587802557688 0.0488904174176 0.0843370824755 -0.337720814222 -0.544709362306 -0.735078985531 -1.00130707417 -1.05218198585 -1.09320398286 -1.19137600636 -1.18961541717 -1.28261183282 -1.28997802013 -1.32202692870 -1.22818309967 -1.76203573254 -1.92318648103 -2.15278507213 -1.66057368293 -0.249232031055 1.24236273393 -0.0326670013370 -1.47790521171 -0.460327835203 1.15518676277 0.417018006764 -0.640909044682 0.211798526357 1.94761176283 0.100852250581 -1.66711278644 -0.569996064134 2.10002288361 -0.411206606347 -1.15209165197 -0.875770154877 0.598762147120 0.469468339124 1.51552480702 1.54797697586 0.0866044946488 0.875714996303 1.22386446098 0.698906561618 2.11476436065 -0.159031502512 0.445218715144 0.327587634154 0.371290377250 0.283236443274 -0.126957102168 -0.193277437723 -1.07245414952 -1.49373512885 -0.518116677295 -2.47237580793 0.713076708609 -1.53716331200 0.355648549062 0.259581512291 0.216811328812
# mat_params[1]:
 7.54055887094 10.4448327885
# mat_params[2]:
 7.74807510516 10.7969364794
# mat_params[3]:
 6.54165198345 9.46487257857
# mat_params[4]:
 5.04408390101 7.50521848935
# log_m_devs:
 -0.0920918230769 0.128458688578 0.186701842416 -0.223068707917
# log_slx_pars[1]:
 1.19500702533 -0.110053486314
# log_slx_pars[2]:
 1.44103564679 -0.450506108082
# log_slx_pars[3]:
 1.77141006080 -0.202448098116
# log_slx_pars[4]:
 1.58560882083 -0.357043757795
# log_ft_pars:
 -1.19081720050 -1.28443777930 -1.70199784858 -1.60377508811 -1.34340692576 -1.34741183398 -1.47533881737 -1.93815675495 -1.64584204576 -2.56123446811 -2.78431671422 -0.713918684452 -5.03602347589 -0.542256978998 -3.88452148349 -3.09525847827 -2.42140073995 -1.95599549928 -1.81157732896 -2.73313056099 -2.83661935586 -2.88046147219 -3.10122554516 -2.53443091016 -2.82398016326 -3.45298319542 -2.87205105804 -2.20955723562 -2.20176921447 -1.63737146299 -1.10875609161 -1.11374708969 -1.49676222066 -1.90234497251 -1.84494097310 -1.12241270102 -1.71219419953 -2.12590009579 -4.84776330400 -4.83296129047 -3.99071305264 -3.49021725071 -3.75699673974 -3.92821621290 -3.69209150802 -3.58843575346 -2.49009389549 -2.97187942860 -8.81337209188 -3.91178897825 -2.04895176425 -1.75309020916 -2.33386832135 -2.04816410968 -1.97902522073 -1.91469598022 -1.69801967366 -2.05539795954 -2.54283185490 -1.71957298149 -1.43509654858 -2.62041438885 -3.36833284217 -2.41118235292 -1.74866641157 -2.53072884201 -2.94283631854 -1.58122167642 -1.68116497575 -2.42093777985 -2.22941650686 -3.04813552312 -2.11663139535 -2.22748086066 -2.79327035290 -2.39523399811 -2.33053535847 -2.33664811002 -1.96399506033 -2.01223687508 -2.12469183232 -1.94328259206 -1.79179090030 -1.86616921943 -2.67111177182 -1.29281878788 -1.89378131484 -1.81279063404 -1.75255795580 -3.43450994724
