# Number of parameters = 202 Objective function value = -3542.78765863459  Maximum gradient component = 0.000104550701643874
# theta[1]:
-0.110523268247
# theta[2]:
8.64679189081
# theta[3]:
7.74414299777
# theta[4]:
8.12358382871
# theta[5]:
0.399437068808
# theta[6]:
4.00000000000
# log_rinit_devs:
 -0.120038650382 -0.0850106724105 0.0639142952372 0.0397291120517 0.101405915504
# log_rbar_devs:
 1.16846501361 0.966662149899 0.730488561560 0.786505367206 0.640630913522 1.04605050035 0.636882060679 0.578073652199 0.572818619831 0.676366726540 0.613233188120 0.597498457492 0.720339338166 0.812081925658 1.04182312529 0.889758403577 0.974790199414 0.752087742079 1.00517829365 0.731230725729 0.722656011922 0.802531384078 0.703454061970 0.428966549297 0.537728250821 0.574924855173 0.427992896603 0.873108895190 0.301516289850 0.0386434493141 -0.197582635052 -0.0150540388367 0.0410152741097 -0.471636114432 -0.711390569030 -0.907000785502 -1.20538756422 -1.28783293548 -1.38408563545 -1.54997087114 -1.59735441465 -1.73166825074 -1.75787634926 -1.80008861335 -1.67336823645 -2.23947702906 -2.37300514689 -2.58756059605 -2.08571488570 -0.616453070117 0.921876845274 -0.420245411308 -1.79345061266 -0.787432049524 0.779359255088 0.0713876500962 -0.967208849809 -0.113457246682 1.53079570832 -0.208794305086 -1.86642194227 -0.882449149125 1.64931584537 -0.711494647896 -1.44641347383 -1.15549960688 0.271270017423 0.170087062821 1.18982604336 1.21623746197 -0.178821291439 0.605856867197 0.960357590256 0.509629997634 1.78017488447 -0.223561273457 0.475646561890 0.608050747194 0.973560113931 1.26253472674 0.839873718736 0.783115643359 -0.139858247165 -0.626531400007 0.251345247927 -1.80190218976 1.23486369631 -1.12396986862 0.543542804256 0.239175121093 0.378632813311
# mat_params[1]:
 7.33334369915 10.0869392231
# mat_params[2]:
 6.95183935767 9.98120028329
# mat_params[3]:
 6.26857674579 9.29378726297
# log_m_devs:
 0.00000000000
# log_slx_pars[1]:
 1.27275029526 -0.0642135011581
# log_slx_pars[2]:
 1.60257324132 -0.317158943156
# log_ft_pars:
 -2.17210745787 -2.26312159521 -2.63632777818 -2.47168718959 -2.16360323216 -2.16101570441 -2.24754063998 -2.63233222680 -2.25103960698 -3.06599813470 -3.18632986614 -5.98518854931 -5.59123622751 -6.23696178571 -4.61647553673 -3.66564798022 -2.49825171521 -2.05642226473 -1.93271374728 -2.85090723214 -2.96023041448 -2.99935674839 -3.20259041218 -2.63813695654 -2.92467810510 -3.52419823755 -2.91809574308 -2.24270296273 -2.22042709814 -1.69099659651 -1.19981671010 -1.18939808156 -1.53401326031 -1.92466888775 -1.88691941165 -1.17614304866 -1.73972041878 -2.10968062596 -4.76947534647 -4.68854500434 -3.78368635168 -3.22128134806 -3.41519138780 -3.55173498229 -3.31265199457 -3.19172986222 -2.10915529733 -2.60617291017 -9.28859479478 -4.57919841053 -2.95470295616 -2.71830939994 -3.23465556081 -2.79356521772 -2.73237356111 -2.76946540442 -2.57094981815 -2.83122073574 -3.31437596328 -2.58021642842 -2.26510275201 -3.29326520879 -4.03409269316 -3.21146803775 -2.53685500458 -3.14939261936 -3.51971933367 -2.30432989272 -2.56594886685 -3.34216563161 -3.13928422521 -3.87520436275 -2.90230727238 -3.06749636937 -3.67994008727 -3.30185380591 -3.22168967985 -3.19423920795 -2.98344729038 -2.86658491833 -2.96639704329 -2.75093925061 -2.55712484272 -2.58156228415 -3.31143153910 -1.88877938385 -2.57526219514 -2.40082764636 -2.20079217981 -3.70287337679
