# Number of parameters = 207 Objective function value = -3669.31665266086  Maximum gradient component = 0.00460995651256094
# theta[1]:
0.206173568907
# theta[2]:
10.4517525555
# theta[3]:
9.82946327469
# theta[4]:
10.2641882464
# theta[5]:
0.782321209326
# theta[6]:
4.00000000000
# log_rinit_devs:
 -0.204037124279 -0.144579162459 0.0495886249795 0.0351224142065 0.263905247552
# log_rbar_devs:
 0.833485660573 0.648515398365 0.411786591872 0.474833270300 0.330694003655 0.771268413764 0.386673100647 0.335624365436 0.382168132810 0.501099874207 0.422929756574 0.360549214282 0.436118529589 0.483091948671 0.674266921145 0.468908042424 0.472228060448 0.294256925507 0.583188464895 0.324859656485 0.320761093997 0.407581904020 0.319408479745 0.0411670201432 0.149776759659 0.191443280518 0.0662531024800 0.518300663052 0.0182751653222 -0.148308164293 -0.253268212047 0.0749747240082 0.246615487487 -0.155053403756 -0.253071227431 -0.307942473926 -0.511761925012 -0.532599563784 -0.581192548970 -0.722196771192 -0.719104377494 -0.831444097305 -0.825758981757 -0.795272957039 -0.629156225862 -1.24252269909 -1.47744278964 -1.90180972305 -1.73192058671 -0.321766034348 1.28263133488 0.0141933397808 -1.37143387976 -0.371318414032 1.20174187183 0.482166551683 -0.567758588080 0.271318383878 2.00608408386 0.202163346174 -1.57302863320 -0.534228310455 2.03901902719 -0.386878699262 -1.16295293647 -0.920352598501 0.497830861162 0.407448260649 1.40793833508 1.42824879080 -0.0148591332823 0.739157597767 1.03203802354 0.459512556613 1.66662420561 -0.622575334326 -0.128565457229 -0.138982925644 0.125288559881 0.376239923706 0.00856142955788 -0.0441109653878 -1.05194842446 -1.46942780812 -0.474255945437 -2.43139520368 0.868886058046 -1.54617335407 0.174145275052 -0.161274322034 0.270771867325
# mat_params[1]:
 8.20770328072 10.2443493569
# mat_params[2]:
 8.86574148490 11.2301369407
# mat_params[3]:
 9.95903482536 13.4738974682
# mat_params[4]:
 7.18675580863 9.69613224213
# log_m_devs:
 0.0849884234947 0.0221545290878 -0.105462074848 -0.00168087773501
# log_slx_pars[1]:
 1.80198251903 -0.210346113868
# log_slx_pars[2]:
 1.89847210205 -0.306877481108
# log_ft_pars:
 -1.48511757216 -1.59110695156 -2.01711217681 -1.87803233582 -1.57544889106 -1.53494432847 -1.65767966638 -2.09278557293 -1.74184563588 -2.54877415985 -2.66623338105 -2.57668250387 -5.01593425211 -1.00412283107 -3.88561015666 -2.93405558387 -2.56791434610 -2.14979830706 -2.07905153204 -3.02208057907 -3.13235600476 -3.19020987602 -3.39832755364 -2.81691587070 -3.11802673503 -3.73289918931 -3.11954838260 -2.49022233888 -2.47151152318 -1.95359571619 -1.54972181995 -1.71258101876 -2.22894412373 -2.69759985899 -2.73608080338 -2.16990375419 -2.88084399529 -3.33941660543 -6.05127063752 -5.99520670259 -5.13124352490 -4.61403003261 -4.86657486733 -5.04814697065 -4.84704405760 -4.73813302732 -3.68347401541 -4.16287905751 -10.7247559300 -5.94828540638 -4.30438807424 -3.94610269007 -4.44707450551 -4.14508740767 -4.17967382668 -4.11727056304 -3.87388468642 -4.20703194026 -4.76751810544 -3.93094737671 -3.61060496969 -4.73562441061 -5.50192976407 -4.49478857599 -3.76972127458 -4.50397325207 -4.90029341541 -3.56128920521 -3.74876913996 -4.48206210044 -4.22652397178 -4.98881225255 -4.03246803428 -4.11998301310 -4.64023936345 -4.14281859026 -3.97794638888 -3.91336012433 -3.51752570676 -2.58827707121 -2.41303663732 -2.15103888666 -2.01170469850 -2.12607829739 -2.93970528623 -1.51732877626 -2.14720684243 -1.84721901832 -1.66343458349 -3.27714872570
