# Number of parameters = 200 Objective function value = -3521.38396226303  Maximum gradient component = 0.000395442880070053
# theta[1]:
0.0911955864648
# theta[2]:
10.1408766576
# theta[3]:
9.12028357949
# theta[4]:
9.46472292983
# theta[5]:
0.531411854473
# theta[6]:
4.00000000000
# log_rinit_devs:
 -0.213546647982 -0.120938044937 0.0691063513315 0.0913758622970 0.174002479290
# log_rbar_devs:
 1.08399971011 0.900216702156 0.674353987983 0.671597352540 0.517361576444 0.828038703559 0.468107623407 0.391055115290 0.369601544367 0.440675339158 0.369643983231 0.326547547918 0.388359155203 0.439346305516 0.613543265171 0.491100617338 0.571922973363 0.397370785264 0.604713460046 0.381887387403 0.361420718066 0.410113622645 0.316190422960 0.0762524005817 0.143449165415 0.150475026388 0.0155785102388 0.339751175049 -0.117706089119 -0.318555311172 -0.472852464406 -0.284152472250 -0.207784209379 -0.590210375042 -0.734891995132 -0.839068877100 -1.04526408686 -1.09898432821 -1.17186242452 -1.30837675431 -1.33764340184 -1.44352133386 -1.46008784066 -1.49090410460 -1.39446283369 -1.85126827960 -1.92688524655 -2.09669254002 -1.59225349510 -0.163234087998 1.46569734027 0.116220254986 -1.28268727083 -0.282583226117 1.31430143828 0.583474790626 -0.453938923382 0.377819861676 2.08602647341 0.310948632478 -1.42770221762 -0.417679118693 2.13882690740 -0.282092375663 -1.03498416832 -0.787765024573 0.640446402550 0.550610869576 1.58487906952 1.61421844610 0.186753140334 0.948653199255 1.27140399692 0.765432292001 2.09582254016 -0.127664942146 0.439896864310 0.403389764917 0.619550307995 0.817124895665 0.390112714814 0.320258087959 -0.736732928429 -1.24693001481 -0.289247823904 -2.39655849630 0.853482378487 -1.53570359174 0.253199891875 0.0296811828442 0.328026752717
# mat_params[1]:
 8.40845197998 11.2772002120
# mat_params[2]:
 6.54036453216 8.88498098093
# log_m_devs:
 -0.0328860113888 0.0417219170355 -0.00883590564670
# log_slx_pars[1]:
 1.72656233885 -0.221341654499
# log_ft_pars:
 -2.05404747614 -2.10113045992 -2.50754403303 -2.34394425509 -2.02568808722 -1.89152187490 -1.97376882852 -2.38614834397 -2.00377097956 -2.75467371248 -2.83486124334 -5.81608664184 -5.16738422291 -5.24633547079 -4.03920625292 -3.08231945388 -2.73864534154 -2.30067670359 -2.19252611830 -3.12366378020 -3.22695272026 -3.26755502553 -3.46323079836 -2.88593896877 -3.17741831175 -3.77522220097 -3.14918557300 -2.45150137036 -2.40544147027 -1.86569190136 -1.42685839134 -1.51102876166 -1.92692399703 -2.34903885899 -2.35274704221 -1.73976315842 -2.42028552604 -2.85823063073 -5.55427744480 -5.48856198898 -4.60658571887 -4.07405039855 -4.30072792675 -4.45925520807 -4.23022231814 -4.11556844162 -3.07643010565 -3.63465103450 -10.3685979943 -5.69940868299 -4.20955741826 -3.80725248476 -4.21638608874 -3.78904058479 -3.86533252525 -3.83452254487 -3.56672918768 -3.84237132483 -4.47580445579 -3.64554782844 -3.25850832868 -4.27822537041 -5.15273361681 -4.20666508361 -3.44468481045 -4.05086802351 -4.44218676674 -3.20801355926 -3.55211808442 -4.31405738667 -4.01746778316 -4.72398338983 -3.76525178176 -3.87546488645 -4.55449482122 -4.07641183671 -3.91636484485 -3.81899205649 -3.45326657645 -3.16444001921 -3.11691099080 -2.81773692492 -2.55607709514 -2.51479097958 -3.22127714307 -1.74278457477 -2.67231317242 -2.51461395433 -2.39909474214 -3.97875455214
