# Number of parameters = 205 Objective function value = -3644.78812942447  Maximum gradient component = 0.000433161418243961
# theta[1]:
-0.521015115258
# theta[2]:
6.74928625145
# theta[3]:
6.10765785163
# theta[4]:
6.63472866099
# theta[5]:
0.644134793120
# theta[6]:
4.00000000000
# log_rinit_devs:
 0.294802376820 0.175155762490 0.130131846513 -0.0477680713741 -0.552321914449
# log_rbar_devs:
 1.29135351265 1.08948581558 0.903894372186 0.964543773046 0.823962593579 1.07989970504 0.676209579287 0.592713231161 0.533665201221 0.606097310177 0.574999450888 0.494028886004 0.544078726656 0.575503305716 0.731079015752 0.768217897595 0.961885275953 0.772514525822 0.899593553298 0.649859185450 0.655360564323 0.736438103440 0.688044987728 0.496071144134 0.592045369012 0.667185865057 0.619240604179 1.01392309517 0.626327989242 0.457727425891 0.205009947179 0.198098589739 0.136613432850 -0.302553762948 -0.510811950397 -0.825972277819 -1.29638331945 -1.48862806027 -1.57406913999 -1.62204728623 -1.58521245899 -1.64774130547 -1.63836931611 -1.64989074948 -1.51465601257 -2.00887571768 -2.23195548610 -2.57646677792 -2.13838455306 -0.654889705752 0.759617061443 -0.495025032402 -1.93658426600 -0.910353982042 0.672701581811 -0.0615541391034 -1.10588698644 -0.229303281207 1.44216407875 -0.403626473936 -2.17132969305 -1.00963570943 1.64504159265 -0.793764328062 -1.49507665586 -1.16817196902 0.323107756291 0.177313845945 1.22188403035 1.25417464861 -0.168011776885 0.618266452136 1.00902296215 0.543325171322 1.84498996664 -0.178957279454 0.551016260314 0.707331726280 1.08549849821 1.37439508951 0.939421683088 0.876326862228 -0.0201395162753 -0.496307249168 0.332016251575 -1.93496479243 0.941447342987 -1.61375293525 0.0518858560641 0.0489048350520 0.413828357833
# mat_params[1]:
 6.69809603561 9.98608378208
# mat_params[2]:
 4.86449456986 7.40814204811
# mat_params[3]:
 3.01486860148 3.05243008681
# log_m_devs:
 -0.0935807288455 0.0842763317482 0.0489934561312 -0.0396890590339
# log_slx_pars[1]:
 1.15563124376 -0.788234624375
# log_slx_pars[2]:
 1.61557458825 -0.163566173824
# log_ft_pars:
 -1.16752608850 -1.23170249087 -1.63373935017 -1.49824096147 -1.19767163894 -1.07631487054 -1.13098142315 -1.49696433090 -1.07968597920 -1.86455151097 -2.03627905786 -0.974353502488 -4.32162246593 -0.771848392983 -3.15440918046 -2.34042112877 -2.09506037237 -1.61781487053 -1.44464066243 -2.34850044940 -2.45463836859 -2.52831611975 -2.77664690316 -2.21564542467 -2.52550166200 -3.20483323176 -2.65884017447 -2.04335812244 -2.03930038172 -1.44919765995 -0.895734201701 -0.860539924253 -1.19197473757 -1.53197989176 -1.42163227987 -0.599544716928 -1.01631864750 -1.31607413749 -4.02763029133 -4.06350017413 -3.26390396234 -2.79246743047 -3.09044262629 -3.29047100773 -3.08449518054 -2.98423476841 -1.84503329272 -2.29219708525 -8.33643611840 -3.50007760402 -1.56625275212 -1.30959303001 -1.88535619552 -1.54304728634 -1.44564730469 -1.44610856634 -1.21547794211 -1.53250943344 -2.01484410802 -1.24369021789 -0.902633933937 -2.04134564539 -2.84247118333 -2.01854864664 -1.36372256298 -2.10097490833 -2.58214908847 -1.32377287659 -1.41276846500 -2.15696005150 -2.00143339988 -2.82826024020 -1.91317010865 -2.08217259373 -2.63244947048 -2.27873811927 -2.24150069091 -2.29607000539 -2.11029358050 -1.94998456868 -2.01342456255 -1.81128670259 -1.64948245879 -1.70956671616 -2.49855852252 -1.09617854991 -1.49378411034 -1.17636657944 -0.827489163261 -2.33026655845
