# Number of parameters = 94 Objective function value = -353.960112869262  Maximum gradient component = 8.21698050250962e-005
# theta[1]:
-0.868187617066
# theta[2]:
3.36562814753
# theta[3]:
5.31931686598
# theta[4]:
5.50531295477
# theta[5]:
1.12205846750
# theta[6]:
4.00000000000
# log_rinit_devs:
 2.94991091911 1.77462884857 0.0951821116358 -2.26131007596 -2.55841180336
# log_rbar_devs:
 -0.276455423707 -1.60314762907 -0.622560384770 0.930025583510 0.152633724814 -1.06623084449 -0.102809894941 1.73391042505 -0.266034890734 -1.93044640527 -0.975709801934 1.82167123263 -0.635582941596 -1.47252549183 -1.10441054080 0.345867626382 0.110188528344 0.938983864451 0.806814159996 -0.754987911778 0.154744307212 0.482029594726 0.0735509214349 1.27513097342 -0.546384423587 0.0631553297199 0.267075683149 0.608687079765 0.810297494030 0.518652338999 0.476855322258 -0.377818834418 -0.749381667080 0.207005213163 -1.61420339419 1.49880458033 -0.861411935156 0.818181492544 0.651046300375 0.214790639030
# mat_params[1]:
 3.50000000000 5.25000000000
# log_m_devs:
 0.217504672334 -0.281585331402 0.0640806590685
# log_slx_pars[1]:
 1.43882679281 -0.281836772242
# log_ft_pars:
 -1.49297123872 -1.95441613581 -1.52204717638 -1.47730031147 -1.53599919208 -1.24968662443 -1.44310684496 -2.01176908669 -1.33162828430 -0.922359026208 -1.87799694707 -2.75522193735 -2.03980819498 -1.31068570499 -1.89891489726 -2.36014747936 -1.13761763113 -1.11118112921 -1.71764980084 -1.42487366088 -2.29321425083 -1.43991138605 -1.68405226208 -2.24082370926 -1.95473652879 -1.94023022081 -2.03273748491 -1.89876093769 -1.73890732375 -1.79346350236 -1.57845680802 -1.42885349288 -1.52271726820 -2.41509596329 -1.11107180605 -1.74066671317 -1.52993254095 -1.22700354421 -2.77693656190
