# Number of parameters = 205 Objective function value = -3696.07419678263  Maximum gradient component = 0.00149877976001835
# theta[1]:
-0.377136531719
# theta[2]:
7.76500514376
# theta[3]:
6.76822139770
# theta[4]:
7.20726876705
# theta[5]:
0.625241343544
# theta[6]:
4.00000000000
# log_rinit_devs:
 0.0565386508274 0.0390008444468 0.0826452323711 -0.0118602136854 -0.166324513960
# log_rbar_devs:
 1.36478358099 1.17740647015 0.983659090527 1.00542985536 0.846207059201 1.10574846868 0.722432740553 0.629537982308 0.576801189896 0.637225062520 0.578132352122 0.554099767958 0.667752888974 0.773905759777 0.976453451896 0.882267516524 0.930545957769 0.745561060460 0.902695885043 0.675348917720 0.670109499918 0.736768783407 0.667407007428 0.458260003100 0.541950508965 0.589853463240 0.506966806064 0.865994488458 0.449825887920 0.242576915031 -0.00827048704445 0.0333584736402 0.0166306989492 -0.407120759366 -0.624961014772 -0.872714362553 -1.21369603203 -1.31584443002 -1.37449323996 -1.45816398153 -1.45328238396 -1.54046784698 -1.55114879811 -1.58357901290 -1.49223018208 -2.02710601482 -2.24888372910 -2.55234896483 -2.08573590344 -0.640214467267 0.804434380048 -0.448240026446 -1.90147167436 -0.873067530186 0.734408375710 -0.00237695931312 -1.05272465450 -0.179486398904 1.52650718429 -0.322061448790 -2.08922184915 -0.945704025934 1.72506941224 -0.760979486544 -1.47695083114 -1.17139514718 0.317918792475 0.173473824563 1.22536310032 1.25744624829 -0.196914114850 0.587323935690 0.954507644809 0.444596827570 1.76932066409 -0.387885249208 0.295188457894 0.354030682864 0.623727564923 0.772128229849 0.356022207041 0.318560732103 -0.481704131708 -0.848461750190 0.145925240479 -1.78271357668 1.36961522584 -0.886541901279 0.922556709955 0.685419477829 0.378919853720
# mat_params[1]:
 7.27021199907 10.1430139331
# mat_params[2]:
 7.32347347372 10.5725732092
# mat_params[3]:
 5.54898846441 8.26948665215
# mat_params[4]:
 5.69012867878 8.97224977427
# log_m_devs:
 0.122880215845 -0.122880215845
# log_slx_pars[1]:
 1.29186612583 -0.471600676270
# log_slx_pars[2]:
 1.67064190292 -0.220011874102
# log_ft_pars:
 -1.46279106183 -1.54101641602 -1.93914104665 -1.77447106741 -1.45420513473 -1.33507210600 -1.40304702662 -1.76821063813 -1.34477114088 -2.11368264441 -2.24101603835 -1.86772000935 -4.61525576382 -2.39582628861 -3.63815883764 -2.73824937987 -2.39490257633 -1.92438747512 -1.77505152098 -2.68699678059 -2.78496070816 -2.83910793004 -3.06537879305 -2.49305288893 -2.78796684949 -3.43462802268 -2.86006529358 -2.21582509404 -2.19471483254 -1.60430962765 -1.06295014362 -1.05847806014 -1.42084700978 -1.78264913594 -1.68634078893 -0.920618490503 -1.44753364236 -1.82395106036 -4.54188778741 -4.53781433560 -3.70459389649 -3.20809950495 -3.48211457242 -3.65556201815 -3.41846893340 -3.29454169065 -2.15750448486 -2.60222371032 -8.56679898245 -3.68784089832 -1.78687448517 -1.54173769079 -2.13401036158 -1.79780118320 -1.69136844929 -1.68137327023 -1.48410805340 -1.81183287687 -2.27863894628 -1.50617962218 -1.21887047606 -2.36413405555 -3.11228768415 -2.25090049258 -1.62144323435 -2.35949138639 -2.77391243986 -1.47370077346 -1.58802916570 -2.33677670723 -2.17467449836 -2.98780971450 -2.04544268786 -2.17766853286 -2.71698170684 -2.33878279649 -2.28128497338 -2.28640203222 -1.99838074850 -1.71595561966 -1.83540489437 -1.69703554200 -1.59734849153 -1.72641420850 -2.59851164806 -1.26598923899 -1.89666360465 -1.78290072624 -1.70849606940 -3.40553879202
