# Number of parameters = 208 Objective function value = -3681.47571284997  Maximum gradient component = 0.000176112390288397
# theta[1]:
-0.367979869888
# theta[2]:
6.99521152939
# theta[3]:
6.59713532999
# theta[4]:
7.16145901989
# theta[5]:
0.526038703303
# theta[6]:
4.00000000000
# log_rinit_devs:
 0.267231508103 0.163007355140 0.109653195054 -0.0776393898011 -0.462252668495
# log_rbar_devs:
 1.01384644046 0.831005091840 0.664263486148 0.731599959839 0.602438556969 0.876503225614 0.525643054771 0.483724221517 0.489025506053 0.617110657178 0.600079494210 0.518612783164 0.557166685889 0.589285192242 0.744330295467 0.737699727231 0.859788425283 0.680492207385 0.825472694736 0.598640353883 0.595369362865 0.663178381716 0.599902167830 0.399058452202 0.482176940767 0.534749657070 0.461291283782 0.817939319119 0.418293624832 0.222905780384 -0.0314946593705 -0.0174643362190 -0.0555678168944 -0.479804447754 -0.697874168232 -0.973749376676 -1.35599240286 -1.48522936941 -1.54900794550 -1.61793448317 -1.60200276917 -1.67774774921 -1.68047882788 -1.70620012452 -1.60134702300 -2.10043928499 -2.29535141011 -2.58081910167 -2.10357041442 -0.658258581237 0.779306549725 -0.479376410425 -1.92897647097 -0.901541998167 0.697907052223 -0.0309081920902 -1.07360511935 -0.209216848167 1.48053394158 -0.351278921012 -2.11264492655 -0.957075987618 1.70530445219 -0.756073052624 -1.46352127300 -1.15145840109 0.338149739178 0.206187512276 1.26224927781 1.29496502754 -0.139704253133 0.648249032471 1.03018592526 0.550969240201 1.85468762858 -0.225474103286 0.483977070401 0.612696285360 0.991059200026 1.33554004104 0.899842344874 0.847847045191 -0.0490475310137 -0.486195166271 0.504002531928 -1.54057158939 1.70560612386 -0.656032048453 1.21515318252 1.03869760524 0.558326744986
# mat_params[1]:
 7.09186137349 10.0534274390
# mat_params[2]:
 7.13374875221 10.4956054288
# mat_params[3]:
 5.51519110955 8.35418303999
# mat_params[4]:
 5.37092738483 7.79020538508
# log_m_devs:
 -0.0851757375080 0.0356669181957 0.0495088193123
# log_slx_pars[1]:
 1.23299809055 -0.576676719664
# log_slx_pars[2]:
 1.71728559271 -0.128365709735
# log_slx_pars[3]:
 1.59904019709 -0.428199943219
# log_ft_pars:
 -1.11923584859 -1.19930542118 -1.61716573506 -1.49150207297 -1.20345252665 -1.10692642672 -1.20110176941 -1.61095341438 -1.24535096925 -2.09051758905 -2.29639370194 -0.757390068229 -4.55270193483 -0.751293021003 -3.41436586127 -2.59440457362 -2.32712571352 -1.85204770111 -1.69402930010 -2.60685920737 -2.70775822517 -2.76745820317 -2.99977534924 -2.43018993765 -2.72937887498 -3.38470862466 -2.81566881269 -2.17120006029 -2.15195766166 -1.55658668483 -1.00653810499 -0.987958999497 -1.33508527982 -1.68749606063 -1.58415096315 -0.794929617055 -1.28677893805 -1.64175633100 -4.36152831173 -4.37251391013 -3.55188445532 -3.06570397924 -3.34939067109 -3.53311780740 -3.30727314174 -3.19494559644 -2.06732376933 -2.53229334314 -8.38299178874 -3.50729884909 -1.56088580515 -1.28204743952 -1.87859972204 -1.59128793375 -1.50371420436 -1.46134005220 -1.23254782301 -1.59085221553 -2.07056628639 -1.26066488708 -0.949937944341 -2.14943708626 -2.94026273115 -2.04470850854 -1.39204680403 -2.18522218928 -2.66674125296 -1.36335355500 -1.43021928123 -2.16574792024 -2.00284196225 -2.84870371332 -1.94266240022 -2.09396502856 -2.62842059416 -2.24918956397 -2.20627856193 -2.26851812471 -2.05234426454 -2.05613092781 -2.15496281319 -1.98458884283 -1.83218936952 -1.89938000620 -2.66810766706 -1.28610202100 -1.89586989336 -1.83130362540 -1.77476423127 -3.39195271761
