# Number of parameters = 206 Objective function value = -3613.94150342131  Maximum gradient component = 2.26218043153630e-005
# theta[1]:
-0.117424685784
# theta[2]:
7.53533283783
# theta[3]:
8.42045185478
# theta[4]:
8.73635330905
# theta[5]:
0.856891394552
# theta[6]:
4.00000000000
# log_rinit_devs:
 0.191568561433 0.114709213559 0.122872289577 -0.0933782627162 -0.335771801853
# log_rbar_devs:
 -0.188732219464 -0.322200425154 -0.473879677955 -0.273912942402 -0.311750057854 0.238376687168 -0.0351700097719 0.0658583026082 0.230489914354 0.466428103224 0.448879824083 0.384153140807 0.374855815067 0.470216830606 0.710689882917 0.781625013433 1.11914207546 0.883305919792 1.14180450776 0.841092949427 0.820362572195 0.895397203808 0.787537124678 0.490715112272 0.600807841003 0.638262500428 0.491891072760 0.973086616673 0.400140357337 0.173503943044 -0.00890192961779 0.256555625954 0.367674239453 -0.126376203891 -0.311529189430 -0.451888302734 -0.729190081145 -0.805634772190 -0.907898921900 -1.09091595090 -1.13751009454 -1.28461189915 -1.31553500683 -1.36028704708 -1.22612391792 -1.81337486829 -1.93802964378 -2.15965927458 -1.65758888548 -0.181248911611 1.40831374930 0.0438241326747 -1.32735533322 -0.328058482531 1.26086737086 0.530656424091 -0.526287466789 0.320236343694 2.02638973527 0.240489256675 -1.45286307562 -0.484040405060 2.08612174973 -0.329955237411 -1.09088996906 -0.822976236327 0.601215959338 0.507875481073 1.53121656835 1.55606900517 0.127068753200 0.905711014297 1.22463887692 0.713978456755 2.07437797577 -0.178623700195 0.354768236647 0.242973053647 0.318160180690 0.288965009031 -0.113532505724 -0.185560107619 -1.12493252086 -1.57313046021 -0.617027254790 -2.57000592283 0.594246231572 -1.61821151392 0.185066465605 0.0307173956342 0.228599823537
# mat_params[1]:
 7.91895650681 10.6396446182
# mat_params[2]:
 7.85684384328 10.7856107146
# mat_params[3]:
 6.12037630735 8.81136504982
# log_m_devs:
 -0.113678087209 0.170638087219 -0.0569600000105
# log_slx_pars[1]:
 1.42480659738 0.110820020486
# log_slx_pars[2]:
 1.68066933284 -0.296028660961
# log_slx_pars[3]:
 1.76140659576 -0.253179400580
# log_ft_pars:
 -1.18367827783 -1.34518345628 -1.81322824565 -1.77003488576 -1.57742372612 -1.71127527723 -1.93962391157 -2.48705205328 -2.27510736667 -3.25122248780 -3.49008870750 -0.488073056171 -5.73139449092 -0.310403080380 -4.62283158960 -3.86685908484 -2.78483706808 -2.31211762417 -2.17840036345 -3.08435769457 -3.17168234135 -3.19562480829 -3.38075276118 -2.79918214587 -3.07856662998 -3.66870524947 -3.05229145266 -2.39700116339 -2.38228017314 -1.87091427698 -1.42415735482 -1.47782516519 -1.88854614342 -2.31710914387 -2.31564534079 -1.67071646110 -2.28894567513 -2.67884659821 -5.33013974692 -5.22946378528 -4.31390931196 -3.74634188865 -3.93824924733 -4.06921117884 -3.82347826799 -3.69670127511 -2.62795324301 -3.13164148853 -9.80620484604 -5.13432163113 -3.59473113098 -3.29737235964 -3.79335711782 -3.36977651019 -3.34247942942 -3.34121801505 -3.13033460215 -3.40136683350 -3.92867743865 -3.15350321564 -2.83697305150 -3.86986086443 -4.61867688834 -3.72548305567 -3.03645616913 -3.66060394499 -3.99650608962 -2.73947460390 -3.02864401889 -3.79800492004 -3.56184027296 -4.29018426542 -3.30684927871 -3.42775569490 -4.06259223306 -3.64042798664 -3.51923003485 -3.40884390160 -2.97688752660 -2.29511746374 -2.30566464540 -2.09280544913 -1.93970024062 -2.02117181871 -2.81595843680 -1.38986225444 -1.96586731188 -1.79633669739 -1.71699341534 -3.42293247910
