# Number of parameters = 203 Objective function value = -3700.11205849532  Maximum gradient component = 0.000569669033519441
# theta[1]:
-0.292774898553
# theta[2]:
7.92154003484
# theta[3]:
6.77032427890
# theta[4]:
7.26101298314
# theta[5]:
0.522936867558
# theta[6]:
4.00000000000
# log_rinit_devs:
 0.00190612086599 0.0136121637053 0.0891163382048 0.0310888072382 -0.135723430014
# log_rbar_devs:
 1.42512443394 1.23392759487 1.03110352320 1.03644944051 0.868756139669 1.09851881088 0.707542460719 0.593518669964 0.508915143839 0.536505853761 0.455137967711 0.414155970157 0.484402853589 0.531836459354 0.704127808857 0.633393757927 0.715321659388 0.527418774558 0.665445066798 0.444260045473 0.447054634542 0.519230434209 0.462554087683 0.270769307764 0.359876291509 0.419133544241 0.353916545225 0.706655674253 0.317373403015 0.119411165251 -0.135838990608 -0.119154779069 -0.150261511154 -0.561745941704 -0.777813540375 -1.04108785919 -1.39576438741 -1.49913097391 -1.54275026505 -1.59936530419 -1.57135180010 -1.63422376361 -1.62375303820 -1.63428301189 -1.52444296613 -2.01409269665 -2.19450340231 -2.45040375610 -1.93642797478 -0.501370444175 0.954396740528 -0.305265982122 -1.76896795098 -0.738383105867 0.878706919373 0.135731088160 -0.918279920735 -0.0456105248204 1.67426813951 -0.185266193446 -1.96362475180 -0.810138775609 1.87877848293 -0.629807138827 -1.34632426639 -1.04333076568 0.452949972504 0.306441331905 1.36611515730 1.39965509368 -0.0676681160430 0.718523467170 1.08438970641 0.564086716002 1.89964040998 -0.295022479028 0.376039656051 0.412241252651 0.654478112476 0.771161528170 0.373785394797 0.357535617679 -0.410399654733 -0.739512849065 0.328142685934 -1.51353050503 1.81263559234 -0.621732027826 1.11011050674 0.751386487669 0.457593831796
# mat_params[1]:
 7.26782226257 10.4435728348
# mat_params[2]:
 5.66612217012 8.38788166236
# log_m_devs:
 0.00700921711848 0.0804816616080 -0.221217435228 0.133726556501
# log_slx_pars[1]:
 1.26913179680 -0.505330172571
# log_slx_pars[2]:
 1.68000767431 -0.239693217731
# log_ft_pars:
 -1.67069721851 -1.73414154255 -2.11870189951 -1.93959172604 -1.60986973434 -1.46991832468 -1.51883798569 -1.86343016096 -1.41646528082 -2.15098604716 -2.24437364546 -2.50649125839 -4.59431388607 -1.78524589280 -3.47576119686 -2.55767792837 -2.21118696321 -1.74011149199 -1.58241323761 -2.49610077095 -2.60213888923 -2.66668708483 -2.90490239285 -2.34006434098 -2.64667838782 -3.31006109417 -2.74856331809 -2.11006445092 -2.09583852158 -1.50506894492 -0.954480672858 -0.939104976964 -1.29387664132 -1.65472530281 -1.55927272022 -0.777295104218 -1.28619792763 -1.66266798222 -4.40107192737 -4.42465152970 -3.61741040424 -3.14539120208 -3.44556200538 -3.64252469759 -3.42645723963 -3.32580645727 -2.21856071033 -2.70203612582 -8.63466476120 -3.73063802479 -1.82366910741 -1.58175739559 -2.18013580878 -1.84370392977 -1.72737885028 -1.71259449923 -1.52255417770 -1.85044272020 -2.31112099081 -1.54029059229 -1.26454117781 -2.40914328789 -3.14656398011 -2.28375589619 -1.66612510082 -2.40483244959 -2.80177386182 -1.49181527102 -1.61305190543 -2.36541689451 -2.20576052596 -3.01785211262 -2.06922348712 -2.19352097675 -2.73122044671 -2.35089738127 -2.29154265775 -2.28602403672 -1.97157624966 -1.65762833373 -1.79226019916 -1.67440428430 -1.59701507426 -1.75309843701 -2.65485654985 -1.36049288730 -2.10071210440 -1.83051318953 -1.60886924538 -3.14410505890
