# Number of parameters = 205 Objective function value = -3631.45012023813  Maximum gradient component = 9.31270706133701e-005
# theta[1]:
-0.588639504818
# theta[2]:
6.43663675259
# theta[3]:
5.97914993388
# theta[4]:
6.56410674022
# theta[5]:
0.542951939194
# theta[6]:
4.00000000000
# log_rinit_devs:
 0.328964392720 0.173963452467 0.116091001386 -0.0383288820528 -0.580689964520
# log_rbar_devs:
 1.23108623858 1.03956614092 0.826099437158 0.881888320625 0.788693261865 0.985911112159 0.616652355363 0.465553663773 0.417840175160 0.324548434381 0.274930387467 0.260878663646 0.373295350009 0.567760637404 0.779874125870 0.806637519071 0.940646812861 0.816892143135 0.918714908266 0.652195377407 0.640595217904 0.690940494018 0.635566152223 0.485876613195 0.531918263890 0.562414409085 0.524772006134 0.852562331333 0.524571700381 0.417762548365 0.249069240819 0.188074819160 0.0475099803830 -0.375811199684 -0.546621683201 -0.718388730342 -1.24932679949 -1.50307289098 -1.70756842310 -1.75340725936 -1.72194274410 -1.77254196896 -1.78555744511 -1.81239606332 -1.70725564653 -2.12234638402 -2.27610308521 -2.63263867087 -2.16977156931 -0.677634377923 0.735962782953 -0.519518056461 -1.98770258207 -0.948138823295 0.655162971359 -0.0883616377285 -1.12993922152 -0.256414565458 1.42562203458 -0.444371196262 -2.25416832967 -1.03561805539 1.64924516692 -0.815375029876 -1.50369152094 -1.17350637658 0.335519760150 0.188837787988 1.25413293338 1.28801147772 -0.140245639953 0.642387952219 1.04746085286 0.580479185720 1.88429831145 -0.149005326020 0.580845287096 0.731225098853 1.09778571981 1.36848563308 0.927746600794 0.852699692591 -0.0362643860522 -0.483630267268 0.477945299776 -1.58122774017 1.59725831984 -0.845243963358 0.956663810929 0.753829737969 0.571902399548
# mat_params[1]:
 6.46928601157 9.70449386879
# mat_params[2]:
 6.38192313558 9.95533437459
# mat_params[3]:
 4.71712076477 7.18401810546
# mat_params[4]:
 4.58375143729 6.99066530670
# log_m_devs:
 -0.0663699546109 0.0663699546109
# log_slx_pars[1]:
 0.730197821285 -3.35328797809
# log_slx_pars[2]:
 1.64828670054 -0.123947920172
# log_ft_pars:
 -1.27045048310 -1.29420344989 -1.66015827484 -1.53450797628 -1.23022598391 -1.14686160410 -1.12019246247 -1.45465746976 -1.01437884250 -1.75911023851 -1.88164803758 -2.14633369526 -4.37431948184 -2.50040249695 -3.52408760644 -2.64994352843 -2.37045626205 -1.87917811262 -1.73930815267 -2.60783172539 -2.70740325582 -2.77955332109 -3.00257557382 -2.41879351112 -2.74080409252 -3.40928632786 -2.83686606625 -2.23870640773 -2.14946747923 -1.55179556612 -1.02124187369 -1.02945276961 -1.35670155368 -1.62719513248 -1.51437036158 -0.731947929875 -1.16753919485 -1.47508754840 -4.17090833872 -4.19000752193 -3.38938156400 -2.90856904172 -3.20800742795 -3.39750098740 -3.18159047563 -3.00618968245 -1.91038334176 -2.34993850946 -8.17377670110 -3.32229526048 -1.34141847150 -1.07973169082 -1.68159345045 -1.37254474200 -1.26314107854 -1.24509571958 -1.00943918682 -1.35044239395 -1.82793644722 -1.03933672118 -0.697807089225 -1.87609690135 -2.68457544187 -1.84768707831 -1.20390344163 -1.98416121770 -2.49255424295 -1.22242626591 -1.27033578374 -2.00693564056 -1.86576339277 -2.72287477623 -1.82667724990 -1.99998790511 -2.53277631350 -2.17984813536 -2.15353290733 -2.22947827627 -2.04430022480 -1.86048185409 -1.89925947661 -1.68999353147 -1.52911159513 -1.59856506722 -2.41116943579 -1.03537845039 -1.59554065861 -1.39747458041 -1.21610546262 -2.84132468875
