# Number of parameters = 203 Objective function value = -3606.71599106266  Maximum gradient component = 6.78626621689257e-005
# theta[1]:
-0.321030204229
# theta[2]:
7.77743827175
# theta[3]:
6.59937314658
# theta[4]:
7.05131650381
# theta[5]:
0.741147853803
# theta[6]:
4.00000000000
# log_rinit_devs:
 0.0508524524530 0.0542327185038 0.105281050106 -0.0182534161795 -0.192112804884
# log_rbar_devs:
 1.56931694769 1.38373703881 1.18339099895 1.18869638267 1.00806484007 1.28267766920 0.874837698382 0.771749303267 0.725821736888 0.802166024454 0.741575870624 0.720013805181 0.825208339872 0.912622096572 1.11964334710 1.01420330417 1.04915750780 0.843383253926 1.02218903681 0.798569463446 0.805574070093 0.888754880347 0.825733041131 0.618948929419 0.731458467922 0.798723916680 0.716103898273 1.10843877355 0.653405447351 0.409166162824 0.136017911980 0.202050635104 0.200262447302 -0.266123848243 -0.540690742576 -0.821595516689 -1.16640320439 -1.24889361350 -1.29112523737 -1.37402528541 -1.36497880835 -1.45118639428 -1.45406745052 -1.48080970836 -1.38681707004 -1.98000379616 -2.27637061834 -2.67175379678 -2.34739836888 -0.869375848373 0.562205211011 -0.659814387345 -2.07238341887 -1.06247545631 0.501193028027 -0.214259635109 -1.25258491866 -0.372372486486 1.27654882914 -0.511677498120 -2.24716238890 -1.16483654365 1.41434812248 -0.973546459129 -1.69241913223 -1.38193838977 0.0875007199284 -0.0496687683019 0.974059345419 0.999272072795 -0.411612987853 0.362235004967 0.733440182931 0.257472891884 1.54278885020 -0.470376507836 0.259799691026 0.412805877101 0.796424534892 1.10193687321 0.672388480166 0.613261360830 -0.317528846846 -0.793185457605 0.132637358765 -1.97219698172 1.16581482818 -1.31184079240 0.457078259703 0.254460773286 0.414164821606
# mat_params[1]:
 7.28944695482 10.0960846630
# mat_params[2]:
 7.30061210527 10.4905668545
# mat_params[3]:
 5.11648941870 7.74336664689
# mat_params[4]:
 4.62508765355 6.90179350757
# log_m_devs:
 0.0595434450725 -0.0595434450725
# log_slx_pars[1]:
 1.44162773440 -0.342891731324
# log_ft_pars:
 -1.19210622396 -1.26785353167 -1.68995383528 -1.53378977823 -1.20373267470 -1.05248418529 -1.11245924363 -1.48925401195 -1.05788387636 -1.81051114121 -1.94109300122 -1.48082156286 -4.31286600130 -1.39794254478 -3.26912286053 -2.39228224293 -2.06556908957 -1.59843104971 -1.43744543547 -2.34644499286 -2.46352561033 -2.52514554228 -2.76189804317 -2.21132849809 -2.52062987945 -3.17258354015 -2.61233903902 -1.96702227228 -1.96267680163 -1.40550428200 -0.866167971429 -0.823677223540 -1.15028130770 -1.51587034754 -1.43230132448 -0.636281632596 -1.10819589973 -1.46021739056 -4.17786554949 -4.18629920204 -3.36023467497 -2.86621137822 -3.13323070836 -3.31399773782 -3.09284634855 -2.97973306129 -1.83685662220 -2.25259372003 -8.85336740000 -4.10649688475 -2.36255696340 -2.09762605512 -2.51382889343 -2.02619694757 -2.05945957369 -2.15593270623 -1.88773702653 -2.11079864906 -2.69683370345 -1.99555792149 -1.55651281666 -2.52954554708 -3.42259549719 -2.69078545016 -1.91427908660 -2.46363668028 -2.93726199773 -1.79947216690 -2.03670781161 -2.81660236417 -2.59126646845 -3.28977511327 -2.34473666213 -2.52784444170 -3.13466540452 -2.77519178766 -2.65036358631 -2.62619031486 -2.47255107316 -2.38609853967 -2.48543190688 -2.24693737615 -2.04021245772 -2.03521144330 -2.78168205110 -1.39883691161 -2.11664439903 -1.99283206735 -1.72491613755 -3.25384419795
