# Number of parameters = 198 Objective function value = -3494.89037095001  Maximum gradient component = 0.000236275004078823
# theta[1]:
-0.146518176963
# theta[2]:
8.58344407405
# theta[3]:
8.04625072145
# theta[4]:
8.45928529918
# theta[5]:
0.388579158525
# theta[6]:
4.00000000000
# log_rinit_devs:
 -0.0788995902075 -0.0410074534462 0.0887160491879 0.0486579473525 -0.0174669528866
# log_rbar_devs:
 0.803495585011 0.645089585539 0.457162207425 0.509642342429 0.379314357675 0.714666677236 0.383531549863 0.352402973932 0.370653864590 0.494028902904 0.465245375250 0.465516739488 0.580327666290 0.701320705370 0.968839632389 0.954915616876 1.15195901412 0.939408380000 1.11966249567 0.862613534076 0.829018506627 0.870726098603 0.765294845380 0.512113081743 0.579390658144 0.589219144197 0.449610508639 0.799605703230 0.308494847987 0.0742703389718 -0.137962896231 -0.00245983837866 0.0278962549635 -0.418020726607 -0.632398322440 -0.812873673070 -1.08607156220 -1.18172264217 -1.28937566932 -1.45462042873 -1.51779048592 -1.65370177252 -1.69756411980 -1.75348899160 -1.67178779647 -2.19341845491 -2.33662599356 -2.56440702365 -2.08616836802 -0.616067095457 0.969558004594 -0.381135569537 -1.77601100021 -0.760239034013 0.829646561567 0.113796882615 -0.920315336804 -0.0691686503369 1.59023731087 -0.156159503252 -1.84840682773 -0.838305225745 1.70335343649 -0.684736950217 -1.41716001523 -1.13871559549 0.300113610313 0.198539666383 1.23251465826 1.25880556732 -0.154888757907 0.617625923177 0.968294787371 0.489817972477 1.76167191215 -0.319270100974 0.336212941533 0.405843422997 0.689288299507 0.867403862323 0.478672245745 0.442940831723 -0.355083183884 -0.726626212164 0.267037601851 -1.58551711213 1.63397249064 -0.554728028814 1.18964308523 0.913019286413 0.409545409323
# mat_params[1]:
 7.15210042333 10.1072289862
# log_m_devs:
 -0.0687216187300 0.107399980660 -0.0386783619298
# log_slx_pars[1]:
 1.59380496064 -0.259151519072
# log_ft_pars:
 -1.53753891774 -1.61133538306 -2.05982089698 -1.93786216834 -1.65544450107 -1.54712039372 -1.66656692786 -2.12254723938 -1.77514051089 -2.57714991305 -2.72006710575 -2.40817373763 -5.14230506874 -2.23740245128 -4.11979783621 -3.25880811086 -3.01300195876 -2.52555378477 -2.37313017296 -3.26632330852 -3.33885199591 -3.35203622716 -3.53207016165 -2.94285279247 -3.21501846528 -3.80446310940 -3.18321871933 -2.49634038444 -2.45099357705 -1.89812970744 -1.41757066624 -1.44887907358 -1.81776856159 -2.19750666694 -2.14245865491 -1.45157302621 -2.04664668881 -2.42745618078 -5.08322013664 -4.99208836115 -4.07988696846 -3.51369832326 -3.71114426823 -3.83823341716 -3.57731743636 -3.43802098512 -2.34818386207 -2.83832410172 -9.53210952463 -4.91583025448 -3.41357296905 -3.08324434188 -3.49357288967 -3.00751390218 -3.06538928443 -3.10160494333 -2.84643387405 -3.08669766812 -3.68883442981 -2.92323828123 -2.52577375670 -3.50067917982 -4.38644222393 -3.54667498298 -2.78797807144 -3.33567006416 -3.75215922435 -2.58870050748 -2.92663227739 -3.70168360958 -3.43201257574 -4.12008383240 -3.15879480784 -3.31156708629 -3.96701671513 -3.53560609954 -3.38969781768 -3.31216713411 -3.06062141254 -2.88082259704 -3.01924893149 -2.83259598620 -2.67387437294 -2.74643030661 -3.56634655883 -2.24378638298 -3.22192728012 -3.18347500910 -3.11675529519 -4.72853377443
