# Number of parameters = 94 Objective function value = -263.228619926318  Maximum gradient component = 7.78646368292144e-005
# theta[1]:
-0.701574772463
# theta[2]:
3.54105868716
# theta[3]:
5.49801660612
# theta[4]:
5.74443495387
# theta[5]:
0.968029769316
# theta[6]:
4.00000000000
# log_rinit_devs:
 2.87989109365 1.79403011839 0.0377284116593 -2.24557355566 -2.46607606804
# log_rbar_devs:
 -0.325291751978 -1.53684908071 -0.602176780949 0.876982417985 0.0969841342331 -1.19045180841 -0.164075255755 1.67819209489 -0.340797695287 -1.86055856355 -1.05716993512 1.78916962489 -0.639553428883 -1.52943271011 -1.09749340871 0.329886885388 0.0707165331082 0.809766248150 0.743767103277 -0.812440050904 0.162197549875 0.406228004186 0.0697759787678 1.25726678248 -0.519406245499 0.0488371545093 0.289551520400 0.630488195758 0.828692563008 0.597789100493 0.606796935491 -0.341458416847 -0.695911705476 0.233937563783 -1.54433970581 1.48156394026 -0.802242180970 0.865479782784 0.971319852148 0.214258759120
# mat_params[1]:
 3.25000000000 3.57500000000
# log_m_devs:
 0.162753824602 -0.267922880507 0.105169055904
# log_slx_pars[1]:
 1.48733275490 -0.291631614244
# log_ft_pars:
 -1.39853423211 -1.87978387807 -1.45110597659 -1.37762691602 -1.42840300601 -1.15841660780 -1.34223313090 -1.88446316293 -1.20736222668 -0.832469760058 -1.77348634612 -2.63200621789 -1.92887488775 -1.23778271061 -1.82209250291 -2.25231481851 -1.01450084540 -0.978679599024 -1.57405654887 -1.28669441663 -2.16559845900 -1.30426862937 -1.54047896892 -2.11353420017 -1.83721294569 -1.84262868014 -1.93097055122 -1.78697164198 -1.62952579132 -1.70325150734 -1.51593628913 -1.39329606694 -1.50935654681 -2.39270384623 -1.07476780731 -1.68470685812 -1.41409666792 -1.10312108980 -2.68472170530
