# Number of parameters = 199 Objective function value = -3484.84707715014  Maximum gradient component = 2.39548346546384e-005
# theta[1]:
-0.158979093738
# theta[2]:
8.46492615392
# theta[3]:
7.86338209789
# theta[4]:
8.28514855368
# theta[5]:
0.382796495619
# theta[6]:
4.00000000000
# log_rinit_devs:
 -0.0757126513163 -0.0366726024421 0.0916967862056 0.0498774406092 -0.0291889730564
# log_rbar_devs:
 0.871174283670 0.706602626785 0.513140182997 0.559515324603 0.421165794427 0.751643034356 0.408185474827 0.369062450935 0.379666705004 0.499804384695 0.466326273514 0.461499226136 0.569999766801 0.683611529079 0.945207833202 0.921822469520 1.10780474994 0.897370246329 1.08178303735 0.827877247039 0.798038899345 0.843392422437 0.739873537052 0.488701345521 0.558927076115 0.571733285688 0.433395299159 0.785396008120 0.291511627157 0.0508497398880 -0.171177673070 -0.0436433896620 -0.0163944631721 -0.465970049772 -0.686592806860 -0.873796029191 -1.14936034132 -1.23945696357 -1.33838205821 -1.49379046229 -1.54804002085 -1.67572847142 -1.71162116793 -1.76128894587 -1.67169657145 -2.18758936375 -2.32563111193 -2.54696003551 -2.06974088907 -0.597012863220 0.976895979052 -0.374308577440 -1.76156747268 -0.749249469088 0.830482995771 0.120657770311 -0.908296466340 -0.0590170464486 1.58139895281 -0.150157739360 -1.82481923724 -0.829118000016 1.69402549536 -0.672573423754 -1.40099205433 -1.11912092347 0.314778109368 0.215582924477 1.24677256320 1.27295419542 -0.124517895596 0.650709909394 1.01202254529 0.557754727985 1.82880678455 -0.181708376193 0.521279662928 0.648531872665 1.00952557467 1.29875980838 0.875165164554 0.819475599582 -0.0873399757442 -0.567500556430 0.311530227584 -1.74391753192 1.28387194325 -1.10046191527 0.535289078045 0.197240430521 0.419946142581
# mat_params[1]:
 7.05902039981 10.0382921448
# mat_params[2]:
 6.51024909968 9.64527212332
# log_m_devs:
 -0.0803598576839 0.0803598576839
# log_slx_pars[1]:
 1.57058891212 -0.269817747083
# log_ft_pars:
 -1.52259984168 -1.59361023901 -2.03769997007 -1.90970795781 -1.62045802009 -1.50459494204 -1.61653876209 -2.06401817462 -1.70685931435 -2.50241988777 -2.64280338860 -2.37199197585 -5.05889288707 -2.08890648851 -4.02253279720 -3.15806061990 -2.90437893758 -2.42355315308 -2.27463039553 -3.17383174668 -3.25259569029 -3.27054085508 -3.45574160256 -2.86982024581 -3.14402743390 -3.73703308927 -3.11884051611 -2.43010752287 -2.38573929376 -1.82836288429 -1.33557056120 -1.35408570818 -1.71611393817 -2.09498040749 -2.03724684885 -1.33469981750 -1.92325630133 -2.30573599692 -4.97095028864 -4.89134856215 -3.98901297782 -3.43151553628 -3.63773728669 -3.77296943848 -3.52007310628 -3.38885987522 -2.30220301254 -2.79754914778 -9.49725414187 -4.87806005546 -3.36116745901 -3.04469174830 -3.45757127092 -2.96810313512 -3.01658838488 -3.06066933351 -2.80675777609 -3.04397992815 -3.63164879793 -2.87540945765 -2.47670317131 -3.45109534629 -4.32618970957 -3.49972920434 -2.74010158919 -3.28679875069 -3.71183454329 -2.55726082734 -2.88778053962 -3.66522671111 -3.40305530467 -4.09334785274 -3.13887653322 -3.30695447819 -3.96997306390 -3.55778895881 -3.43039565083 -3.38859818936 -3.20704575471 -3.11630052954 -3.20501605886 -2.96413879467 -2.74720268747 -2.74730447645 -3.48222147879 -2.07002922381 -2.86652952794 -2.67812384100 -2.43945874787 -3.91115577511
