# Number of parameters = 201 Objective function value = -3549.65402126705  Maximum gradient component = 8.18333362836175e-005
# theta[1]:
-0.182439429512
# theta[2]:
8.10887693266
# theta[3]:
7.39016004033
# theta[4]:
7.81681773009
# theta[5]:
0.381390040810
# theta[6]:
4.00000000000
# log_rinit_devs:
 -0.0314038631121 -0.0311430167877 0.0701469128400 0.0289063234035 -0.0365063563437
# log_rbar_devs:
 1.03847180355 0.852119509075 0.643277782798 0.700740193010 0.570990139948 0.907300002913 0.538123729924 0.478624469175 0.463655348421 0.545341957291 0.492256452218 0.483580776965 0.602894379478 0.698223819717 0.910517490677 0.786703058809 0.859065462701 0.654297175344 0.861781447821 0.627721818525 0.622957880795 0.692433807166 0.606504555529 0.372883577042 0.467026027968 0.499855338166 0.367448747341 0.732305373012 0.220629564043 -0.0514324172548 -0.314606730971 -0.216829620877 -0.207066098519 -0.690140715903 -0.962094462235 -1.19844807959 -1.49368885922 -1.56586037055 -1.63203382561 -1.75335931020 -1.77694654899 -1.87488540570 -1.87965141589 -1.90151055661 -1.77726052304 -2.26260450436 -2.36413904222 -2.53683745006 -1.99543227544 -0.537566296907 1.00012634980 -0.324570320802 -1.73070482560 -0.713669946650 0.871027742249 0.151771454209 -0.889826280182 -0.0273179538794 1.63588698301 -0.132571640871 -1.83649461370 -0.799126090391 1.77010446491 -0.632681601671 -1.36221280551 -1.06836712943 0.381564493898 0.268923568006 1.30591999010 1.33472991979 -0.0795423004920 0.705492120831 1.07069339459 0.607600366799 1.89920425820 -0.134435779821 0.580127672614 0.713023711045 1.08171237464 1.38112910729 0.962078114248 0.914135211478 -0.00112456933414 -0.453566501397 0.516406492311 -1.50749901348 1.77163232643 -0.685448814418 1.03776378093 0.698999167660 0.413769943311
# mat_params[1]:
 7.14152914782 10.0749139866
# mat_params[2]:
 6.66390745248 9.72724791055
# log_m_devs:
 -0.0438702547001 0.0438702547001
# log_slx_pars[1]:
 1.09652768533 -0.334578931036
# log_slx_pars[2]:
 1.55607679927 -0.354703670845
# log_ft_pars:
 -2.03380387067 -2.11733139880 -2.49474880172 -2.34183722117 -2.04443220105 -2.02178324086 -2.10207953212 -2.48747238475 -2.10793896997 -2.92254781552 -3.04815160208 -4.89519126464 -5.47157511347 -5.39554983909 -4.49931592345 -3.55170509032 -2.35037175486 -1.90596457720 -1.76985758557 -2.69070986448 -2.80887142907 -2.85566909303 -3.06963640289 -2.51493078074 -2.81165844158 -3.42381874376 -2.82567089169 -2.12705338454 -2.09357899978 -1.54541025374 -1.02536188245 -0.979358450242 -1.28193780467 -1.64795545221 -1.58986811832 -0.829557378376 -1.35444119738 -1.72240413607 -4.41639966052 -4.38079156485 -3.51388618714 -2.98471665361 -3.21053090112 -3.37696860230 -3.16343119689 -3.06832233878 -2.00429722764 -2.53575236761 -9.26329680153 -4.52470971023 -2.88768374519 -2.66056084577 -3.14697317939 -2.66471174120 -2.62122478686 -2.69084653253 -2.48296868460 -2.71592979227 -3.22559908165 -2.52100276630 -2.18038470531 -3.16614415337 -3.94338956519 -3.17313400096 -2.47922620474 -3.04262092700 -3.41542602015 -2.23321965800 -2.51165846724 -3.29891303623 -3.09317081808 -3.80461331037 -2.82683545177 -3.00031361227 -3.61998574302 -3.25371738935 -3.15871887997 -3.11011222254 -2.90923225774 -2.80634244282 -2.91366311287 -2.69222753086 -2.49332252952 -2.51106609093 -3.25220947511 -1.87645024257 -2.74971540761 -2.69582702427 -2.53472867451 -4.02778152955
