# Number of parameters = 208 Objective function value = -3682.19764610941  Maximum gradient component = 8.90632597947091e-005
# theta[1]:
-0.328400559688
# theta[2]:
7.07846639978
# theta[3]:
6.59453579438
# theta[4]:
7.15534280925
# theta[5]:
0.513312188895
# theta[6]:
4.00000000000
# log_rinit_devs:
 0.241166995049 0.146692498083 0.105439069085 -0.0681048232709 -0.425193738946
# log_rbar_devs:
 1.06758279342 0.885467437612 0.716951797664 0.779144345867 0.647888149570 0.918409445677 0.565897091880 0.518374105189 0.515856027153 0.634273283468 0.611291797190 0.535408134049 0.582045740357 0.623773065310 0.784499819199 0.767473533063 0.880055737034 0.700928485578 0.845063131436 0.618731533274 0.614782055112 0.681523399534 0.617672971266 0.416858094628 0.498797357999 0.550164001926 0.475973231064 0.830070269329 0.430950199730 0.235169047227 -0.0191334970950 -0.00590384993031 -0.0446949252109 -0.468334439625 -0.687112808373 -0.963329226246 -1.34508031443 -1.47519790392 -1.54024174688 -1.61067185988 -1.59674691762 -1.67420702669 -1.67899163650 -1.70644096963 -1.60426717934 -2.10664425191 -2.30931705545 -2.60491188272 -2.13885839336 -0.691825655188 0.742217122990 -0.513575412921 -1.96352130163 -0.935825769938 0.662917245949 -0.0655039375290 -1.10752807276 -0.242705689468 1.44575437048 -0.386153502502 -2.14886256676 -0.990471045460 1.67138493390 -0.788300164532 -1.49479595870 -1.18191788020 0.308065674528 0.175948855275 1.23197507678 1.26440600629 -0.169803533244 0.616914304240 0.998918388835 0.518804598282 1.81788422533 -0.262035796195 0.446708441195 0.579872914717 0.965892676550 1.32001566060 0.889098817653 0.843019833859 -0.0376759058348 -0.459428985380 0.547965471343 -1.47200022958 1.80791509813 -0.630730409341 1.19737945273 0.963764596878 0.554847853628
# mat_params[1]:
 7.08792445131 10.0474523366
# mat_params[2]:
 7.12603346858 10.4811948354
# mat_params[3]:
 5.47107106331 8.29844129955
# mat_params[4]:
 5.38780176637 7.79609059327
# log_m_devs:
 -0.104356302245 -0.000200890546850 0.104557192792
# log_slx_pars[1]:
 1.23400752819 -0.575571578252
# log_slx_pars[2]:
 1.71551093799 -0.124628663381
# log_slx_pars[3]:
 1.60292117093 -0.427427505710
# log_ft_pars:
 -1.16716397821 -1.24749324701 -1.66331036719 -1.53342187428 -1.24257982265 -1.14378483379 -1.23520800316 -1.63978598712 -1.26745875249 -2.10295039746 -2.29821744215 -0.845304255814 -4.56672989803 -0.868353820803 -3.44962019995 -2.61864436719 -2.34096082344 -1.86636988940 -1.70883393101 -2.62128691974 -2.72140099590 -2.78017858159 -3.01149047508 -2.44141627381 -2.73993330664 -3.39413345906 -2.82417454192 -2.17870673914 -2.15856295729 -1.56311002743 -1.01385249688 -0.995706542565 -1.34223844720 -1.69376631975 -1.58966524627 -0.800551694787 -1.29238189134 -1.64658946532 -4.36478796754 -4.37399892446 -3.55158960879 -3.06359736089 -3.34537680920 -3.52716927803 -3.29916231471 -3.18452117759 -2.05282097972 -2.51188176834 -8.36565167201 -3.49330999774 -1.54403821971 -1.26476662267 -1.86093187477 -1.57357051924 -1.48650118210 -1.44530778366 -1.21562205926 -1.57411069080 -2.05486983866 -1.24519086119 -0.932546750677 -2.13243998211 -2.92559544817 -2.03183317994 -1.37853635022 -2.17196593382 -2.65657363182 -1.35535000967 -1.42059659335 -2.15547987630 -1.99295119334 -2.83951544919 -1.93425029985 -2.08621386734 -2.61815806321 -2.23802295392 -2.19384855233 -2.25584909492 -2.04138159796 -2.02764612942 -2.12969915624 -1.96671311521 -1.82266680388 -1.89962750268 -2.68086924231 -1.31273934531 -1.95121091203 -1.83039672316 -1.71383986315 -3.26753727639
