# Number of parameters = 201 Objective function value = -3569.87496532147  Maximum gradient component = 0.00107261737527269
# theta[1]:
-0.101661805066
# theta[2]:
9.17928892981
# theta[3]:
8.10879200219
# theta[4]:
8.39160006607
# theta[5]:
0.802228928713
# theta[6]:
4.00000000000
# log_rinit_devs:
 -0.173012407430 -0.0897576071983 0.0757238695413 0.0818400769739 0.105206068113
# log_rbar_devs:
 1.16535425803 0.986120762784 0.768931228554 0.743175875796 0.572603538308 0.837823408505 0.465201964232 0.368292145155 0.325953198807 0.391362530848 0.336387941061 0.319977046791 0.406919701145 0.480189629805 0.662284153232 0.552437189459 0.622047962571 0.444597146163 0.634165909031 0.429017037525 0.423114733150 0.482386831089 0.405536533945 0.194080069520 0.274466384635 0.299771317327 0.184781646898 0.500964008690 0.0502744102188 -0.179940885949 -0.383108809161 -0.254888567532 -0.213583415306 -0.607813548226 -0.787953234308 -0.926481521754 -1.13763429939 -1.17906438138 -1.23006368160 -1.33712178423 -1.34798929779 -1.43074162059 -1.43000976918 -1.44447728203 -1.33250622199 -1.75213259736 -1.80790993283 -1.94445507054 -1.38831820438 0.0433886399289 1.64406837182 0.304948740585 -1.12418525927 -0.115320771247 1.50285917486 0.753957996106 -0.304309921129 0.544604495982 2.28227324803 0.452213525557 -1.32572380382 -0.279762644772 2.34283605342 -0.155159164618 -0.910770625763 -0.654391837263 0.803170248781 0.697277382363 1.75013791377 1.77816105947 0.310554081001 1.08006203980 1.40870987660 0.860010485374 2.29590575465 -0.0752659255332 0.437190656230 0.230379877676 0.183630889205 0.0161743017208 -0.381502643909 -0.451684110312 -1.33373658808 -1.74547080946 -0.750310498334 -2.66182701905 0.573137166972 -1.85454229720 -0.121855075576 -0.405052233270 0.143194810985
# mat_params[1]:
 7.71309502915 10.6553236285
# mat_params[2]:
 5.57564727982 8.16858359336
# log_m_devs:
 0.0365577658330 0.178461771084 -0.220313406960 0.00529387004287
# log_slx_pars[1]:
 1.62052471898 -0.250896760055
# log_ft_pars:
 -1.72790785805 -1.77321709606 -2.17917410362 -2.00932377587 -1.67894139438 -1.52205803670 -1.58305321778 -1.97214602306 -1.56203869452 -2.29465163848 -2.38170391421 -6.10618198143 -4.75564737519 -5.81349532305 -3.67940076644 -2.73963598831 -2.39772828777 -1.95218623964 -1.82830594581 -2.75442239369 -2.86774242276 -2.91745870172 -3.13057444521 -2.56951880451 -2.87234128871 -3.49116222314 -2.89115123515 -2.20441849896 -2.16682580488 -1.61670444767 -1.13175273804 -1.16112734900 -1.53997057337 -1.94365004452 -1.92046214649 -1.25361502588 -1.89597865381 -2.33387008772 -5.05351586089 -5.02003662506 -4.16470461606 -3.65512534071 -3.90824689738 -4.08651869337 -3.87245382134 -3.78215560242 -2.75685097671 -3.32982785248 -10.1045907262 -5.45572508312 -3.97489381971 -3.57915982054 -3.92875135387 -3.41416447245 -3.54288725556 -3.56080692994 -3.27110200676 -3.49081867354 -4.18428150505 -3.38709185377 -2.94926253888 -3.87466348205 -4.83771325291 -3.96239223082 -3.15734245211 -3.65099612382 -4.04671367652 -2.88036723028 -3.26529932707 -4.03674591364 -3.72035184616 -4.37367757840 -3.40103869756 -3.51794902302 -4.24661989708 -3.78162808410 -3.57616562397 -3.37281060414 -2.88952593913 -2.40638284552 -2.47325734966 -2.25331741731 -2.07704644425 -2.13538981633 -2.93326191420 -1.55787348403 -2.32250086561 -2.07018321452 -1.83233952820 -3.33664439258
