# Number of parameters = 208 Objective function value = -3681.43681634845  Maximum gradient component = 3.98942142588626e-005
# theta[1]:
-0.295841731247
# theta[2]:
7.40438272019
# theta[3]:
6.57980092791
# theta[4]:
7.15126096586
# theta[5]:
0.487801795800
# theta[6]:
4.00000000000
# log_rinit_devs:
 0.141295567836 0.0842636411653 0.0908766025618 -0.0330204175693 -0.283415393994
# log_rbar_devs:
 1.29109560348 1.10451481003 0.921474479999 0.962344325155 0.816563753282 1.07634333364 0.703411647284 0.627076456865 0.588144447291 0.665000532006 0.611874499671 0.543419689479 0.603336420137 0.652650030493 0.806115444273 0.729783077942 0.778626439037 0.597485450048 0.738677342316 0.512416761559 0.513963198794 0.586743522512 0.529049366368 0.333758563691 0.422270075958 0.481642303891 0.414828028497 0.776129881576 0.381195231917 0.187263376028 -0.0700560560440 -0.0619088170747 -0.104029164992 -0.529531071888 -0.751818494927 -1.03915925998 -1.43427260897 -1.56857550183 -1.62925163490 -1.68984014114 -1.66651051978 -1.73550304265 -1.73187726881 -1.75134178993 -1.64000513013 -2.13222911019 -2.32295821945 -2.60417703814 -2.12195956274 -0.676612269729 0.756231862262 -0.498702872914 -1.94842602565 -0.921435949439 0.676488969030 -0.0520994903040 -1.09454787938 -0.229380754057 1.45912710001 -0.373338636289 -2.13570033682 -0.977929324266 1.68419453235 -0.775663684379 -1.48241944953 -1.16930129570 0.320676938287 0.188137994986 1.24374964817 1.27619801887 -0.158309476734 0.628659729516 1.01041671363 0.530159951200 1.82945523687 -0.251189130807 0.457678675286 0.591665410052 0.979233328674 1.33568149586 0.905545633792 0.860871976988 -0.0181167143809 -0.437756634202 0.572559481427 -1.44450327411 1.84142299103 -0.612418876145 1.20776231223 0.964038610594 0.565701804058
# mat_params[1]:
 7.10255181062 10.0489768712
# mat_params[2]:
 7.12017329807 10.4911722352
# mat_params[3]:
 5.46351385170 8.28564167229
# mat_params[4]:
 5.38925983670 7.79156225010
# log_m_devs:
 -0.0567334481213 -0.0327076840599 0.0894411321812
# log_slx_pars[1]:
 1.23397747748 -0.571310432612
# log_slx_pars[2]:
 1.71306101385 -0.127199018261
# log_slx_pars[3]:
 1.60373154922 -0.427825713760
# log_ft_pars:
 -1.35781864740 -1.43618812029 -1.83902995372 -1.68863056459 -1.38138650618 -1.27109362440 -1.34530385294 -1.72174115150 -1.31529865668 -2.10818212257 -2.25868715326 -1.18536995461 -4.54603994449 -1.25047904677 -3.45017131776 -2.56620097003 -2.22842728497 -1.75638650602 -1.59568267224 -2.50791600217 -2.61404886035 -2.67920844334 -2.91779540701 -2.35374406775 -2.65845955770 -3.32084486167 -2.75881328411 -2.11854186959 -2.10399986270 -1.51178501383 -0.959173124887 -0.933709610343 -1.27481831257 -1.62620989834 -1.52288561614 -0.723118443123 -1.19838182473 -1.54562334196 -4.26911831393 -4.28987243746 -3.47772953893 -2.99870314753 -3.28907493235 -3.48009258341 -3.26189003464 -3.15670946156 -2.03420251273 -2.50542857344 -8.38256190757 -3.50550696654 -1.55256956570 -1.27351129479 -1.86906152006 -1.57982777558 -1.49184236592 -1.45159531111 -1.22253792967 -1.57962863801 -2.05982785600 -1.25141907036 -0.939116906055 -2.13682224834 -2.92900909867 -2.03690336496 -1.38443806444 -2.17588112272 -2.65861634287 -1.35796203428 -1.42498944774 -2.16036059570 -1.99791597544 -2.84341375045 -1.93713614584 -2.08884032059 -2.62137243161 -2.24164510494 -2.19730544526 -2.25815172475 -2.04328871457 -2.02200059110 -2.12506424454 -1.96368340100 -1.82115977763 -1.89964470140 -2.68250371345 -1.31641621665 -1.95947038403 -1.82831603868 -1.70065106274 -3.24217321838
