# Number of parameters = 199 Objective function value = -3488.93031736502  Maximum gradient component = 0.000193113797791820
# theta[1]:
-0.185766446223
# theta[2]:
8.54448351982
# theta[3]:
7.35045376822
# theta[4]:
7.79990193844
# theta[5]:
0.369790076413
# theta[6]:
4.00000000000
# log_rinit_devs:
 -0.143194429952 -0.0750793923228 0.0771856412207 0.0904827900122 0.0506053910414
# log_rbar_devs:
 1.33360980825 1.14907195038 0.934972455561 0.915146489120 0.740890845384 0.998836471735 0.610044371063 0.505380187675 0.442685857723 0.500080775112 0.436796798301 0.421661134406 0.516628304761 0.598841750745 0.789681651709 0.684568120861 0.753743055327 0.563913188384 0.737951693805 0.522667027353 0.514164712453 0.571895115854 0.490755615083 0.276715606634 0.354336741552 0.381419532001 0.264379355610 0.583247463570 0.127196636772 -0.127137955431 -0.387472537210 -0.329704439807 -0.337515763197 -0.777181100965 -1.03367282570 -1.27137345243 -1.56070761055 -1.63216130441 -1.68617677376 -1.78225751664 -1.79065412168 -1.86842922385 -1.86337151213 -1.87515912679 -1.75473747097 -2.19051032380 -2.27614067969 -2.43583709325 -1.89479623538 -0.436730104187 1.13031164204 -0.204445164237 -1.61484587364 -0.597937232894 0.992324256220 0.271286319548 -0.766682189224 0.0922875251739 1.75129560206 -0.0112175209037 -1.72296867380 -0.689350869793 1.86968745571 -0.533681885689 -1.26198943472 -0.975082151856 0.477745507887 0.367037313199 1.40918347800 1.43456136502 0.0179542776783 0.795467807257 1.16411394519 0.696263606211 1.98905691088 -0.0507039681985 0.663713620051 0.794334911320 1.16123444521 1.46223612971 1.02750363569 0.971159765513 0.0299332784692 -0.483946882340 0.366929845818 -1.74203370743 1.27062274402 -1.14202802131 0.516555129003 0.214159874240 0.450397639541
# mat_params[1]:
 6.75045953531 9.81574513828
# mat_params[2]:
 5.63916311289 8.38181074215
# log_m_devs:
 -0.0586840869621 0.0586840869621
# log_slx_pars[1]:
 1.49332911049 -0.332100048656
# log_ft_pars:
 -1.75871606948 -1.80519267974 -2.21073357567 -2.03831634364 -1.70907561537 -1.54488098022 -1.60219648893 -1.98062410449 -1.55481360250 -2.27829753056 -2.36443251495 -6.05010140824 -4.74720434680 -5.85019738662 -3.68526296586 -2.75097743770 -2.40490701018 -1.95255006024 -1.81143664534 -2.73337104621 -2.84462922784 -2.89083076825 -3.10603963087 -2.54377344396 -2.83922129824 -3.45888676151 -2.86194685764 -2.16284523722 -2.12263003551 -1.54992716381 -1.01321777995 -0.977121082095 -1.29594269273 -1.66105541867 -1.58923288844 -0.823802014579 -1.36199120812 -1.74453532960 -4.45893639990 -4.44419048638 -3.59813025656 -3.09109966596 -3.34664191331 -3.52904178309 -3.32076327130 -3.23661206096 -2.18617346450 -2.73540756731 -9.49903423089 -4.84993739261 -3.31970697817 -3.01289674945 -3.37879273774 -2.84340049692 -2.92812742035 -3.00588856412 -2.72829709390 -2.93229654936 -3.55907168341 -2.83237778224 -2.38831051741 -3.31146920143 -4.24468380376 -3.47202927727 -2.66883972916 -3.15737309640 -3.60214674160 -2.48924206983 -2.82962460941 -3.61697537190 -3.34388033788 -3.99998466899 -3.04659214284 -3.22529891784 -3.89535591347 -3.49747202298 -3.34082511415 -3.27975838844 -3.11550214361 -3.04258571077 -3.13687785165 -2.88068177798 -2.64913135686 -2.62315089096 -3.33068002534 -1.90638015624 -2.65389080881 -2.46540752802 -2.17568258107 -3.64109942980
