# Number of parameters = 206 Objective function value = -3669.11778428342  Maximum gradient component = 0.000416773705459377
# theta[1]:
-0.316920226715
# theta[2]:
7.73856900786
# theta[3]:
6.55653484815
# theta[4]:
7.13452389955
# theta[5]:
0.471186588594
# theta[6]:
4.00000000000
# log_rinit_devs:
 0.0269653002964 0.0235160759019 0.0931178519022 0.0285760254540 -0.172175253555
# log_rbar_devs:
 1.50020255322 1.30246660115 1.09589239515 1.11053773320 0.943993106044 1.18646730730 0.782736374073 0.670791394956 0.583483794279 0.612649781627 0.526697873041 0.474185379350 0.539890675005 0.574704227643 0.739790116025 0.673174533459 0.763385827618 0.571865247446 0.709206663103 0.475403473308 0.479672578563 0.556453196678 0.501704354648 0.306473956803 0.399606231357 0.465278222529 0.404724622701 0.778042082485 0.384979695586 0.195512695587 -0.0626263358959 -0.0537590579880 -0.0952644037564 -0.522294982893 -0.740863004575 -1.03118779024 -1.43517353082 -1.57141865032 -1.62916428524 -1.68378102535 -1.65263704535 -1.71716984388 -1.70773798044 -1.72118354220 -1.60208427162 -2.10116405319 -2.29924109848 -2.58749639067 -2.11244778265 -0.659851497429 0.766718828526 -0.493058843509 -1.93750413232 -0.911690047790 0.681432874006 -0.0471638566988 -1.08781026111 -0.220271552350 1.45795158517 -0.369079704953 -2.11687931412 -0.973360083631 1.68076449196 -0.770740052934 -1.47485450054 -1.15868292804 0.328258813301 0.193680991172 1.24761258502 1.28329936631 -0.144472241338 0.646694511096 1.03380334894 0.567184899601 1.87117154330 -0.170013552376 0.562515750724 0.705363403128 1.07551000106 1.36260515132 0.925189741219 0.870920156599 -0.0479878584827 -0.514470586750 0.452144776513 -1.62382960548 1.61282670165 -0.853747353573 0.957524765219 0.736669741775 0.572346327447
# mat_params[1]:
 7.04365364011 10.2631492696
# mat_params[2]:
 5.41188649294 8.12264992054
# mat_params[3]:
 5.17145541820 7.64272019620
# log_m_devs:
 -0.0261783264638 -0.0140771041483 0.0402554306121
# log_slx_pars[1]:
 1.22451659442 -0.593450960873
# log_slx_pars[2]:
 1.67971270185 -0.181784479192
# log_slx_pars[3]:
 1.63921169459 -0.385987714665
# log_ft_pars:
 -1.64369687407 -1.70861838468 -2.09186930769 -1.91497833686 -1.58740721700 -1.45163975141 -1.50093240319 -1.84315434094 -1.39547077756 -2.13191688234 -2.22850256620 -2.20336018307 -4.56296057622 -1.54061300642 -3.41750577528 -2.50553053420 -2.16172558652 -1.68984027336 -1.52714410424 -2.43928060542 -2.54564848006 -2.61377993816 -2.85614667917 -2.29176715955 -2.59861435376 -3.26771617489 -2.71124209868 -2.08055522994 -2.07123928074 -1.47843102540 -0.922103584431 -0.896104462121 -1.24206337603 -1.59569550058 -1.49233876048 -0.688852187946 -1.15690930524 -1.50176484927 -4.23012444437 -4.25841227399 -3.45355743852 -2.98099845235 -3.27941592770 -3.47623107899 -3.26249387931 -3.16064878535 -2.03688978109 -2.50391798354 -8.43064144761 -3.55557173884 -1.60830391100 -1.35674406477 -1.96352411743 -1.65285239451 -1.53961773400 -1.51351085016 -1.30231867269 -1.64705965711 -2.10586663642 -1.31602828669 -1.01663365597 -2.19552817759 -2.95960543730 -2.09183265260 -1.46012215861 -2.23389991364 -2.68986576944 -1.39293855858 -1.47966957421 -2.22697881732 -2.07733258247 -2.91807320927 -1.99983507365 -2.15587461275 -2.70031205652 -2.33867577738 -2.30886933178 -2.37013438164 -2.16420332342 -1.98555811870 -2.04335126326 -1.84797750002 -1.69345407918 -1.76099284027 -2.55327768873 -1.15942469315 -1.72898490253 -1.55422564040 -1.42335005024 -2.99760135505
