# Number of parameters = 206 Objective function value = -3609.78530897068  Maximum gradient component = 0.000480483681861956
# theta[1]:
0.0425122376140
# theta[2]:
8.69509371914
# theta[3]:
9.30166916080
# theta[4]:
9.63828749865
# theta[5]:
0.602937104219
# theta[6]:
4.00000000000
# log_rinit_devs:
 0.0806143462030 0.0310193903585 0.0836101841763 -0.0550988940839 -0.140145026654
# log_rbar_devs:
 -0.0576060177645 -0.144618118014 -0.263232521584 -0.0601526145965 -0.0819679404069 0.441382786928 0.183725810596 0.259367313826 0.378663711845 0.540917403781 0.444932475868 0.298416067535 0.238334139026 0.277540521183 0.490429660476 0.497521461657 0.746875801385 0.543931300143 0.789704597890 0.523398045940 0.496427827938 0.553795760122 0.441780386853 0.156364849501 0.237196612939 0.247865491625 0.0945936240175 0.500104277935 -0.0157958344159 -0.216205798045 -0.362697912222 -0.106478658808 0.00880782726872 -0.421578238914 -0.568118112905 -0.672475551788 -0.910152889086 -0.973213710891 -1.06118129195 -1.22499728089 -1.25988669222 -1.38769865256 -1.40861365723 -1.44225555021 -1.31515826353 -1.83354563105 -1.91806617049 -2.10634703877 -1.58822795244 -0.151278315078 1.46844278696 0.121195786716 -1.27002431421 -0.270424760466 1.32675753210 0.589513729993 -0.465868929069 0.376810400188 2.11180736492 0.313195198143 -1.43188271127 -0.416687629499 2.16913700849 -0.269334177567 -1.03505693923 -0.779286112969 0.648783691530 0.557452554431 1.58544504301 1.61472375061 0.173251778755 0.945040206645 1.25528900263 0.735760019034 2.03751839057 -0.217658892773 0.345150617137 0.346677095354 0.616305770056 0.864017083070 0.452866714184 0.407366068959 -0.587340997598 -1.06212872203 -0.0985278494749 -2.13290317061 1.12866356767 -1.20346966831 0.570168794987 0.322423715406 0.316303863110
# mat_params[1]:
 7.99602355703 10.6088385963
# mat_params[2]:
 8.72478990917 11.6967274249
# mat_params[3]:
 6.84496546410 9.18518242346
# log_m_devs:
 -0.126479269881 0.0312439923338 0.0952352775471
# log_slx_pars[1]:
 1.51029012965 0.103365566318
# log_slx_pars[2]:
 1.72695091397 -0.286562080801
# log_slx_pars[3]:
 1.87397346225 -0.344027525759
# log_ft_pars:
 -1.95067999741 -2.14583594614 -2.63358735028 -2.59830108406 -2.42398874129 -2.55753107860 -2.77976774148 -3.30501306803 -3.05912769167 -3.97702220514 -4.14335049840 -0.428749814914 -6.24557351611 -0.302696599340 -5.03493665838 -4.21328738430 -3.00036590070 -2.56267073384 -2.45409325233 -3.38341859078 -3.48158950366 -3.51391407275 -3.69852656063 -3.11388366374 -3.39428892035 -3.97543599883 -3.33760668233 -2.64271449540 -2.60807198103 -2.08762574028 -1.66386870638 -1.75188223791 -2.17699748471 -2.61736637672 -2.63998137494 -2.03674514140 -2.70958028830 -3.13015465872 -5.80272007036 -5.71440117461 -4.81273266618 -4.26183884670 -4.46674873587 -4.61271640991 -4.38118760178 -4.26524047515 -3.22213882831 -3.76955216104 -10.4729243371 -5.75023160343 -4.21224520834 -3.86898366536 -4.34261354886 -3.93665122944 -3.94232568192 -3.91609531126 -3.68892247389 -3.97148743282 -4.54039692813 -3.73815908368 -3.40911231420 -4.45171348116 -5.23450323214 -4.30449216001 -3.59947880250 -4.23812102799 -4.57461631224 -3.30048980252 -3.60698411733 -4.37369424829 -4.11563390472 -4.84179730990 -3.86272793063 -3.96589879307 -4.58947379614 -4.12929879801 -3.98679840803 -3.89263972598 -3.50962395955 -2.43003823350 -2.31834911253 -2.07958060920 -1.93331060897 -2.02219279994 -2.80628020354 -1.35731350421 -1.94518012970 -1.74859835146 -1.65016268716 -3.34411629142
