# Number of parameters = 204 Objective function value = -3612.56688326097  Maximum gradient component = 0.000295442156354391
# theta[1]:
-0.131756964254
# theta[2]:
7.49789584739
# theta[3]:
8.37269837461
# theta[4]:
8.68085322561
# theta[5]:
0.931310553990
# theta[6]:
4.00000000000
# log_rinit_devs:
 0.196280025276 0.118825650667 0.124717781522 -0.0946088841115 -0.345214573353
# log_rbar_devs:
 -0.175335357054 -0.311762266658 -0.465814831781 -0.268795094147 -0.309224154536 0.236831041970 -0.0378080019551 0.0622739545295 0.227046450354 0.463658145482 0.448465438095 0.386082996030 0.377354571673 0.474535002908 0.715575553958 0.790768663288 1.13275844913 0.896648616859 1.15525815125 0.855670360486 0.837135704627 0.914384105808 0.809521418112 0.515908232975 0.629397994937 0.670039685908 0.526164402778 1.00996604460 0.435749614292 0.208098703781 0.0247774460402 0.289995934563 0.399876139793 -0.0961689709662 -0.282962278353 -0.424420513351 -0.701501293163 -0.777449620592 -0.879241186716 -1.06181606934 -1.10818121052 -1.25489226542 -1.28555997806 -1.33026515675 -1.19681665422 -1.78405648555 -1.90889545639 -2.12940878173 -1.62648763898 -0.150779001379 1.43727135501 0.0718270847960 -1.29994015992 -0.301121508036 1.28829287268 0.557441358557 -0.499783470727 0.345397537589 2.05246871099 0.264260922904 -1.42904134213 -0.461707584026 2.11076430721 -0.308474128840 -1.06967672184 -0.802730907530 0.621879226402 0.528196381459 1.55197921166 1.57719019037 0.147446069361 0.926681152030 1.24570745770 0.732306963199 2.10804060261 -0.159048049619 0.359910104348 0.217233825147 0.246564341924 0.164752682936 -0.232993046727 -0.312491609554 -1.25810993228 -1.70721411182 -0.754588900368 -2.70594076520 0.448592512071 -1.77135412591 0.0384125143146 -0.100295244663 0.205593667302
# mat_params[1]:
 7.92897117457 10.6539712409
# mat_params[2]:
 7.81427138825 10.7248841932
# mat_params[3]:
 5.95312667920 8.65943284501
# log_m_devs:
 -0.104116950189 0.186072217900 -0.0819552677109
# log_slx_pars[1]:
 1.42360570345 0.113840545185
# log_slx_pars[2]:
 1.69011395114 -0.288052786098
# log_ft_pars:
 -1.15461758462 -1.31264798454 -1.77821387625 -1.73287135897 -1.53714623452 -1.66731954133 -1.89328927814 -2.43986151884 -2.22774727889 -3.20478142071 -3.44556121917 -0.486039496244 -5.69071475177 -0.304322150070 -4.58419002695 -3.83113477286 -2.71653747143 -2.24279189197 -2.10827290483 -3.01329152286 -3.10157373520 -3.12760031902 -3.31449388113 -2.73517923460 -3.01765634004 -3.61112869335 -2.99755539987 -2.34556579597 -2.33213669823 -1.82306878589 -1.37918819319 -1.43123966350 -1.83873432079 -2.26480844781 -2.26371977896 -1.61965234844 -2.23555846725 -2.62489890441 -5.27657720418 -5.17644032907 -4.26129496280 -3.69399314378 -3.88520559541 -4.01657814816 -3.77179472174 -3.64396356529 -2.57475636675 -3.07989165053 -9.75480255200 -5.07987249652 -3.53502644200 -3.23378357319 -3.73309252337 -3.31886807082 -3.28997462129 -3.28155688478 -3.06922097657 -3.34601563196 -3.87185341353 -3.09021286346 -2.77477622192 -3.81739200407 -4.56463776153 -3.66151356446 -2.97230826180 -3.60740386489 -3.94583499020 -2.67952140639 -2.96163632646 -3.72968161766 -3.49380408558 -4.22734794741 -3.24691113690 -3.36535694768 -4.00256050580 -3.58079557555 -3.46177719372 -3.35383269433 -2.90619501610 -2.45838579080 -2.48967563658 -2.26565932594 -2.09038475580 -2.14876445198 -2.92086981351 -1.49244639088 -2.10739658044 -1.96939233950 -1.89529527934 -3.56818637117
