# Number of parameters = 200 Objective function value = -3504.46232498790  Maximum gradient component = 0.000245835547861034
# theta[1]:
-0.140253480001
# theta[2]:
8.14026251305
# theta[3]:
7.66823513212
# theta[4]:
8.08445809302
# theta[5]:
0.419129107589
# theta[6]:
4.00000000000
# log_rinit_devs:
 0.00988232361987 0.0224089668274 0.107942102879 -0.0181012416266 -0.122132151699
# log_rbar_devs:
 0.883204524874 0.717074937245 0.525597480278 0.584684250831 0.445754638022 0.827027745355 0.480346229404 0.467449572216 0.522100359656 0.678013461396 0.662522033327 0.684444520174 0.820888487568 0.916351517696 1.12963212723 0.997205584554 1.04130083079 0.838066233014 1.05454540314 0.786357321215 0.763565918689 0.823952107145 0.722601556460 0.461567235192 0.549494859813 0.574950231781 0.433574527553 0.830551462014 0.300541309384 0.0494983639049 -0.183891829141 -0.0402300792841 -0.00601528597517 -0.487781393381 -0.722783158822 -0.923393590900 -1.21907391541 -1.31141419260 -1.41149342866 -1.57123133740 -1.62422730248 -1.75542440498 -1.78837582676 -1.83573686491 -1.72918658687 -2.26413623445 -2.40270268323 -2.62467679425 -2.13694335906 -0.667610387493 0.882437416892 -0.450182590923 -1.82823179538 -0.819840201518 0.746861957593 0.0417816215446 -0.989807920165 -0.135855503331 1.49883229708 -0.232674493750 -1.90134867239 -0.905616624896 1.61241220086 -0.740970164778 -1.47119507042 -1.18303929945 0.247222457742 0.145744409970 1.16687365083 1.19206056251 -0.199920135117 0.577175324355 0.936369710848 0.483808380683 1.75191131237 -0.248995319563 0.452960516166 0.586110808399 0.953026248380 1.24401358607 0.829756071713 0.778253553936 -0.116403847066 -0.556501740291 0.412695728962 -1.57015526246 1.69028214582 -0.734465155444 0.962338789305 0.617042517636 0.408696353417
# mat_params[1]:
 7.46285506037 10.1123211071
# mat_params[2]:
 6.89009823855 9.98074454629
# log_m_devs:
 -0.0343911839788 0.00868718614787 0.0257039978310
# log_slx_pars[1]:
 1.56178734430 -0.267296636552
# log_ft_pars:
 -1.12783423533 -1.22676113256 -1.68679123137 -1.56772150921 -1.27746340935 -1.18666991571 -1.32099144056 -1.78870061415 -1.45280941614 -2.29222175178 -2.47835631482 -1.48653284316 -4.92602342073 -1.37260943480 -3.92102413854 -3.05554523787 -2.75297666036 -2.28825142258 -2.14335785518 -3.04707535354 -3.13485211984 -3.16025597308 -3.35287467667 -2.77406570492 -3.05253874039 -3.65084328787 -3.03964064667 -2.36038553247 -2.32466279521 -1.77318698052 -1.27501989548 -1.27847147460 -1.63094373057 -2.00817884162 -1.94949622104 -1.23330763113 -1.80334202871 -2.17529870476 -4.83723493422 -4.75738561431 -3.85332076730 -3.29241542445 -3.49266133597 -3.62743195701 -3.38051729761 -3.25123276910 -2.16090900567 -2.65425622922 -9.35158972769 -4.70864404741 -3.15004914107 -2.85209663244 -3.28501581690 -2.81235593584 -2.84173441198 -2.88777799735 -2.64128641725 -2.88452317362 -3.45022408872 -2.70048571436 -2.31368675913 -3.30421248383 -4.15335770561 -3.33132156890 -2.58359667249 -3.14936878888 -3.57602243414 -2.41110332605 -2.71272592820 -3.48621269049 -3.23710429735 -3.93910185692 -2.98519045067 -3.15604665892 -3.80226810896 -3.40080137000 -3.28311442116 -3.25024035772 -3.06969219894 -2.97518875082 -3.06788029386 -2.83546192061 -2.63037590375 -2.64532936673 -3.40926902248 -2.03756820984 -3.00278787286 -2.89982475655 -2.71794848107 -4.21524366977
