# Number of parameters = 204 Objective function value = -3633.43542994244  Maximum gradient component = 0.000630624082546971
# theta[1]:
-0.339130280419
# theta[2]:
8.21149526509
# theta[3]:
6.77207108273
# theta[4]:
7.17084332215
# theta[5]:
0.831142417299
# theta[6]:
4.00000000000
# log_rinit_devs:
 -0.0496364701276 -0.00284971263745 0.0952766846842 0.0371746862947 -0.0799651882138
# log_rbar_devs:
 1.66127666952 1.47438030961 1.26411017654 1.23406614481 1.04068493366 1.25970191799 0.846682359399 0.702220978386 0.604381172749 0.632172771607 0.568847286633 0.564479942600 0.674253421780 0.770342014897 0.976274435385 0.886688387212 0.950409332419 0.747140341455 0.904320282180 0.697390414817 0.706829980334 0.785463142891 0.730388948111 0.543124290796 0.650830799638 0.717619009521 0.646396656510 1.00358192863 0.581955573893 0.342679647819 0.0750681855459 0.125033832379 0.117293548167 -0.317805978858 -0.580297248315 -0.843224449282 -1.15350961174 -1.21653116385 -1.24259944041 -1.30979418463 -1.29125835755 -1.36309867977 -1.35733511026 -1.36952160497 -1.28179713811 -1.84162148514 -2.12186746383 -2.49739187335 -2.16590048769 -0.709721493600 0.747371107788 -0.474682238973 -1.91405283170 -0.898669653802 0.695049298651 -0.0367151044518 -1.08857482367 -0.206938381455 1.48626840707 -0.345431976346 -2.12041612058 -1.01828762334 1.60506874166 -0.852850508910 -1.58194302420 -1.28477061855 0.200786655856 0.0536096025994 1.08911240967 1.11368314315 -0.334174528018 0.437909719289 0.798335136459 0.274301654932 1.59894674774 -0.556575873618 0.130870660489 0.195440825398 0.472261990636 0.623645674978 0.207602822491 0.165003457485 -0.649298902385 -1.02706205958 -0.0481193232141 -1.99186127278 1.16360083727 -1.07740534584 0.763431749106 0.579990431928 0.282726070244
# mat_params[1]:
 7.45085823499 10.4713688007
# mat_params[2]:
 5.35874439724 8.01725735796
# mat_params[3]:
 5.29179714788 8.21542871101
# log_m_devs:
 0.129685782022 0.0740840132431 -0.203769795265
# log_slx_pars[1]:
 1.45731585618 -0.336166683936
# log_slx_pars[2]:
 1.68123850209 -0.261730513850
# log_ft_pars:
 -1.47147226986 -1.52561879639 -1.92536391836 -1.74581432432 -1.39982055080 -1.22150437665 -1.25101392472 -1.59237477625 -1.12351219874 -1.81816318727 -1.89631537804 -3.91868700433 -4.30422371050 -2.87657485200 -3.27320645052 -2.35680908920 -2.01343367149 -1.54569035957 -1.38546709063 -2.29433543634 -2.41238587300 -2.47600344045 -2.71527285211 -2.16717083228 -2.48314103816 -3.14191109463 -2.58627456478 -1.94093024368 -1.93509670075 -1.37746408932 -0.841787027799 -0.807927260145 -1.14068158440 -1.50882836211 -1.42910195917 -0.644888311161 -1.14220576946 -1.51978571253 -4.25703593715 -4.27713141739 -3.46412641522 -2.98475419705 -3.26917322110 -3.46169320147 -3.24585515365 -3.14238397574 -2.01939088234 -2.45509921127 -9.06653107806 -4.31236558752 -2.61199211640 -2.32071024780 -2.70272484129 -2.19032933914 -2.26704121826 -2.36270251800 -2.08393730150 -2.29145277646 -2.92427502346 -2.21663016919 -1.76556367704 -2.69962845895 -3.62932272899 -2.88479881003 -2.08564816189 -2.59013968729 -3.04187662652 -1.90966165575 -2.18193035242 -2.96047842784 -2.70657314784 -3.37287125850 -2.41596708320 -2.57579973876 -3.19674461426 -2.81001592630 -2.64214249209 -2.54777285728 -2.30326823047 -2.10242374821 -2.26414566283 -2.07989899372 -1.92435790179 -1.98771827841 -2.82204631895 -1.50622362668 -1.69767277870 -1.55376423664 -1.48686170565 -3.21520126791
