# Number of parameters = 202 Objective function value = -3492.03909182529  Maximum gradient component = 6.95608417261556e-005
# theta[1]:
-0.0631985981754
# theta[2]:
9.80690777014
# theta[3]:
8.43968780252
# theta[4]:
8.82889054295
# theta[5]:
0.369649995451
# theta[6]:
4.00000000000
# log_rinit_devs:
 -0.293275599961 -0.181955900866 0.0519544947971 0.112281896786 0.310995109243
# log_rbar_devs:
 1.40436731372 1.18795541240 0.922461305007 0.903530764646 0.721630802427 1.09863689621 0.658293139943 0.565137147361 0.531764853933 0.612981305474 0.526324741194 0.478288510483 0.560464906852 0.630763024867 0.852873822854 0.717244117162 0.825927032738 0.619204604372 0.873952339735 0.609245561669 0.595323246560 0.665869785205 0.562480982190 0.283690184904 0.374858810538 0.397368639434 0.249614389725 0.665014553046 0.122933341427 -0.113317878874 -0.311597201595 -0.104114318508 -0.0293414345447 -0.501493622450 -0.697699782709 -0.851136296212 -1.12142036248 -1.20013399661 -1.29995961504 -1.47035963797 -1.51877228870 -1.65438119881 -1.68333759306 -1.72597465054 -1.60902092548 -2.16366478097 -2.28964605818 -2.50137354954 -2.01345695065 -0.551702986147 1.03166704650 -0.333356486080 -1.69636018152 -0.701507116154 0.869134039504 0.159263589075 -0.877148272171 -0.0358849078688 1.61577124336 -0.113630094353 -1.76582270318 -0.810897044204 1.70510465941 -0.652192362246 -1.39294473661 -1.11888679704 0.299880290995 0.207955105802 1.22586077528 1.25074650968 -0.149246497747 0.625397607781 0.962242739008 0.489937397884 1.74960229389 -0.324093767768 0.310474596776 0.370109681950 0.634936109749 0.781305548083 0.427556381426 0.435461059550 -0.283873606904 -0.605146983442 0.395668599043 -1.45667118774 1.72808598269 -0.658729193606 0.958712903425 0.544161759515 0.391059611259
# mat_params[1]:
 7.45004572888 10.2924396510
# mat_params[2]:
 8.38698170495 12.1314263328
# log_m_devs:
 0.0757499478008 -0.103660455630 0.0279105078297
# log_slx_pars[1]:
 1.65346981398 -0.222147413966
# log_slx_pars[2]:
 1.74688046681 -0.329632462360
# log_ft_pars:
 -2.07348557805 -2.10975402073 -2.50101137231 -2.31508458683 -1.97180118364 -1.83486725329 -1.90894005387 -2.30302310273 -1.89762546695 -2.62797897499 -2.70394355347 -7.01954878797 -5.03152386003 -6.94300405746 -3.93816631206 -3.00128370811 -2.67337605413 -2.23844289724 -2.13870802509 -3.06491030970 -3.16834445536 -3.20879708367 -3.40705097190 -2.82688868735 -3.10863623921 -3.70445371418 -3.08451429559 -2.41537442218 -2.37799131131 -1.83156232149 -1.35603176497 -1.40186906570 -1.80248927458 -2.20634300540 -2.17492333742 -1.50569931277 -2.12038584028 -2.51307288945 -5.17562863816 -5.08482360680 -4.17643746367 -3.61503871322 -3.81910012367 -3.95537286011 -3.70950741817 -3.57899198042 -2.50490307137 -3.00891069628 -9.70839378756 -5.09571294865 -3.59227210296 -3.23467669766 -3.65685933006 -3.20577240215 -3.25313118797 -3.25517810879 -2.99839319769 -3.25973965092 -3.85042246430 -3.05366514674 -2.66912394569 -3.67752646744 -4.54030668527 -3.64980909463 -2.89821247321 -3.48657906243 -3.90213193562 -2.70965867827 -3.03887299422 -3.80325460079 -3.52752629564 -4.23386862227 -3.27914002533 -3.42098541096 -4.07603669552 -3.62739208267 -3.48762206374 -3.42394123482 -3.15395762643 -2.94675762764 -3.10023707242 -2.94726732358 -2.82994989802 -2.95191261107 -3.82167395456 -2.53716048900 -2.95169246414 -2.76729436309 -2.61853515361 -4.18371730413
