# Number of parameters = 201 Objective function value = -3547.95490428308  Maximum gradient component = 2.61455685746904e-005
# theta[1]:
-0.0692460112955
# theta[2]:
9.04533265774
# theta[3]:
8.53201410420
# theta[4]:
8.80202325565
# theta[5]:
0.888133325059
# theta[6]:
4.00000000000
# log_rinit_devs:
 -0.120569018034 -0.0659193225774 0.0914722085498 0.0469495988386 0.0480665332234
# log_rbar_devs:
 0.759573920533 0.586522335919 0.372841877235 0.420490937864 0.276294827520 0.648120508550 0.283254646864 0.241327076349 0.262714641342 0.392907528300 0.361437397430 0.354568939065 0.468847398183 0.586997150466 0.866730439518 0.834686944701 1.03725570664 0.818821530022 1.03542562837 0.768306893155 0.744087698957 0.804058768638 0.704644766996 0.438977022748 0.528789717259 0.557284227871 0.425935029056 0.836956118674 0.329263133136 0.119629571480 -0.0534788284306 0.163622460956 0.248960979388 -0.193540232412 -0.367055910703 -0.502329827835 -0.756618693493 -0.833388060657 -0.931150492738 -1.09912570855 -1.14732880166 -1.28337304172 -1.31773722644 -1.36525165957 -1.26167949332 -1.80259771404 -1.92752826120 -2.14677823478 -1.66468004161 -0.189211534230 1.42149305310 0.0513737240862 -1.32572039108 -0.326814156893 1.26558253724 0.536551577445 -0.508660543939 0.329442162318 2.02346619417 0.248674782493 -1.44948412629 -0.483325282920 2.06832384643 -0.343440260347 -1.09756188239 -0.839838157857 0.585340018069 0.493769338396 1.52358395664 1.54776044056 0.120629724132 0.887532139261 1.20995369328 0.690805132925 2.06894438992 -0.210970027812 0.295920957104 0.129228830614 0.126756515577 0.00745842719777 -0.385149199918 -0.461594199132 -1.37810364433 -1.80262165869 -0.823098171213 -2.73652994715 0.469693246774 -1.90116662854 -0.180928402039 -0.442590033695 0.158829966711
# mat_params[1]:
 7.84762105585 10.6831597141
# mat_params[2]:
 5.98229909199 8.69047912251
# log_m_devs:
 -0.000172176093504 0.141641843512 -0.153895156441 0.0124254890232
# log_slx_pars[1]:
 1.67281116443 -0.226719796141
# log_ft_pars:
 -1.46921607354 -1.54320792058 -1.98652261609 -1.85871613263 -1.56304316429 -1.45480507044 -1.56857802407 -2.01826498052 -1.66516800061 -2.45864283859 -2.59329578208 -2.93554091541 -5.02148731297 -2.02794466998 -3.98787765711 -3.12282657948 -2.87746289113 -2.39784716556 -2.26248951513 -3.16289537608 -3.24243006794 -3.26638951078 -3.45341745408 -2.86738810487 -3.14914813688 -3.74841599085 -3.13542587817 -2.48242916558 -2.45418517105 -1.92318224796 -1.47562659794 -1.55426914366 -1.97830605517 -2.39287210399 -2.37231747051 -1.72883262794 -2.36277423506 -2.76541693947 -5.42885639042 -5.33733569057 -4.43068335830 -3.87218721410 -4.08005788506 -4.21489508723 -3.96249433786 -3.82738381696 -2.75595484560 -3.25996645313 -9.95978408283 -5.37526588590 -3.91800088842 -3.53799915482 -3.94192840098 -3.48325013113 -3.55754837172 -3.55238036488 -3.28678624194 -3.54216689974 -4.16669161520 -3.35752230584 -2.96313663503 -3.95466487283 -4.82689478720 -3.91491829381 -3.14800999289 -3.71962318467 -4.11380301495 -2.90803152310 -3.25404880620 -4.01778687844 -3.72496560967 -4.41818693882 -3.45292749580 -3.57209789578 -4.26345696536 -3.80236734752 -3.63209914420 -3.48606209043 -3.03561513294 -2.58263890960 -2.61416070553 -2.37699804266 -2.19007702587 -2.24097623571 -3.02387261500 -1.62273228263 -2.37221497107 -2.12322371430 -1.91789684856 -3.45492113136
