# Number of parameters = 208 Objective function value = -3723.85938860915  Maximum gradient component = 8.05342366670663e-005
# theta[1]:
-0.293755441575
# theta[2]:
6.95072619723
# theta[3]:
6.90090072995
# theta[4]:
7.36942155252
# theta[5]:
0.587821280209
# theta[6]:
4.00000000000
# log_rinit_devs:
 0.264719825304 0.144569369476 0.101504920518 -0.0748190661730 -0.435975049126
# log_rbar_devs:
 0.711259628517 0.531752043456 0.354569329004 0.449497378015 0.349940608220 0.662520875104 0.332601458835 0.308968544814 0.348247973519 0.481100517888 0.496593979402 0.467930784847 0.467946259489 0.571979760342 0.699345695493 0.746963109358 0.949620648312 0.752194541570 0.914930256123 0.692325615225 0.687455649062 0.754712062515 0.682539625265 0.469303921958 0.557627464555 0.605901883844 0.515218172829 0.872828594746 0.445484797162 0.221274303925 -0.0392192433695 0.0138062703986 0.0110266211363 -0.413594579343 -0.644527108218 -0.893877556041 -1.21167101849 -1.29463736307 -1.34026772002 -1.42566447603 -1.42104247220 -1.50771065833 -1.51390221783 -1.54188074201 -1.44708187353 -1.97967671852 -2.17925422762 -2.44441355661 -1.94518919492 -0.511509107503 0.945653720537 -0.316509941890 -1.77504102129 -0.746233193927 0.871216763647 0.129116218394 -0.927522156740 -0.0554544404819 1.66952293902 -0.188218452333 -1.95987330410 -0.818376099703 1.87111898299 -0.638593263724 -1.35974509580 -1.05850429192 0.434822442397 0.291890641442 1.34946628312 1.38303954519 -0.0848998680861 0.704087342683 1.06592873443 0.545332141185 1.88022458804 -0.318778707554 0.348289989291 0.380151062412 0.619013045118 0.731955322958 0.338489080840 0.326383892005 -0.440751888321 -0.768423720383 0.300971478760 -1.53729254619 1.79237107318 -0.631445991154 1.10197735908 0.741078205634 0.431214589947
# mat_params[1]:
 7.17800015710 10.1701704146
# mat_params[2]:
 7.40758346389 10.6084522113
# mat_params[3]:
 5.79380774424 8.53884275388
# log_m_devs:
 -0.135435514883 0.0663379781144 0.109082265024 -0.192120806967 0.152136078711
# log_slx_pars[1]:
 1.07419011789 -0.439464570482
# log_slx_pars[2]:
 1.36102006981 -0.538654807825
# log_slx_pars[3]:
 1.69279212666 -0.239386097703
# log_ft_pars:
 -1.26746670133 -1.34591599891 -1.75055375748 -1.64154598795 -1.36965640926 -1.34538735601 -1.44315667158 -1.87336051762 -1.54607377434 -2.43028448168 -2.64445810900 -0.920867174280 -4.93438991174 -0.841253797938 -3.83860286967 -3.03205539168 -2.37485952678 -1.90847931428 -1.75289711240 -2.67229525693 -2.77430965625 -2.82222754289 -3.04869317039 -2.48391837723 -2.77521621675 -3.41387289018 -2.83961246028 -2.17480659503 -2.16823448342 -1.59111435178 -1.04900610072 -1.02975733506 -1.38175043072 -1.76193865454 -1.67782306012 -0.911338968830 -1.44387299943 -1.82445646412 -4.54316157607 -4.54051506518 -3.70583669726 -3.21025018772 -3.48100912259 -3.65675053854 -3.42419762694 -3.32250663015 -2.20035122796 -2.66352799470 -8.65096543656 -3.75210597532 -1.85573593549 -1.60985058715 -2.20869592320 -1.87853137020 -1.76542946251 -1.74475371901 -1.55491724790 -1.88747470058 -2.34964342347 -1.57310792346 -1.30115824963 -2.45177578304 -3.18682224992 -2.31202080039 -1.69335803032 -2.43847449720 -2.83216590409 -1.51410769244 -1.63601797112 -2.38784979959 -2.22503767508 -3.03822016539 -2.08998880772 -2.21133294570 -2.74968720508 -2.36544606992 -2.30473029057 -2.30048747185 -1.98097090187 -1.66089128910 -1.79723433282 -1.68391894821 -1.61212484540 -1.77310187658 -2.67699549441 -1.38229222353 -2.12502432860 -1.85622950146 -1.64248330482 -3.18585239077
