# Number of parameters = 204 Objective function value = -3605.22603629634  Maximum gradient component = 9.95388581455218e-005
# theta[1]:
-0.291430428982
# theta[2]:
7.66636727384
# theta[3]:
6.61764600356
# theta[4]:
7.12652495885
# theta[5]:
0.653443905509
# theta[6]:
4.00000000000
# log_rinit_devs:
 0.0861264609307 0.0811410701352 0.112254404880 -0.0284205819352 -0.251101354011
# log_rbar_devs:
 1.46352314963 1.28561627984 1.09731274081 1.10674352237 0.931853160708 1.18928485073 0.800191135544 0.705389530815 0.667897879469 0.745175574777 0.673947148549 0.624349990873 0.688757895095 0.736552454036 0.908960537541 0.792995228149 0.787384095220 0.582847229306 0.743854316352 0.535947590257 0.551162147538 0.638750713695 0.588655996003 0.403551672918 0.523068491549 0.601345860385 0.534079757441 0.911212001970 0.483261455745 0.240878532984 -0.0396180942622 0.000687824483829 -0.0133845692033 -0.467951034370 -0.756860164643 -1.06360635040 -1.41845846561 -1.49762895297 -1.52046536339 -1.57516081990 -1.54440121676 -1.60351357900 -1.58400818697 -1.59017158755 -1.47885421454 -2.00600725620 -2.23517991447 -2.55392921659 -2.16590240850 -0.710530289392 0.749998875960 -0.479177468614 -1.90239198276 -0.890417248754 0.682396344910 -0.0369219760050 -1.07860369856 -0.200348097739 1.46221636166 -0.332508339947 -2.08315001631 -0.991808641677 1.59568555181 -0.809699111973 -1.53228324759 -1.22766952123 0.245633509545 0.110262627420 1.14044407014 1.16524597889 -0.255294250510 0.518482173513 0.887948954999 0.401039740541 1.70528656198 -0.360036895405 0.349418226723 0.470665662764 0.848755887653 1.20657552279 0.777358856720 0.725998788171 -0.199487672529 -0.648858044435 0.349523985458 -1.71064292924 1.55164626465 -0.933594545433 0.866662878481 0.645177515043 0.496862268802
# mat_params[1]:
 7.33225791371 10.1694619992
# mat_params[2]:
 7.35360249601 10.6450520747
# mat_params[3]:
 5.40176711081 8.25147667069
# mat_params[4]:
 5.08984531395 7.35478742569
# log_m_devs:
 0.00273078575921 -0.0345785638076 0.0318477780484
# log_slx_pars[1]:
 1.43889283366 -0.358355154880
# log_ft_pars:
 -1.13418976872 -1.20823959018 -1.63498599247 -1.48589123490 -1.16214339602 -1.00848086184 -1.06916207344 -1.45257760113 -1.02872903943 -1.79173230229 -1.92966488386 -1.09885590733 -4.24343580560 -0.945246124960 -3.11278130328 -2.23301865645 -1.89007601237 -1.42125202693 -1.24515776900 -2.15291306511 -2.28111022165 -2.35338216270 -2.60312360427 -2.06457215082 -2.38771786232 -3.05568768843 -2.50913655805 -1.86138909128 -1.86417340692 -1.31212185408 -0.767823318185 -0.709475148597 -1.01808993794 -1.38211755772 -1.30241921583 -0.485573013096 -0.927019022518 -1.26955065527 -4.00656647515 -4.04570091843 -3.24671359856 -2.77791023789 -3.06913117487 -3.27557395677 -3.08059723176 -2.99643234983 -1.89230222543 -2.36466107877 -9.02362171009 -4.25984554018 -2.54021784625 -2.26914894235 -2.66505683990 -2.16066598893 -2.21307895988 -2.31327936608 -2.03949738015 -2.25130744506 -2.85546712719 -2.15797518326 -1.71119097932 -2.66183004794 -3.57137663192 -2.84220651965 -2.05185897520 -2.57596184846 -3.04217082605 -1.91629463007 -2.17724557879 -2.96077134265 -2.72258824183 -3.40234661398 -2.45319546115 -2.63310166865 -3.25275302948 -2.88766410052 -2.74277467280 -2.68959567678 -2.51059428837 -2.41868771433 -2.52191999996 -2.28342285948 -2.07475855271 -2.06492642651 -2.82429445925 -1.47160460587 -2.35330441164 -2.25287392644 -1.99658346561 -3.52783969907
