# Number of parameters = 206 Objective function value = -3564.99318367962  Maximum gradient component = 0.000689855689565942
# theta[1]:
-0.112555779621
# theta[2]:
8.96058285917
# theta[3]:
8.05866669379
# theta[4]:
8.39686459475
# theta[5]:
0.425247728953
# theta[6]:
4.00000000000
# log_rinit_devs:
 -0.146563330565 -0.101064865686 0.0591635656008 0.0405245578253 0.147940072825
# log_rbar_devs:
 1.14004242369 0.941028898123 0.704392789438 0.759089323690 0.614153685895 1.03015188428 0.625357626398 0.570212639808 0.573373322351 0.682955808668 0.622959084294 0.610577296158 0.732163308149 0.818698149985 1.04279202458 0.882808863125 0.963758705755 0.742092187314 1.00068971546 0.720836672890 0.709764170799 0.789012028188 0.688703786251 0.408415020823 0.517545679851 0.554102916289 0.407035196984 0.861895231161 0.289148016741 0.0386560650396 -0.178631323389 0.0292704216573 0.0992829333950 -0.408521223678 -0.631299718687 -0.809508463986 -1.10249135023 -1.18953926925 -1.29616262907 -1.47549453251 -1.53151710105 -1.67635538567 -1.71083643432 -1.75929513864 -1.63781180565 -2.21334712221 -2.34921408366 -2.56800023015 -2.06418898346 -0.597430310788 0.954563636099 -0.387361057970 -1.76312176788 -0.757625515942 0.819844731389 0.105084699955 -0.940353158385 -0.0869005424479 1.58156214756 -0.174718674061 -1.84696848666 -0.861818927696 1.68770919349 -0.696793892842 -1.43992578729 -1.15650887143 0.272822507582 0.172106443500 1.19352881924 1.21939171247 -0.194106410821 0.587112321588 0.926090340147 0.444219459720 1.71750067125 -0.379131878409 0.259605949965 0.317422645760 0.583299039092 0.728299564951 0.366191705845 0.360736356761 -0.380245440761 -0.705723246169 0.308127475753 -1.53647162858 1.68084356269 -0.713352378638 0.923608772834 0.506513039641 0.333622097878
# mat_params[1]:
 7.50226647672 10.1520749790
# mat_params[2]:
 7.15762304815 10.1182211030
# mat_params[3]:
 7.73719521037 11.3795718332
# log_m_devs:
 0.0695959952037 -0.126716449250 0.0571204540459
# log_slx_pars[1]:
 1.39805853124 0.0386657615841
# log_slx_pars[2]:
 1.63658292355 -0.296179623037
# log_slx_pars[3]:
 1.73400023147 -0.330122602079
# log_ft_pars:
 -2.19352632006 -2.28707431358 -2.66351985557 -2.49927793400 -2.19177449899 -2.19350852844 -2.28476014801 -2.67586997901 -2.30002897670 -3.11771262944 -3.23862848716 -6.05108475285 -5.64197380111 -6.24718868858 -4.65975032171 -3.70488156174 -2.58135976366 -2.13816350711 -2.01762765358 -2.93306482724 -3.03697404797 -3.07336936453 -3.27187258002 -2.70324057671 -2.98864968886 -3.58564234750 -2.97654393880 -2.31022310804 -2.28942591393 -1.76661103373 -1.29423664882 -1.30793497005 -1.67350944658 -2.07241192168 -2.04341385863 -1.35642795933 -1.93823883042 -2.31105178565 -4.96042452677 -4.86377229533 -3.94661624822 -3.37435671700 -3.55943261405 -3.68692379787 -3.43887762844 -3.30879245899 -2.22558115642 -2.72031517052 -9.39765816842 -4.70366948760 -3.10966121784 -2.84220437119 -3.34609717982 -2.91251066108 -2.87245270220 -2.89488625836 -2.68954634479 -2.95592163701 -3.46437490475 -2.71146915446 -2.39249781510 -3.42331511505 -4.18004225807 -3.32902252697 -2.64651108129 -3.26311542284 -3.62482910121 -2.39583612843 -2.67149388493 -3.44406474431 -3.22438836502 -3.95593712531 -2.97859809150 -3.12252099595 -3.73099767398 -3.32348316091 -3.21738498958 -3.15289980559 -2.85779054913 -2.62921399129 -2.79332064100 -2.65440730850 -2.54626879683 -2.67523857744 -3.53295279311 -2.24393644797 -2.67598329170 -2.46106171646 -2.29504589724 -3.85138440130
