# Number of parameters = 199 Objective function value = -3622.29913124302  Maximum gradient component = 0.000216162528116380
# theta[1]:
-0.406622120080
# theta[2]:
8.02458474820
# theta[3]:
6.69600945389
# theta[4]:
7.11955632345
# theta[5]:
0.779652249374
# theta[6]:
4.00000000000
# log_rinit_devs:
 -0.0109349547234 0.0249445092810 0.104844920892 0.0273547213739 -0.146209196824
# log_rbar_devs:
 1.59138919616 1.40971049917 1.20823743581 1.18642666395 0.997712318479 1.21270553338 0.808839195449 0.672653437023 0.582618124038 0.616348736870 0.547814967158 0.525146312096 0.606175463920 0.676943640635 0.871653991470 0.789629233540 0.848568577141 0.642060540458 0.789955309549 0.587736887149 0.601773187437 0.684174721288 0.635847428502 0.458682181312 0.572570081951 0.647561490662 0.584997474544 0.941390505335 0.530540332178 0.291134807468 0.0158574265477 0.0507516701640 0.0350574339709 -0.400458857608 -0.677827705240 -0.965741088340 -1.29307495410 -1.35933448945 -1.37623469164 -1.42823643272 -1.39763677555 -1.45522452586 -1.43682851542 -1.43809190383 -1.33744286168 -1.86851212281 -2.12121055135 -2.46342362531 -2.09019926657 -0.639191443463 0.824025044875 -0.402497080896 -1.84818479007 -0.832280420538 0.764851932608 0.0286158313524 -1.02668501111 -0.143923717411 1.55707652331 -0.283373840979 -2.06755188460 -0.954740623651 1.68115098340 -0.787225793066 -1.51599035377 -1.21761931183 0.274462085119 0.124564237887 1.16357227182 1.18968638581 -0.264046446971 0.511067675184 0.873102667570 0.346041793116 1.67914356787 -0.490290736209 0.194906843186 0.254727478587 0.524680565293 0.667105314022 0.250151561728 0.205509730838 -0.608464531753 -0.981841488158 0.0229992137386 -1.87108263638 1.34283995567 -0.851462049579 1.01263646347 0.856878387000 0.323469209640
# mat_params[1]:
 7.40878486645 10.4961369992
# mat_params[2]:
 5.33306475963 7.98585562973
# log_m_devs:
 0.146081147081 -0.146081147081
# log_slx_pars[1]:
 1.44958122825 -0.352866154065
# log_ft_pars:
 -1.39305201659 -1.44804118128 -1.85456428908 -1.68390536384 -1.34476675201 -1.16583340129 -1.19784343712 -1.54695519195 -1.08501896036 -1.78896696170 -1.87624356327 -2.33188477415 -4.25232341844 -1.70035580335 -3.15608786711 -2.24885802065 -1.90797870157 -1.43767346163 -1.26647128292 -2.17394054602 -2.29792375681 -2.36710479448 -2.61392229851 -2.07275961040 -2.39602111734 -3.06421617358 -2.51750660267 -1.87198619377 -1.87248446512 -1.31897841626 -0.779077363774 -0.731464392296 -1.04964466023 -1.41516120054 -1.33527405033 -0.531595901131 -0.998714312202 -1.36220044672 -4.10716942532 -4.14486178018 -3.34660331858 -2.88031971190 -3.17671227800 -3.38324274888 -3.18294802924 -3.09618548509 -1.99034940303 -2.45158458364 -9.09231798283 -4.32645194654 -2.62660676775 -2.33767139984 -2.71235483408 -2.19052837119 -2.26885090476 -2.36864791195 -2.08595854622 -2.28568885177 -2.92469383577 -2.22392931567 -1.76625214986 -2.68859602885 -3.62942688873 -2.89683784204 -2.09281577196 -2.58602722843 -3.03747540762 -1.91347719064 -2.19038435289 -2.97213510516 -2.71736154307 -3.37716875299 -2.41994565113 -2.58119774623 -3.20531891095 -2.82236341923 -2.64871019746 -2.54641125205 -2.29677109043 -2.09018036610 -2.25446316172 -2.06933378940 -1.91233098288 -1.97442158771 -2.81102902745 -1.50398027084 -2.34952808816 -2.36446528091 -2.27545035240 -3.96077341823
