# Number of parameters = 206 Objective function value = -3709.57668983430  Maximum gradient component = 0.000419705586159067
# theta[1]:
-0.316939711051
# theta[2]:
7.63377725724
# theta[3]:
6.79286469032
# theta[4]:
7.27410088306
# theta[5]:
0.546836386728
# theta[6]:
4.00000000000
# log_rinit_devs:
 0.0513828180757 0.0201629640602 0.0777729665571 0.00406798158353 -0.153386730277
# log_rbar_devs:
 1.22999482968 1.03409350879 0.823742702828 0.862545484828 0.719107440675 0.992879081835 0.604858304252 0.508428782609 0.458189791843 0.492394714108 0.428135492501 0.398799121412 0.498454561279 0.605020736534 0.803095122343 0.727018337708 0.794374505212 0.593848265547 0.750762864486 0.528569080091 0.532351246920 0.609126730586 0.546811483983 0.341797966637 0.439614990630 0.500711029279 0.422244745433 0.791499248679 0.372977626278 0.154041959728 -0.114649147433 -0.0776602710556 -0.0907240670702 -0.519039122737 -0.756599851163 -1.03297171189 -1.37884928194 -1.47161061441 -1.50950285680 -1.57804589419 -1.55803836512 -1.63089561376 -1.62377802584 -1.63963019155 -1.52792743710 -2.04200253781 -2.22643318279 -2.47585206138 -1.95529808018 -0.519955833151 0.932231422983 -0.329021744031 -1.78591294788 -0.758038084197 0.854811741810 0.113170233926 -0.942973486827 -0.0693871537546 1.64951434805 -0.207393636819 -1.97702298173 -0.832962013515 1.85351048329 -0.648500994795 -1.36727251210 -1.06197091538 0.431510698947 0.287458576475 1.34350139799 1.37732377738 -0.0848270572724 0.705617986361 1.07185534597 0.560953484344 1.89383561687 -0.276688733854 0.406230755327 0.461838573688 0.729419903004 0.879557874086 0.461576907583 0.425113912133 -0.397420913597 -0.779230638460 0.232341627871 -1.67949628210 1.55790762092 -0.634615655108 1.24302868070 1.07383855781 0.450560614580
# mat_params[1]:
 7.15895885912 10.1464701401
# mat_params[2]:
 7.32956415196 10.5970261511
# mat_params[3]:
 5.68471285509 8.42626319745
# log_m_devs:
 0.0312252476840 0.102352529016 -0.133577776700
# log_slx_pars[1]:
 1.06317417133 -0.417318741668
# log_slx_pars[2]:
 1.33287359369 -0.571200875110
# log_slx_pars[3]:
 1.67901734974 -0.239935373218
# log_ft_pars:
 -1.69318076332 -1.75474482357 -2.12250322761 -1.96224755029 -1.64419113660 -1.57822719751 -1.61733544411 -1.97141856198 -1.55469888687 -2.33609524599 -2.45008993274 -2.58011283170 -4.84312348833 -2.39421054636 -3.85128535133 -2.93031692003 -2.20345114224 -1.74238259488 -1.58189907795 -2.50182407849 -2.61173395400 -2.67040613571 -2.90889850224 -2.35204938600 -2.65200552174 -3.30502150891 -2.74316928214 -2.08705433229 -2.08913600261 -1.51172331833 -0.961295945236 -0.928266339699 -1.26963608601 -1.64560757558 -1.55720049760 -0.768865630590 -1.27016923698 -1.63742011938 -4.36497221662 -4.38156741064 -3.56366858612 -3.08276867691 -3.36792120561 -3.55837309617 -3.34106564817 -3.25360554365 -2.14076275079 -2.62045713064 -8.64104481991 -3.73880690339 -1.83167166750 -1.59030543173 -2.18877922221 -1.85252716606 -1.73584988560 -1.72100027771 -1.53046201509 -1.85782858600 -2.31731013040 -1.54662360866 -1.27135045863 -2.41586223922 -3.15250875614 -2.28973710231 -1.67194185005 -2.41108701032 -2.80893167958 -1.50001085950 -1.62135529441 -2.37365487605 -2.21428800565 -3.02722640906 -2.08021758976 -2.20833835691 -2.75043947865 -2.37372312774 -2.31917081813 -2.32155807724 -2.02371342157 -1.73708195793 -1.85851802951 -1.72287568257 -1.62282941626 -1.74879963776 -2.61026063274 -1.26686515552 -1.92129792509 -1.84124241982 -1.82194776353 -3.56374835676
