# Number of parameters = 203 Objective function value = -3512.75464666223  Maximum gradient component = 897.997614339141
# theta[1]:
-0.286008132001
# theta[2]:
7.99181034526
# theta[3]:
7.33105832232
# theta[4]:
7.70227216365
# theta[5]:
0.456345167467
# theta[6]:
4.00000000000
# log_rinit_devs:
 -0.0110428868607 0.0143987289674 0.0976633484280 0.0470097390214 -0.148028929556
# log_rbar_devs:
 0.926303276048 0.771748304213 0.599686322940 0.616490720720 0.473793720597 0.712393424180 0.389318582973 0.328002610198 0.310874067990 0.397816191993 0.360154660614 0.352209260197 0.442406988950 0.533934355658 0.750569137755 0.727410437659 0.862601026357 0.679500680300 0.821305893388 0.614677268537 0.597553625518 0.641075875756 0.560872165093 0.361336242267 0.426477501820 0.446920154715 0.336716053508 0.620715930381 0.199621302632 -0.0407962614152 -0.290025430178 -0.252742421434 -0.270382572848 -0.676846427128 -0.916752344558 -1.14404552534 -1.42101244481 -1.50080870770 -1.56249916591 -1.66031472345 -1.67942639717 -1.75903713470 -1.76508390135 -1.78432722803 -1.68418104631 -2.09089861944 -2.17541550739 -2.33505344558 -1.78459449242 -0.335421241021 1.24898495723 -0.0753707383341 -1.51596399460 -0.487935087578 1.12994150858 0.389843606764 -0.660717531771 0.204110388113 1.90808581483 0.0980350039330 -1.67298131927 -0.592846709406 2.01920203572 -0.449098669100 -1.18460181249 -0.904665740830 0.568996929839 0.445973691099 1.50291326663 1.52369999971 0.0608577097635 0.829931496508 1.18143223451 0.650985255978 1.96036887365 -0.242534978216 0.385779357729 0.402818206742 0.613945908307 0.692786800236 0.384450908418 0.455213219067 -0.156959553448 -0.408617940265 0.574857488984 -1.39443147682 1.59107669967 -0.924556515935 0.641474073376 0.0962005496543 0.376495338259
# mat_params[1]:
 6.76328906897 9.84831121259
# mat_params[2]:
 10.9263587414 19.3048284579
# log_m_devs:
 -0.0699629281671 0.0547056811991 0.202413280812 -0.187156033844
# log_slx_pars[1]:
 1.47611071630 -0.334407851400
# log_slx_pars[2]:
 1.40072058079 0.900305148359
# log_ft_pars:
 -1.46006439730 -1.51843049687 -1.94645040509 -1.80690787796 -1.50941052837 -1.36605411857 -1.44762014184 -1.86290088485 -1.48010559040 -2.25945686092 -2.39498322271 -1.88170103842 -4.78904487484 -1.83291913477 -3.72881134505 -2.85260987347 -2.57082536970 -2.10014348350 -1.94582504107 -2.85500653320 -2.95206517130 -2.98706186603 -3.19356308305 -2.62538655219 -2.91798809196 -3.53663434379 -2.93787720045 -2.23793539264 -2.19295653375 -1.62079288752 -1.09758106751 -1.07764777304 -1.40146645957 -1.76262224913 -1.69013152482 -0.945391404994 -1.50268277850 -1.89265404404 -4.59802307548 -4.57550740592 -3.72283693533 -3.21049903644 -3.46164725168 -3.63703610122 -3.41751424420 -3.32608992301 -2.27405691694 -2.82602214808 -9.60005125730 -4.96828478019 -3.47853301625 -3.13503323987 -3.44525200658 -2.88145568424 -3.03818779537 -3.11927588714 -2.80874220817 -2.99491462251 -3.69952402726 -2.96207181289 -2.47007151323 -3.35120464894 -4.37515749739 -3.59926390790 -2.74586609166 -3.18583413796 -3.64523363589 -2.55143124664 -2.92129889734 -3.70752633622 -3.39836755602 -4.01683860855 -3.05430323185 -3.20671974336 -3.87321390355 -3.43609087949 -3.20982994334 -3.05590176420 -2.76547661004 -2.52481651560 -2.75002464541 -2.63133089519 -2.56018388017 -2.73483933682 -3.67118969289 -2.48565895456 -3.89098864337 -3.33515471971 -3.06300095402 -4.44659210177
