# Number of parameters = 205 Objective function value = -3691.53857776473  Maximum gradient component = 3.87764744110458e-005
# theta[1]:
-0.209515731518
# theta[2]:
8.75319669618
# theta[3]:
7.79391778345
# theta[4]:
8.15451282860
# theta[5]:
1.09123819451
# theta[6]:
4.00000000000
# log_rinit_devs:
 -0.113275756456 -0.0676120145795 0.0693599810846 0.0316247581120 0.0799030318392
# log_rbar_devs:
 1.18079774592 0.984714422867 0.753400427298 0.781207252756 0.622494394311 0.962354927663 0.568593297244 0.486383978752 0.467955551885 0.546907016904 0.482281451374 0.444824746951 0.533914674521 0.614556516965 0.823599068222 0.708515457579 0.796128661961 0.588720052984 0.820667670588 0.595364524903 0.604896661730 0.691356215349 0.621157301922 0.394187740280 0.512657577093 0.568233513711 0.462245227261 0.861657911078 0.355762504444 0.102987315351 -0.115568028436 0.0675094409191 0.141667724213 -0.302856548319 -0.493451764102 -0.629440133174 -0.846142834754 -0.858344061187 -0.884627946758 -0.986849426346 -0.974620526173 -1.06478509929 -1.05921459450 -1.07100176914 -0.963106536438 -1.52837393849 -1.72104008952 -2.02331654597 -1.67887502516 -0.283116446463 1.23647129918 -0.0179799434313 -1.43985264448 -0.439781464237 1.14822867114 0.415976781218 -0.643748310373 0.210740845680 1.93608529274 0.103033523583 -1.66533823522 -0.616392164823 2.00032889969 -0.477879618406 -1.23686272550 -0.974144990014 0.477137857023 0.360589907960 1.38293400362 1.40930782929 -0.0363025299057 0.739731922740 1.07120550373 0.536175903957 1.96019208743 -0.363458726884 0.202759743802 0.0481973458090 0.0779722025433 -0.00169934926981 -0.400189197791 -0.460865904964 -1.37490151931 -1.80989216770 -0.836388510753 -2.79006221253 0.392416674152 -1.83780083501 0.0479619997886 -0.0512257129951 0.0543488077650
# mat_params[1]:
 7.84378682785 10.4781674633
# mat_params[2]:
 8.08970581269 10.8663822047
# mat_params[3]:
 7.21766746924 10.3800793249
# mat_params[4]:
 5.29337391966 7.83263368663
# log_m_devs:
 0.195151819983 -0.195151819983
# log_slx_pars[1]:
 1.48168523764 0.121351963153
# log_slx_pars[2]:
 1.64859225617 -0.293665598031
# log_ft_pars:
 -1.80303101165 -1.87792303825 -2.24606761122 -2.07250633983 -1.74649799846 -1.70523702025 -1.76707264582 -2.13837398151 -1.74093488039 -2.53764497278 -2.64710319232 -3.88904261486 -5.02098507803 -2.03303696867 -3.97783406054 -3.03929376851 -1.98676055682 -1.54418305646 -1.42219934043 -2.34751532634 -2.47384687259 -2.53519737142 -2.76183379225 -2.21093120988 -2.52425401253 -3.15746267324 -2.57604994671 -1.92000908297 -1.90932473110 -1.37963571789 -0.886158418398 -0.892367972889 -1.27633651298 -1.69729077203 -1.68888473899 -1.01304758574 -1.63052321024 -2.07135170509 -4.80580071485 -4.79107415826 -3.95461180786 -3.45917083769 -3.72199734831 -3.90668458368 -3.69506698736 -3.59661746257 -2.52773862795 -3.02109444552 -9.64385336777 -4.80220187919 -3.07982439620 -2.79151655415 -3.28423252561 -2.85691469064 -2.83289319278 -2.85381453633 -2.64541501349 -2.90746551141 -3.43967375737 -2.68343637356 -2.36421710952 -3.38297304447 -4.13541325134 -3.27029332569 -2.58132356028 -3.18585634181 -3.51657887185 -2.25722505954 -2.51493706867 -3.27851015564 -3.04895494654 -3.77193117110 -2.78715215460 -2.90855814125 -3.54600189669 -3.14421102134 -3.02901243449 -2.90685915150 -2.46277323404 -2.01369491459 -2.10056294433 -1.92267737557 -1.78610772236 -1.87148890115 -2.68325304171 -1.28719817929 -1.86789638934 -1.74644717239 -1.68634669540 -3.39045901332
