# Number of parameters = 210 Objective function value = -3717.26072703237  Maximum gradient component = 0.000589326253413257
# theta[1]:
-0.335937734925
# theta[2]:
7.68236368603
# theta[3]:
6.81674982587
# theta[4]:
7.22922452840
# theta[5]:
0.725478531153
# theta[6]:
4.00000000000
# log_rinit_devs:
 0.00631996514919 -0.00979363542595 0.0734566347085 0.0318744193357 -0.101857383767
# log_rbar_devs:
 1.21971085872 1.02665932906 0.803115964728 0.839135658014 0.712235719498 0.980387141499 0.605594081198 0.498060563207 0.456919377997 0.452112583858 0.368728658819 0.310378330543 0.418912197505 0.527265357120 0.766416343969 0.706220248198 0.783954159691 0.580954990450 0.731367094051 0.514364854384 0.520084481219 0.596970390523 0.537901916104 0.339720685600 0.438097312248 0.500509193873 0.425807246620 0.786718852525 0.376928703018 0.158765953471 -0.107468963345 -0.0723218807758 -0.0842483970303 -0.501648986893 -0.734343500542 -0.999511262681 -1.32736689035 -1.40820075383 -1.43834836130 -1.50096037285 -1.47660040869 -1.54249513315 -1.53057739011 -1.54282739234 -1.43060719693 -1.91392957074 -2.05990077499 -2.26873468073 -1.72955630478 -0.305712868760 1.16725252957 -0.105733813977 -1.56386328796 -0.538740491733 1.07986980879 0.337929911903 -0.718910110926 0.142839317095 1.87067686234 0.0135692157459 -1.76374336974 -0.630188650129 2.05716414184 -0.458899310260 -1.18584167151 -0.894450057114 0.594872084116 0.455713006190 1.51224878486 1.54417795534 0.0785583591675 0.867423057289 1.22883820828 0.706996663648 2.10141577489 -0.133906806577 0.495582660116 0.425104288906 0.514779273750 0.474244883440 0.0603323150373 -0.00917694011280 -0.867744779289 -1.27559343618 -0.296958703834 -2.24775786108 0.934056037382 -1.32651440846 0.564282174042 0.477744924546 0.303714303715
# mat_params[1]:
 7.16474152670 10.2580243822
# mat_params[2]:
 7.41671728147 10.6705512590
# mat_params[3]:
 6.04484209408 8.92800137090
# mat_params[4]:
 4.78759935828 7.14717024636
# log_m_devs:
 0.0609417482769 0.169319810003 -0.230261558280
# log_slx_pars[1]:
 -0.111941541899 -3.68783025803
# log_slx_pars[2]:
 1.34438394453 -0.556893117943
# log_slx_pars[3]:
 1.73499844659 -0.182904366355
# log_slx_pars[4]:
 1.54324753347 -0.390760025003
# log_ft_pars:
 -2.03344977883 -2.07034233191 -2.40839044430 -2.25411226861 -1.93571836315 -1.91871152809 -1.91582280060 -2.26266633328 -1.85433759231 -2.63646191513 -2.72196148141 -6.03118968433 -5.11955207889 -6.07395378292 -4.17978899348 -3.22822539434 -2.17169628969 -1.71201206993 -1.55188039250 -2.47090415264 -2.58264448644 -2.64259400978 -2.88265359065 -2.32881247227 -2.63222653111 -3.28770368178 -2.72870390723 -2.07315439555 -2.07573010506 -1.50217874255 -0.955576626349 -0.925052751279 -1.26750661234 -1.64643636062 -1.56358845500 -0.783833408090 -1.29958678104 -1.67973644195 -4.41556274960 -4.43684244121 -3.62433017417 -3.14971517859 -3.44144947174 -3.63716775779 -3.42382908181 -3.34337272228 -2.25085103192 -2.75807215173 -8.66040172259 -3.75683548681 -1.86253884022 -1.57968645524 -2.16422201098 -1.86200921259 -1.77840736516 -1.73076377717 -1.51547014932 -1.86355576033 -2.34670222645 -1.53826181256 -1.24750289230 -2.42364909291 -3.18613558309 -2.26811164370 -1.61697640104 -2.38671374156 -2.81060325363 -1.47574476228 -1.57277559243 -2.31315269308 -2.13276985347 -2.95311531109 -2.02301040296 -2.14326376481 -2.69897267057 -2.31052356110 -2.25072180867 -2.25904163301 -1.91458230830 -1.95993077921 -2.07886949233 -1.89491730427 -1.73867049468 -1.81041050106 -2.62009300895 -1.26003599938 -1.86817405641 -1.81127407206 -1.73921653047 -3.41376180585
