# Number of parameters = 207 Objective function value = -3691.63889723373  Maximum gradient component = 0.000636714930798325
# theta[1]:
-0.213844233804
# theta[2]:
8.75592080660
# theta[3]:
7.78871674414
# theta[4]:
8.14613853526
# theta[5]:
1.11278934815
# theta[6]:
4.00000000000
# log_rinit_devs:
 -0.113370544393 -0.0675418702550 0.0692176742122 0.0317937126774 0.0799010277586
# log_rbar_devs:
 1.18717627663 0.991357160941 0.760383331520 0.787336340299 0.628572251686 0.966688751585 0.573606635847 0.491017232131 0.472135672170 0.550417589447 0.486194595359 0.449761565309 0.540320601570 0.622593447507 0.832655931013 0.717537122162 0.804611108853 0.597716325579 0.829024722428 0.604615266893 0.614263970427 0.700550160677 0.630883408560 0.404969328652 0.523389845321 0.578961328612 0.473269423547 0.870943533119 0.365416515064 0.112298276918 -0.106153625233 0.0759601488413 0.148870999781 -0.295699016675 -0.486854079439 -0.623111504566 -0.839274975928 -0.851429698485 -0.877664058426 -0.979701491071 -0.967668595563 -1.05779249663 -1.05254430266 -1.06465127838 -0.958309230273 -1.52367492261 -1.71723272216 -2.01963683158 -1.67520997653 -0.280099401231 1.23837992236 -0.0156995507357 -1.43819043329 -0.438288712252 1.15003593577 0.417544280021 -0.642159440439 0.211916257084 1.93766457772 0.103760803418 -1.66512708963 -0.615927199476 2.00191833789 -0.477881905953 -1.23682138445 -0.974503183670 0.477262364846 0.360395432382 1.38289548607 1.40947351212 -0.0365165684734 0.739615720280 1.07125551050 0.535410733868 1.96290012317 -0.364281969534 0.199281285170 0.0385227388697 0.0583106990011 -0.0320707723632 -0.427831937727 -0.489617606656 -1.40430637697 -1.83862150647 -0.866172478102 -2.81970648514 0.361406762630 -1.87189425365 0.0163201042082 -0.0775255700248 0.0420831766057
# mat_params[1]:
 7.84683736468 10.4798926365
# mat_params[2]:
 8.08957596526 10.8632081994
# mat_params[3]:
 7.20032242566 10.3509438329
# mat_params[4]:
 5.24686935283 7.77058261960
# log_m_devs:
 0.200486208747 -0.200486208747
# log_slx_pars[1]:
 1.48305328046 0.121991130513
# log_slx_pars[2]:
 1.65262166447 -0.288511110729
# log_slx_pars[3]:
 1.62464575957 -0.323245411111
# log_ft_pars:
 -1.80119411851 -1.87576956972 -2.24380613256 -2.06999509122 -1.74374143512 -1.70162319143 -1.76302986117 -2.13401390463 -1.73627019294 -2.53249708745 -2.64179296866 -3.94732375656 -5.01714971154 -2.09551518042 -3.97842552053 -3.03959723507 -1.97688685413 -1.53431915371 -1.41233917736 -2.33727611800 -2.46362798142 -2.52537165465 -2.75212826777 -2.20141533986 -2.51536888655 -3.14910129461 -2.56776685761 -1.91174719796 -1.90044409965 -1.37060974231 -0.878000553100 -0.883999634547 -1.26683833365 -1.68635169990 -1.67750956571 -1.00174946245 -1.61844198508 -2.05914932431 -4.79384483806 -4.77917905368 -3.94277618837 -3.44735332990 -3.70993893455 -3.89461206867 -3.68295933995 -3.58358070636 -2.51399746675 -3.00748141487 -9.63016781454 -4.78792377632 -3.06355694650 -2.77204088762 -3.26464725270 -2.84054930528 -2.81748210613 -2.83544709234 -2.62579003680 -2.89008150365 -3.42346515589 -2.66389270782 -2.34412271773 -3.36637989290 -4.12045292510 -3.25099210138 -2.56112263541 -3.16940524555 -3.50184086703 -2.23962087329 -2.49545915564 -3.25825493849 -3.02783015010 -3.75242917772 -2.76915904309 -2.88944781347 -3.52799456381 -3.12516757677 -3.01017665609 -2.88966703622 -2.44266283210 -2.05461913717 -2.14755722091 -1.96686053795 -1.82457777374 -1.90420026552 -2.70869254159 -1.31368780086 -1.90224201196 -1.79533252753 -1.73696576909 -3.43029978975
