# Number of parameters = 204 Objective function value = -3471.46157500585  Maximum gradient component = 5.70249702337700e-005
# theta[1]:
-0.657870367782
# theta[2]:
6.73389609869
# theta[3]:
5.65135694401
# theta[4]:
6.19702825214
# theta[5]:
0.658631080697
# theta[6]:
4.00000000000
# log_rinit_devs:
 0.205321163679 0.118579552025 0.121316427822 0.0327049242733 -0.477922067799
# log_rbar_devs:
 1.64187446756 1.45293170001 1.23983839992 1.24776851500 1.13395023702 1.28288723493 0.902732227689 0.716381422487 0.614041734096 0.442962235265 0.315595108221 0.207452395746 0.353240179665 0.488072057211 0.728743916009 0.742708968814 0.853291252238 0.743795243292 0.807095235009 0.509931307878 0.509303953241 0.569995679544 0.540931259545 0.435441861364 0.490289373644 0.546272790522 0.555916066742 0.894295475090 0.617529545754 0.544985070284 0.392434523859 0.297353073276 0.119090526372 -0.297690713500 -0.461858350730 -0.633855953449 -1.25158225025 -1.58674417162 -1.86650587943 -1.86899790528 -1.80117866825 -1.81470599241 -1.80636059711 -1.80860896931 -1.67565758491 -2.04238981035 -2.22887539554 -2.69259923269 -2.39204932823 -0.823446269804 0.667230238748 -0.500861481464 -1.91932988514 -0.903107678070 0.633715005426 -0.0600407607833 -1.05068452305 -0.220333068800 1.39210383933 -0.297207587012 -2.06754076137 -1.05424864638 1.46760168523 -0.830803644839 -1.48858459711 -1.25729225145 0.207225005738 0.111142145565 1.11327455159 1.12835047007 -0.255659505023 0.475823517692 0.897015685257 0.415226356071 1.66601939880 -0.292935570992 0.428953898134 0.585828520255 0.964779042151 1.25073971255 0.864417894121 0.835679522545 -0.0336943726679 -0.480320920007 0.493481027829 -1.49996047378 1.58962288872 -0.932232428192 0.855132205403 0.682314907792 0.533134672677
# mat_params[1]:
 6.09078318531 9.55054042785
# mat_params[2]:
 3.92623919464 5.75721851993
# mat_params[3]:
 4.15420069753 6.26061161706
# log_m_devs:
 -0.00559842821288 -0.00551445125793 0.0111128794708
# log_slx_pars[1]:
 0.631962868999 -3.23253068976
# log_slx_pars[2]:
 1.67968421471 -0.0611859137504
# log_ft_pars:
 -1.48308980274 -1.49944013506 -1.85532567462 -1.69888805511 -1.37221512176 -1.23906745671 -1.18354346804 -1.47441395237 -0.976015079586 -1.63443590289 -1.66970555305 -4.85217555601 -4.12675444398 -4.60497517242 -3.21958358285 -2.29362441938 -1.95887788231 -1.46725641464 -1.29026419904 -2.14407862451 -2.26103632753 -2.35164210080 -2.60221283088 -2.04851695808 -2.39318973201 -3.09598030575 -2.56505461424 -1.98354146170 -1.92609871980 -1.35519064358 -0.829198589735 -0.807175897323 -1.09974224422 -1.36738220703 -1.26149417309 -0.443438354019 -0.788988237154 -1.01897726078 -3.70505321475 -3.77539578204 -3.01671754239 -2.57060344615 -2.89910161565 -3.12194207501 -2.94111327395 -2.80727840603 -1.71568836684 -2.14237258528 -8.90035722457 -4.58028871441 -3.12494459927 -2.33588458094 -2.34681113540 -1.94730453647 -2.57086575848 -2.41006995897 -1.83487424635 -2.18507198368 -3.28289794791 -2.16141832881 -1.31310728822 -2.30489828593 -3.96747874496 -2.79755949281 -1.68482829163 -2.19893418433 -3.16587377942 -2.06111953964 -2.53239221617 -3.21221221767 -2.66194863489 -3.34471644461 -2.57571419817 -2.67753282126 -3.57449681935 -2.87911883121 -2.68523422411 -2.76163735282 -2.72893044174 -2.68952512596 -2.65955078548 -2.38235319234 -2.08323096371 -2.02039540809 -2.97751640555 -1.50139781014 -1.35446586147 -1.10414037745 -0.893010561674 -2.52354722716
