# Number of parameters = 203 Objective function value = -3657.36818350528  Maximum gradient component = 0.00159145708804228
# theta[1]:
-0.187033026270
# theta[2]:
8.65783717284
# theta[3]:
7.67580492131
# theta[4]:
8.04095675791
# theta[5]:
1.12823412496
# theta[6]:
4.00000000000
# log_rinit_devs:
 -0.0695525502238 -0.0158893284837 0.104664913469 0.0290454128473 -0.0482684476089
# log_rbar_devs:
 1.22303900029 1.05203579598 0.845761382835 0.846807901022 0.674998869929 0.954658264880 0.586439399607 0.505628202916 0.492317787742 0.578554896855 0.522173887880 0.472483174507 0.524561962726 0.586029183732 0.799487804421 0.731629437464 0.838180078791 0.646344610916 0.840149924208 0.632348790170 0.633825608104 0.704840111744 0.636888382166 0.429330024385 0.529784810148 0.577707198916 0.481936742291 0.831900109426 0.373519808597 0.132683334884 -0.0853856514538 0.0538238490262 0.104066719442 -0.306041049315 -0.493431456943 -0.635187108241 -0.844400191271 -0.860200361477 -0.883207655939 -0.972180885040 -0.960363896779 -1.04208653216 -1.03931317348 -1.05202614727 -0.966385305736 -1.50559588577 -1.71047670386 -2.02117176236 -1.69306134300 -0.296491067882 1.22677200210 -0.0209447215494 -1.45260933372 -0.450656215863 1.14308418603 0.409152386711 -0.646901999506 0.207813014813 1.92993304067 0.0939998292806 -1.68835039176 -0.629578530718 1.98619634536 -0.501787051695 -1.25684813920 -0.997260598826 0.462890181366 0.343165433348 1.37079154739 1.39635590540 -0.0532898099366 0.716808977776 1.05445843326 0.510991190739 1.94574858110 -0.395002014278 0.175430263263 0.00742944413306 0.0156279759931 -0.0979794380395 -0.485461661724 -0.530217651711 -1.38658017997 -1.77838837519 -0.757701545967 -2.65011353023 0.624554889094 -1.85462799506 -0.0996339821976 -0.399094147539 0.0348928088270
# mat_params[1]:
 8.01969652302 10.7776666780
# mat_params[2]:
 7.00488896380 10.1031142436
# mat_params[3]:
 5.14856496593 7.60668382322
# log_m_devs:
 0.113238733650 0.164368705848 -0.297489645106 0.0198822056073
# log_slx_pars[1]:
 1.61609318598 -0.235410818978
# log_ft_pars:
 -1.27820661454 -1.34591523504 -1.77131298604 -1.61954150590 -1.29501200292 -1.15056963355 -1.22119199841 -1.62450286902 -1.22496512959 -1.98975185123 -2.11003618185 -1.75901998985 -4.46392397015 -1.06174644509 -3.31352457853 -2.42311750322 -2.12221939148 -1.65822424890 -1.52316849989 -2.44388773161 -2.55824865779 -2.61416978851 -2.83703100043 -2.27712224500 -2.58812094516 -3.22575351490 -2.64410886879 -1.98726793366 -1.96418159499 -1.41288400386 -0.910374885485 -0.930733788183 -1.32211183290 -1.72932342919 -1.70047241495 -1.01868701402 -1.64375615496 -2.09164052637 -4.83548210190 -4.82903429968 -4.00008495307 -3.51150627197 -3.78666094856 -3.97295269956 -3.75334922435 -3.64541178853 -2.56575976107 -3.04783058936 -9.67794417966 -4.90178161720 -3.25368564880 -2.90159613449 -3.30664356477 -2.84026124763 -2.91484077540 -2.94112412590 -2.68000444194 -2.92062327632 -3.54952779725 -2.77056210449 -2.37288499310 -3.34306127991 -4.21974983680 -3.35230249293 -2.58588387253 -3.13043301080 -3.51475862493 -2.31014288392 -2.61766210404 -3.37859446352 -3.09794833510 -3.78261101220 -2.81475059135 -2.93855931746 -3.62583053161 -3.19427116988 -3.03065367878 -2.87772493143 -2.43995984813 -1.99106687671 -2.09618286950 -1.92027340711 -1.78804147232 -1.88279148722 -2.72745759949 -1.38406244516 -2.11446996885 -1.83279112851 -1.56784209230 -3.06507749891
