# Number of parameters = 206 Objective function value = -3641.24303985430  Maximum gradient component = 0.00117135167709546
# theta[1]:
-0.325299747809
# theta[2]:
7.65281186484
# theta[3]:
6.52921715807
# theta[4]:
7.01451377169
# theta[5]:
0.593790831899
# theta[6]:
4.00000000000
# log_rinit_devs:
 -0.00471212738032 -0.0191107295641 0.0741169176001 0.0396076641950 -0.0899017248506
# log_rbar_devs:
 1.48327012847 1.28203769475 1.04886244173 1.07915573185 0.945887734464 1.22830710171 0.834149722493 0.721751698075 0.676255876898 0.670228352987 0.579473096879 0.514287782687 0.627893428833 0.747833726484 1.00901148047 0.940765973717 1.01553012984 0.790876152183 0.961709191484 0.743581512328 0.758666000729 0.847348897764 0.791600578518 0.596813196717 0.719157220172 0.795169450462 0.717580194167 1.10595903292 0.655407942947 0.400818145383 0.115059450240 0.168980086922 0.162260214785 -0.311124063882 -0.617715715229 -0.933261829112 -1.29110018774 -1.37264104782 -1.40325136844 -1.47556688107 -1.46017159184 -1.53636506857 -1.52909367983 -1.54566574543 -1.44193755235 -2.01413236674 -2.29035516821 -2.66228335806 -2.31974538835 -0.847073725641 0.580822238153 -0.644455955665 -2.07158217152 -1.05499243915 0.515911074820 -0.207112023790 -1.24960769911 -0.364227876271 1.29924748050 -0.507981758636 -2.26293955069 -1.14447290739 1.46136392416 -0.944162448785 -1.65909153460 -1.33947181997 0.138362431782 -0.00407211359538 1.02908997361 1.05769058542 -0.360032463463 0.418063536478 0.790896558326 0.310812097953 1.60588672428 -0.445482066061 0.264558501701 0.401576222449 0.787355288142 1.13558826789 0.711160041013 0.655414468713 -0.241125591157 -0.669549098720 0.330676299329 -1.69351983266 1.56610755641 -0.911038950477 0.885745077425 0.665873282492 0.478512038904
# mat_params[1]:
 6.91725982526 9.99120988718
# mat_params[2]:
 7.20653995414 10.4261916370
# mat_params[3]:
 5.10122283862 7.80405253890
# mat_params[4]:
 5.01333867407 7.29181303048
# log_m_devs:
 0.0210874247207 -0.0668437228344 0.0457562981137
# log_slx_pars[1]:
 0.414181669983 -4.52871608850
# log_slx_pars[2]:
 1.46805146232 -0.400262477803
# log_ft_pars:
 -2.02629322950 -2.06210438167 -2.39726019575 -2.23699462952 -1.91285915409 -1.89496682248 -1.88725372287 -2.22791216557 -1.81383698328 -2.58928988262 -2.67082763916 -6.59019816100 -5.06468152520 -6.71266504075 -4.14305821623 -3.19606878950 -1.90277955195 -1.44655655271 -1.28392754306 -2.19080545342 -2.31932180604 -2.38582257962 -2.63066219053 -2.09397290853 -2.41218951913 -3.06998180311 -2.51979939579 -1.86594573026 -1.87164337502 -1.33188722824 -0.795209574731 -0.730954623289 -1.02815883036 -1.39177384201 -1.31494783844 -0.496476070565 -0.923548910864 -1.25014406713 -3.96855361664 -3.99227279893 -3.17672836540 -2.69033624247 -2.96061798995 -3.15252873046 -2.94725065352 -2.85392993199 -1.72840528711 -2.16699276814 -8.78276956626 -3.96701402629 -2.14491359249 -1.94677292073 -2.43009092905 -1.95068099697 -1.89889131169 -2.00862626557 -1.78240732145 -2.00660775483 -2.52205808879 -1.85859651549 -1.47810220510 -2.46600489272 -3.27236334990 -2.57851243313 -1.86906546751 -2.44013982536 -2.87047735333 -1.71090879035 -1.91400875307 -2.70029983645 -2.52312660866 -3.24573556473 -2.28277593327 -2.46851325969 -3.04168520946 -2.70919859369 -2.61054690682 -2.56880128000 -2.37572668140 -2.26248045520 -2.37447093069 -2.15682209568 -1.96832082831 -1.98912862561 -2.75671119975 -1.41605270680 -2.20960117591 -2.11831501850 -1.87700426480 -3.39937711495
