# Number of parameters = 207 Objective function value = -3678.33696369377  Maximum gradient component = 0.000379052044766315
# theta[1]:
-0.320992095867
# theta[2]:
7.23847746141
# theta[3]:
6.63863081708
# theta[4]:
7.18451893694
# theta[5]:
0.497090072048
# theta[6]:
4.00000000000
# log_rinit_devs:
 0.184515696691 0.121035578065 0.112169172921 -0.0293529684506 -0.388367479225
# log_rbar_devs:
 1.09879269522 0.922148291540 0.751607333675 0.806610975115 0.674649763085 0.934197902971 0.586359876653 0.532140717024 0.515850214004 0.617456780470 0.579911543330 0.501835583944 0.529956157630 0.549494825284 0.715124049862 0.734547018850 0.909379148551 0.725868756033 0.863367642691 0.637933019125 0.632186040282 0.695543245812 0.630960292091 0.431584767387 0.510018758801 0.558848872064 0.485476783209 0.831273012684 0.439111498900 0.245103865310 -0.00711231515156 0.00444349037037 -0.0343460324029 -0.450141307308 -0.664354371102 -0.933487726630 -1.30468181546 -1.42947260813 -1.49245180673 -1.56286383472 -1.54968679606 -1.62729213091 -1.63299947417 -1.66001992387 -1.56145255634 -2.06437375160 -2.27689869405 -2.58830685664 -2.15518579853 -0.709731123528 0.727923806243 -0.528341301531 -1.97990936051 -0.951648217755 0.648166510129 -0.0794789552953 -1.11981695368 -0.256970293319 1.43066632540 -0.398848986830 -2.16260397112 -1.00297729974 1.65690913122 -0.802967530675 -1.50875883162 -1.19770800579 0.292144458855 0.160592086863 1.21770892230 1.25030647551 -0.183987380424 0.601757741918 0.984213411641 0.503725709774 1.80310084672 -0.278420567579 0.430323781510 0.561738884678 0.946669645726 1.30095069649 0.869214347304 0.823070101385 -0.0572432545832 -0.479337657215 0.527989000156 -1.49251271136 1.78770885521 -0.650099509457 1.17737880463 0.942268929009 0.540178317207
# mat_params[1]:
 7.09189573736 10.2994541497
# mat_params[2]:
 5.50946391727 8.35007276877
# mat_params[3]:
 5.40750958331 7.81714283482
# log_m_devs:
 -0.128270817481 0.0250698932262 -0.000166456712177 0.103367380967
# log_slx_pars[1]:
 1.23438669025 -0.575917035165
# log_slx_pars[2]:
 1.72288647212 -0.120698737300
# log_slx_pars[3]:
 1.60304033823 -0.432359890692
# log_ft_pars:
 -1.32257515397 -1.39967164938 -1.81296012331 -1.67651020182 -1.38489912413 -1.27805695114 -1.36685027632 -1.76693816870 -1.38684245916 -2.20278854216 -2.37488180984 -1.04221989124 -4.64230181806 -0.862266729135 -3.46040455068 -2.62637225424 -2.37015453070 -1.89432485872 -1.73747787089 -2.64966966981 -2.74641850319 -2.80282658071 -3.03159805188 -2.45816490374 -2.75545211665 -3.40886979667 -2.83728127026 -2.19212233911 -2.17002732308 -1.57261712420 -1.02446525301 -1.01186438974 -1.36399838313 -1.71654404428 -1.61272817720 -0.829616296954 -1.33167258071 -1.69308216060 -4.41401022204 -4.42218336618 -3.59952565203 -3.11177002395 -3.39555204897 -3.57652369115 -3.34511756127 -3.22788176704 -2.09442518376 -2.54656661697 -8.35679177854 -3.48737124924 -1.53871733451 -1.25698154953 -1.85377842940 -1.57103992130 -1.48613169025 -1.44148444580 -1.21053391145 -1.57204841352 -2.05332451626 -1.24031749435 -0.927583679565 -2.13194684061 -2.92608692897 -2.02707563588 -1.37190826889 -2.16949491857 -2.65669971467 -1.35301053205 -1.41541554451 -2.14946200967 -1.98620436206 -2.83440480933 -1.93074371496 -2.08227109499 -2.61322533512 -2.23153205227 -2.18721360355 -2.25103861209 -2.03640566857 -2.03855760079 -2.14105319334 -1.97804073986 -1.83323041069 -1.90958865661 -2.68926753071 -1.32055146990 -1.96021933283 -1.84131551250 -1.72670729585 -3.27887726601
