# Number of parameters = 203 Objective function value = -3577.80010583449  Maximum gradient component = 0.000109215493158229
# theta[1]:
-0.261392940754
# theta[2]:
7.23851729001
# theta[3]:
7.34655274843
# theta[4]:
7.74878660911
# theta[5]:
0.431269704671
# theta[6]:
4.00000000000
# log_rinit_devs:
 0.159955273490 0.0734373228901 0.0910060024750 -0.0176107048701 -0.306787893985
# log_rbar_devs:
 0.479028908541 0.325668644290 0.148928594991 0.266177227936 0.201176132698 0.543848576650 0.246974595274 0.231399438361 0.278775916834 0.392864969708 0.401002760808 0.438919818785 0.378948488573 0.542844814596 0.741182049894 0.758925818049 0.977777352298 0.772700389322 0.950667047674 0.724237040336 0.714203513582 0.773344731334 0.689691276924 0.470111228367 0.555427067876 0.584457592640 0.459485592040 0.795284270829 0.312378068380 0.0488812048243 -0.208442327156 -0.130109403009 -0.131325928709 -0.592492361232 -0.858713182415 -1.09200351812 -1.37731812721 -1.45343649787 -1.52233588286 -1.64224037545 -1.67125325815 -1.76864227790 -1.77870432651 -1.80363669589 -1.69300152942 -2.15473687891 -2.25247868925 -2.42021306680 -1.86106763294 -0.408306533164 1.14710078841 -0.177393800173 -1.61292859408 -0.585591994905 1.02830655563 0.289302321170 -0.766662495565 0.104148145115 1.81298214709 -0.00275150343912 -1.75882216323 -0.675347887212 1.95198015954 -0.517211945799 -1.25195823681 -0.961167093625 0.511781076304 0.387683053304 1.44052437172 1.46860022070 0.0134959892411 0.796113971507 1.15126931058 0.641761571508 1.95554287393 -0.207672902826 0.448842426009 0.498144634102 0.757764486821 0.904358252963 0.512696177394 0.481749116961 -0.315274161204 -0.676065957727 0.332224474183 -1.53134307997 1.71252490699 -0.478666574927 1.31797367874 1.06660083694 0.400532205174
# mat_params[1]:
 6.96388972900 10.0970453289
# mat_params[2]:
 6.64820275485 9.68704555128
# log_m_devs:
 -0.153846598607 0.0453843848423 0.168075242414 -0.0596130286493
# log_slx_pars[1]:
 0.452740223027 -4.54918034785
# log_slx_pars[2]:
 1.55354851117 -0.362661154459
# log_ft_pars:
 -1.83499659380 -1.91943848836 -2.31524790468 -2.23112000662 -1.98564735815 -2.04400691072 -2.13315682301 -2.57642651219 -2.26891200025 -3.15805053974 -3.33773748098 -1.42850814678 -5.64763850698 -2.25952712956 -4.72592639781 -3.85326159305 -2.45959756969 -1.99112065803 -1.84180194278 -2.75317720581 -2.86040038724 -2.89877735794 -3.10636122313 -2.54888606439 -2.84438673411 -3.45592610788 -2.85875247033 -2.15940142815 -2.12411732536 -1.57842608380 -1.06884258686 -1.03217364497 -1.33396451316 -1.69480425096 -1.63377154281 -0.881917407025 -1.41418307177 -1.78500040434 -4.47628444791 -4.43744004460 -3.56802428785 -3.03746422074 -3.26155771454 -3.42528070616 -3.20697347779 -3.10915356593 -2.04652781026 -2.58183280255 -9.31662680954 -4.57524426860 -2.96616802954 -2.72221972406 -3.17999248368 -2.67149816580 -2.65679407138 -2.73586152311 -2.51658675734 -2.73210668900 -3.28387454727 -2.58532781984 -2.22668329332 -3.17955990495 -4.00001791386 -3.24392527972 -2.53295081162 -3.06004259719 -3.42030978762 -2.24849157133 -2.55008838852 -3.34032295261 -3.11796328342 -3.80536792116 -2.81405175292 -2.96937660381 -3.58540731022 -3.19863671585 -3.06528220915 -2.95140532326 -2.65771526261 -2.43650146428 -2.61052251969 -2.45177275839 -2.31400001199 -2.40610366146 -3.22860128029 -1.92133511022 -2.78726163336 -2.81021318202 -2.77070888894 -4.40521211887
