# Number of parameters = 207 Objective function value = -3684.78139563402  Maximum gradient component = 5.19893489012843e-005
# theta[1]:
-0.320840038034
# theta[2]:
7.50213358417
# theta[3]:
6.61407491944
# theta[4]:
7.17340432013
# theta[5]:
0.480828908181
# theta[6]:
4.00000000000
# log_rinit_devs:
 0.0684144698660 0.0251844685500 0.0799946072032 0.00408214169333 -0.177675687313
# log_rbar_devs:
 1.31041895637 1.10777402794 0.892013023938 0.935349271241 0.791364225391 1.07055646336 0.669617221640 0.569512484224 0.512767585147 0.539870231554 0.470782099264 0.437832603922 0.541520874421 0.649877718203 0.847417398367 0.774693874513 0.846366866025 0.642666630030 0.798349959302 0.568577728838 0.573148208106 0.652756961247 0.591579048159 0.383962082619 0.484299954752 0.549810594744 0.474147502287 0.856364964186 0.435547343683 0.221521864481 -0.0512760138745 -0.0219409321563 -0.0430862704155 -0.482299813053 -0.724758498583 -1.02656082313 -1.40879371540 -1.52509266031 -1.57109297021 -1.63848645200 -1.61738185123 -1.69230711791 -1.68674674775 -1.70576592362 -1.58909341628 -2.11263561840 -2.31473062341 -2.58996052321 -2.09935783179 -0.648754626069 0.776580542918 -0.484794374502 -1.92581803976 -0.901076776953 0.692142613814 -0.0371198370026 -1.08070403089 -0.211526205914 1.47064904799 -0.357246812051 -2.09910499762 -0.964059073948 1.69189145967 -0.761355640017 -1.46853393969 -1.15207493736 0.332321804864 0.197597941612 1.24950434094 1.28542713522 -0.143682185143 0.649978027498 1.03363366703 0.566499261210 1.87126983091 -0.171916805132 0.560349534063 0.702579555102 1.07293113733 1.36158674178 0.923827008374 0.870660661154 -0.0546006215439 -0.530316038609 0.416037354155 -1.67785462161 1.50803855346 -0.930501364608 0.869225126336 0.644695396871 0.554514220916
# mat_params[1]:
 6.99176262015 10.0109538709
# mat_params[2]:
 7.14253030760 10.4482726072
# mat_params[3]:
 5.47830113670 8.19994045556
# mat_params[4]:
 5.17950552469 7.73263982378
# log_m_devs:
 -0.00848889785214 0.00848889785214
# log_slx_pars[1]:
 1.02914230040 -0.649491238591
# log_slx_pars[2]:
 1.30238752330 -0.615444760031
# log_slx_pars[3]:
 1.67556253494 -0.210092393103
# log_ft_pars:
 -1.67958415077 -1.73934172205 -2.10390403716 -1.94382152508 -1.62506803599 -1.55982509325 -1.59403893344 -1.94224960252 -1.51965332091 -2.29636217065 -2.40852329022 -2.61365591906 -4.80528652232 -2.29102409602 -3.81107028791 -2.89349586636 -2.17368220244 -1.71198824812 -1.54774987120 -2.46728299506 -2.57680580698 -2.63778720928 -2.87902239391 -2.32211111851 -2.62182182238 -3.27882123056 -2.72005381834 -2.06811173243 -2.07362014650 -1.49281160095 -0.937396233391 -0.896090515344 -1.23032555419 -1.60016118518 -1.50381352014 -0.697817998411 -1.16723561952 -1.51013330687 -4.22996088871 -4.24983254110 -3.43310019321 -2.95110295393 -3.23422335727 -3.42375424134 -3.20664484373 -3.11684386084 -1.98845496986 -2.45340975257 -8.46703250276 -3.58381133030 -1.63399017022 -1.39655257469 -2.01363248856 -1.69990802170 -1.57371639783 -1.55035080589 -1.35026561877 -1.69342599602 -2.13957746919 -1.35653839632 -1.07133514665 -2.24746698534 -2.99179870043 -2.12738476816 -1.50831135975 -2.28010492571 -2.72000694214 -1.41729384419 -1.50616394157 -2.25579313349 -2.11200031222 -2.95218217272 -2.02701012325 -2.18029514989 -2.72278473894 -2.36471918351 -2.33811830519 -2.39517353152 -2.18277692085 -2.00382654497 -2.06646230850 -1.87397539011 -1.71966952333 -1.78527515678 -2.56930843989 -1.16610706842 -1.73337000841 -1.54174059852 -1.37970289270 -2.98546406043
