# Number of parameters = 203 Objective function value = -3578.66664431944  Maximum gradient component = 6.54171056703813e-005
# theta[1]:
-0.240742641693
# theta[2]:
7.85176597742
# theta[3]:
7.14464799611
# theta[4]:
7.52667347322
# theta[5]:
0.419407106207
# theta[6]:
4.00000000000
# log_rinit_devs:
 -0.00616300693514 -0.0181743127863 0.0727743230219 0.0405866839327 -0.0890236872331
# log_rbar_devs:
 1.04901852552 0.872803829030 0.667276149148 0.719406294607 0.609768310595 0.906956079257 0.563254622883 0.492883112579 0.479064204700 0.523706914001 0.464778219832 0.436439383363 0.542858647327 0.629938651796 0.833958579781 0.733891222227 0.804935607993 0.604735637518 0.783008025891 0.570789351408 0.572655526463 0.642449896373 0.570665189405 0.365592878236 0.459864622289 0.500599364040 0.386959226062 0.722352984541 0.252339528171 -0.0137357751729 -0.286681473484 -0.233207257927 -0.246554764525 -0.708578480306 -0.997064962749 -1.26477157569 -1.57066631259 -1.64610419409 -1.69832908206 -1.79567001704 -1.80721802598 -1.88655432904 -1.88070300831 -1.89036620638 -1.76471053265 -2.20099714077 -2.28296006340 -2.43174658618 -1.85141403924 -0.398555988038 1.14721383737 -0.166944485042 -1.60540970694 -0.578490410867 1.03394975082 0.294026321957 -0.763120811649 0.110852291684 1.81923635720 -0.00234094642305 -1.76585597602 -0.675393653237 1.95492804705 -0.516026395177 -1.25036241344 -0.957357062515 0.519041682061 0.389652536254 1.44202544265 1.46801393125 0.00955910125853 0.788862508119 1.14371192156 0.624664974602 1.94117053804 -0.239256054015 0.407928378904 0.445984316630 0.687506213327 0.804236627510 0.427832816802 0.411314548503 -0.340133943631 -0.657007988214 0.396289150921 -1.41190333267 1.90866159364 -0.495315612626 1.18289535608 0.778761924376 0.380237854485
# mat_params[1]:
 7.00290988177 10.0988446260
# mat_params[2]:
 6.46467357094 9.53013911350
# log_m_devs:
 -0.0515185699675 0.112265898739 -0.177812573005 0.117065244234
# log_slx_pars[1]:
 0.588774769781 -3.90601178743
# log_slx_pars[2]:
 1.51740695195 -0.391854958963
# log_ft_pars:
 -2.21783231670 -2.27385752345 -2.62971747178 -2.49121078463 -2.19594759425 -2.20577048707 -2.23884288666 -2.61922492085 -2.24714205621 -3.06480536072 -3.17353164515 -6.25939031653 -5.58703104016 -6.50455523552 -4.61474412915 -3.64175559093 -2.24273087358 -1.79333582567 -1.64787300133 -2.56472950006 -2.68742015043 -2.74063704289 -2.96492390783 -2.42048928085 -2.72697337802 -3.35389862090 -2.77113233260 -2.07635870370 -2.04788336389 -1.49921805511 -0.973922847868 -0.917854873101 -1.20363259542 -1.55758090727 -1.48737649352 -0.700825422169 -1.19547355059 -1.55285088763 -4.25920457137 -4.24682500229 -3.39960803766 -2.88787910798 -3.13152966815 -3.31352847528 -3.11284201294 -3.03335296340 -1.98142348119 -2.53316808805 -9.29148809946 -4.54822769747 -2.93300291666 -2.69921741866 -3.13660250030 -2.60786178846 -2.60685362223 -2.70618339560 -2.47619199976 -2.67568843080 -3.23948730799 -2.55970922593 -2.17946279155 -3.10908171319 -3.94744430648 -3.22126400638 -2.48878458742 -2.99003049279 -3.36237933538 -2.21289252530 -2.51203227909 -3.30571062663 -3.08039097481 -3.75164484165 -2.75931888322 -2.92000388187 -3.52968328395 -3.15031555930 -2.99966654238 -2.86819995594 -2.56907707025 -2.33234093860 -2.52268343616 -2.37318933803 -2.24993579873 -2.36215121664 -3.21912822235 -1.96222216366 -2.90118807677 -2.77064583665 -2.53824732423 -3.99711265852
