# Number of parameters = 203 Objective function value = -3548.30599330733  Maximum gradient component = 9.03369230085195e-005
# theta[1]:
-0.0702983077724
# theta[2]:
9.05076521586
# theta[3]:
8.53847786052
# theta[4]:
8.81089950967
# theta[5]:
0.881113332665
# theta[6]:
4.00000000000
# log_rinit_devs:
 -0.120267463704 -0.0659068237678 0.0911217279655 0.0468941314138 0.0481584280927
# log_rbar_devs:
 0.758145130894 0.585732241077 0.372860247852 0.420837798824 0.277367526647 0.648626492802 0.285193556270 0.243782832563 0.265493544557 0.395670150350 0.364557036843 0.358002439894 0.472304841044 0.590451740216 0.869729229399 0.838034368721 1.04040086333 0.822199121146 1.03787921245 0.771031243685 0.746367149521 0.805653060818 0.705961701667 0.440447133056 0.529454701418 0.557232482741 0.425581123937 0.834713382614 0.327789542529 0.118016369720 -0.0552363125807 0.160639102014 0.245138193940 -0.196810789348 -0.370521971581 -0.506011418556 -0.760108437460 -0.837119449654 -0.935070168541 -1.10305746016 -1.15154955644 -1.28763269771 -1.32225413059 -1.36998149453 -1.26704488681 -1.80753440809 -1.93270307070 -2.15215858436 -1.67021654138 -0.194648085325 1.41634473851 0.0463075321858 -1.33130877086 -0.331914488811 1.26102418729 0.532036468834 -0.512957536111 0.325335099620 2.01944603979 0.245017681748 -1.45356589751 -0.486258551709 2.06561679101 -0.346214273519 -1.10004015412 -0.842159412728 0.583344636528 0.491740170368 1.52189767525 1.54636519848 0.119160897455 0.886112799876 1.20837790705 0.688826034829 2.06979667877 -0.212861624394 0.290260077809 0.114908731096 0.0987505087962 -0.0377096577131 -0.429848495735 -0.508356580961 -1.42405682361 -1.84026812353 -0.835059037976 -2.72249777277 0.549399207883 -1.82330239975 -0.0868956393824 -0.335871036718 0.185443116004
# mat_params[1]:
 7.84614326381 10.6802348497
# mat_params[2]:
 5.93486998474 8.65788938450
# mat_params[3]:
 6.07218776921 8.74182413835
# log_m_devs:
 0.00124933242091 0.143349539644 -0.161735362834 0.0171364907685
# log_slx_pars[1]:
 1.67312617383 -0.227420636131
# log_ft_pars:
 -1.47236325558 -1.54651707651 -1.99014275275 -1.86271553652 -1.56762442898 -1.45977409769 -1.57404454781 -2.02424598151 -1.67173437197 -2.46562257641 -2.60045370137 -2.94537045527 -5.02896893058 -2.03737789966 -3.99552928219 -3.13033235502 -2.88489171854 -2.40506097027 -2.26936310806 -3.16955017793 -3.24876431685 -3.27233404675 -3.45894382319 -2.87263180787 -3.15408419131 -3.75287151914 -3.13936437035 -2.48539740695 -2.45660873489 -1.92527777913 -1.47762313195 -1.55595435928 -1.97929222865 -2.39340624544 -2.37258489183 -1.72893933391 -2.36278082364 -2.76530232057 -5.42859549214 -5.33694350689 -4.43013906158 -3.87150390260 -4.07917389766 -4.21383907304 -3.96118208268 -3.82590267649 -2.75432492546 -3.25822236552 -9.95778774917 -5.37278886847 -3.91546814891 -3.53585522117 -3.94026428736 -3.48168773222 -3.55568168330 -3.55067795168 -3.28551719904 -3.54112054663 -4.16545211261 -3.35655314834 -2.96262969537 -3.95444870998 -4.82666586925 -3.91505211629 -3.14875381719 -3.72066654265 -4.11459961297 -2.90882164660 -3.25511472259 -4.01914479515 -3.72669523266 -4.42014577880 -3.45475418998 -3.57381775586 -4.26595932509 -3.80537455604 -3.63520830627 -3.48768340756 -3.03224686085 -2.57013225441 -2.59875349036 -2.35949786981 -2.17141273098 -2.22260937774 -3.00885467925 -1.61412542259 -2.40583777039 -2.17774946825 -1.99246872422 -3.54074228066
