# Number of parameters = 201 Objective function value = -3666.38615424181  Maximum gradient component = 0.000191153163565320
# theta[1]:
-0.342105741941
# theta[2]:
7.71546431507
# theta[3]:
6.54109367704
# theta[4]:
7.12401154812
# theta[5]:
0.471910426203
# theta[6]:
4.00000000000
# log_rinit_devs:
 0.0323146685493 0.0264280574244 0.0935724897927 0.0276880989874 -0.180003314754
# log_rbar_devs:
 1.49735861241 1.30021759330 1.09492118087 1.11029894799 0.944885099550 1.18560930467 0.783489242855 0.672292109449 0.585249771012 0.614394209161 0.528931633243 0.474660368148 0.538241265500 0.570102353182 0.731714303553 0.666728660060 0.756776897297 0.565911172282 0.700799074226 0.467356300816 0.471963907503 0.548812613822 0.495185219721 0.301718275713 0.394817572596 0.461250171444 0.402363431569 0.774559108735 0.384487107052 0.196661091016 -0.0613772513418 -0.0558220445840 -0.0998826887615 -0.526002392103 -0.744365096162 -1.03757776081 -1.44578761429 -1.58547638505 -1.64397756396 -1.69678694456 -1.66454974375 -1.72774517534 -1.71756036987 -1.73001934843 -1.61041336912 -2.10691001890 -2.30484907879 -2.59292089832 -2.11316010634 -0.660882736237 0.764375427385 -0.495150654975 -1.94169675617 -0.914630532290 0.679688073509 -0.0506067238677 -1.09165617488 -0.222975750846 1.45640476300 -0.374396546430 -2.12424858602 -0.975915621147 1.68161599317 -0.772406857074 -1.47510223302 -1.15754675638 0.330189367256 0.193298858392 1.24790004709 1.28439387180 -0.144344050565 0.647219957933 1.03481554243 0.568071416958 1.87369264611 -0.169179193065 0.563926559021 0.706602286009 1.07580902695 1.36151531273 0.922761819273 0.864644574001 -0.0514101959703 -0.510925751573 0.464811540646 -1.59563564326 1.64370268968 -0.783268408489 1.02551775768 0.789079457770 0.575369435211
# mat_params[1]:
 7.02830898822 10.2540758737
# mat_params[2]:
 5.37944010702 8.06995355194
# log_m_devs:
 -0.00776971172617 0.00776971172617
# log_slx_pars[1]:
 1.22034152487 -0.602929496162
# log_slx_pars[2]:
 1.67314933176 -0.204313031167
# log_ft_pars:
 -1.63734790667 -1.70213051245 -2.08568398663 -1.90971440479 -1.58301239364 -1.44734085073 -1.49654222597 -1.83917926474 -1.39224005658 -2.12956898736 -2.22711785043 -2.14124719916 -4.55799450577 -1.49827443255 -3.40642554888 -2.49509229642 -2.15138388112 -1.67918375859 -1.51517616681 -2.42687028321 -2.53368061086 -2.60249726514 -2.84568363511 -2.28205313893 -2.58976615466 -3.26011391258 -2.70476517787 -2.07438370306 -2.06549388039 -1.47304880749 -0.916761014650 -0.889564090708 -1.23355674335 -1.58610999492 -1.48237334841 -0.676743243056 -1.14064602744 -1.48268408703 -4.21099440012 -4.24103305816 -3.43764659799 -2.96626111784 -3.26577296682 -3.46376794283 -3.25111622423 -3.15023625106 -2.02672933669 -2.49452712766 -8.43029485496 -3.54552137449 -1.58476439005 -1.34714300368 -1.96617357593 -1.65455677266 -1.52671206410 -1.50300723142 -1.30091958348 -1.64512562803 -2.09110976053 -1.30767753676 -1.01868628122 -2.19718134847 -2.94567778586 -2.08484144151 -1.46624154831 -2.24102496506 -2.68795208302 -1.38788113707 -1.47071210689 -2.21944145113 -2.07844820329 -2.92214162887 -2.00009340611 -2.15549545752 -2.69589083376 -2.33976519939 -2.31485905766 -2.37473493663 -2.16457396587 -1.98371116649 -2.04326212373 -1.84901567047 -1.69415792144 -1.76111860373 -2.55175340709 -1.15939095704 -1.76959708070 -1.61314642239 -1.48166911585 -3.10438303388
