# Number of parameters = 202 Objective function value = -3550.13938853451  Maximum gradient component = 0.000951004506951574
# theta[1]:
-0.0474431382833
# theta[2]:
9.05575308785
# theta[3]:
8.60070187916
# theta[4]:
8.88225294652
# theta[5]:
0.774829786448
# theta[6]:
4.00000000000
# log_rinit_devs:
 -0.113023814095 -0.0610978421726 0.0923567416277 0.0440108869788 0.0377540276614
# log_rbar_devs:
 0.711237891046 0.541299084915 0.331734423074 0.389687383055 0.252517245926 0.634705499332 0.275574530346 0.240254096730 0.265741997565 0.396870655252 0.361051350358 0.347427169893 0.455342264592 0.568731324616 0.847346476923 0.814401500523 1.01791270192 0.799074353887 1.01610496640 0.745219310395 0.717332733873 0.773798431103 0.669296212497 0.397689909800 0.482457230798 0.505919866770 0.370052046630 0.778689278983 0.270450350536 0.0619100141308 -0.109843536533 0.108855694112 0.196193134611 -0.245195221597 -0.416586967272 -0.550382245187 -0.805764893106 -0.883514371915 -0.982336824804 -1.15144349925 -1.20005210433 -1.33690570682 -1.37156467962 -1.41924754510 -1.31407972799 -1.85570659203 -1.98005954832 -2.20095342164 -1.72016121301 -0.244130080863 1.36764598107 -0.000433313681761 -1.37542233099 -0.376530814306 1.21437301739 0.486951452292 -0.557665622711 0.282533584963 1.97403684573 0.204187707796 -1.49280771616 -0.524487140085 2.02265307522 -0.382418777983 -1.13592807395 -0.876254643746 0.548098260965 0.457180687312 1.48561046572 1.50919030862 0.0849839508211 0.851648595887 1.17497129684 0.664284811120 2.01663111230 -0.229122309328 0.309200355370 0.201523698107 0.287735887075 0.278702063228 -0.131814240228 -0.205639373597 -1.14339302028 -1.59241547297 -0.635866076881 -2.59078831250 0.575272972647 -1.63885151792 0.152258488213 -0.0157204864065 0.198933673820
# mat_params[1]:
 7.90816066928 10.7753495823
# mat_params[2]:
 6.24210168063 8.92038922162
# log_m_devs:
 -0.0257019357483 0.115562603544 -0.0898606677955
# log_slx_pars[1]:
 1.66035000056 -0.223414138258
# log_slx_pars[2]:
 1.77156158247 -0.266478839988
# log_ft_pars:
 -1.53900079187 -1.62009377113 -2.06638804803 -1.94049044268 -1.65063253959 -1.55445929380 -1.67819395836 -2.13396092746 -1.78604072163 -2.58613300697 -2.72299657415 -2.73599545790 -5.14053526812 -1.92267542039 -4.09710895697 -3.23184465671 -2.98617310415 -2.50659248000 -2.37286048507 -3.27383407016 -3.35068194435 -3.37159250882 -3.55540454527 -2.96420814238 -3.24102111281 -3.83584701857 -3.21776325106 -2.56102671486 -2.52922028120 -1.99271180884 -1.54149957812 -1.62429278304 -2.05398315133 -2.46972329038 -2.44716941190 -1.80311620344 -2.44012038433 -2.84314870684 -5.50605501745 -5.41327914496 -4.50569531767 -3.94653513918 -4.15544180906 -4.28963441270 -4.03622961625 -3.90080643497 -2.82924587782 -3.33179230273 -10.0338215588 -5.46166790717 -4.01498938887 -3.62826501902 -4.01757545327 -3.54865448187 -3.63996544426 -3.63968070190 -3.36725029571 -3.61699120410 -4.25615980687 -3.44769012481 -3.04175470143 -4.02150055561 -4.91503537437 -4.00857990132 -3.23087374072 -3.78831625326 -4.19307467062 -3.00242563309 -3.35837968564 -4.12150702302 -3.82122330829 -4.50654241464 -3.54367730371 -3.66689740595 -4.35927002581 -3.89296087195 -3.71777621442 -3.57883811445 -3.17114379114 -2.34241166476 -2.34534167986 -2.13015930111 -1.97548555739 -2.05523630475 -2.84586455731 -1.41629566656 -1.99519772221 -1.82627095427 -1.74751830362 -3.45100036346
