# Number of parameters = 204 Objective function value = -3668.61790820424  Maximum gradient component = 4.06035381493351e-005
# theta[1]:
-0.398900142994
# theta[2]:
7.62487869184
# theta[3]:
6.59718020932
# theta[4]:
7.01668478855
# theta[5]:
0.701982478601
# theta[6]:
4.00000000000
# log_rinit_devs:
 0.0123429567166 -0.00835862767528 0.0723380045297 0.0319334523954 -0.108255785966
# log_rbar_devs:
 1.39208429058 1.19799561391 0.973913355450 1.00343615049 0.876580269706 1.14137605206 0.763888271455 0.652993683824 0.610245829785 0.600416363638 0.517241673763 0.458998293525 0.575312068745 0.697686085147 0.952598207551 0.889496573581 0.954742656067 0.735371492671 0.894373811657 0.688977812583 0.705628462466 0.792139131757 0.741561452415 0.559290256283 0.679586718039 0.755593170321 0.684120054999 1.05147632494 0.619345198169 0.366831853660 0.0833656018283 0.125632596924 0.113605158815 -0.342849020995 -0.645345638143 -0.953369052901 -1.29249326432 -1.36363632104 -1.38475511493 -1.44713539855 -1.42590291319 -1.49198161189 -1.47828470465 -1.48554440457 -1.38312001537 -1.92772436926 -2.18014564859 -2.51510506497 -2.11079485713 -0.648782220534 0.794874316170 -0.435245159760 -1.88492417257 -0.864428714089 0.735319427658 -0.00570327544850 -1.06398687622 -0.174982033044 1.53128593989 -0.320210315710 -2.10598859070 -0.974646567180 1.68035589423 -0.794332099206 -1.51885435512 -1.20917614133 0.286254768149 0.130241287413 1.17432980814 1.20206116334 -0.254703136248 0.523888580592 0.885118163530 0.357945760595 1.68955653663 -0.488247718064 0.183831597371 0.233596951081 0.481412143660 0.595492984473 0.202218747151 0.172593561582 -0.600565103025 -0.930913917832 0.118451353873 -1.71724903711 1.58467368669 -0.839151377704 0.903636966113 0.589666648245 0.347567388001
# mat_params[1]:
 7.04554927609 10.1219900372
# mat_params[2]:
 7.33363372747 10.5493104268
# mat_params[3]:
 5.21454579281 7.81492587079
# log_m_devs:
 0.106868166697 -0.234365176216 0.127497009519
# log_slx_pars[1]:
 0.621043275528 -3.70365880951
# log_slx_pars[2]:
 1.47552397765 -0.405945316385
# log_ft_pars:
 -1.99305603939 -2.02885726347 -2.36746405454 -2.21071409037 -1.89060367291 -1.86824081330 -1.86290005309 -2.20684947258 -1.79653935116 -2.57372346266 -2.65948910114 -6.56796053239 -5.06438820102 -6.71422850114 -4.14711111583 -3.20146375672 -1.87798403845 -1.42087952542 -1.25507901826 -2.15920684189 -2.28884917991 -2.35683616942 -2.60376820187 -2.07059837802 -2.39325324573 -3.05490293138 -2.50829064348 -1.85342275867 -1.85855370244 -1.32086215760 -0.788188273671 -0.726608605045 -1.02217534119 -1.38493011539 -1.31035838020 -0.496892876901 -0.934516081146 -1.27374654656 -4.00266375428 -4.03328051080 -3.22541943472 -2.74805664109 -3.02799510805 -3.22822767437 -3.02943650263 -2.94531468342 -1.83726830337 -2.29846094275 -8.93652222686 -4.11577520506 -2.33813343256 -2.12324774423 -2.57612393619 -2.06861709247 -2.04673864512 -2.16342467374 -1.92981102614 -2.13452579200 -2.68541699812 -2.02679870575 -1.63631525623 -2.58447098485 -3.41723768568 -2.72675557479 -1.99877189740 -2.52514544848 -2.92877454320 -1.77619678341 -2.00761799881 -2.79480515992 -2.59527093232 -3.28605235350 -2.30814548617 -2.47281887763 -3.05170709577 -2.70083466012 -2.56546716765 -2.45948614441 -2.17874063567 -1.93416504036 -2.10863971393 -1.94955904195 -1.81975844659 -1.92024171341 -2.78646782140 -1.52083939810 -2.36724644638 -2.22517898533 -1.96612894803 -3.46253417241
