# Number of parameters = 200 Objective function value = -3630.84793925201  Maximum gradient component = 0.000223893022001722
# theta[1]:
-0.358310806320
# theta[2]:
8.08903759687
# theta[3]:
6.74440380521
# theta[4]:
7.16668473749
# theta[5]:
0.765837048043
# theta[6]:
4.00000000000
# log_rinit_devs:
 -0.0200096414206 0.0194815748893 0.102795035530 0.0300799778846 -0.132346946884
# log_rbar_devs:
 1.59205197261 1.41220617552 1.21168653010 1.18675581875 0.998390417355 1.20814569963 0.808834692861 0.672238679557 0.582668797634 0.615769304788 0.551070407080 0.533184419230 0.617486680802 0.691087446731 0.883916610343 0.800810498481 0.857516332268 0.654154147396 0.801158502724 0.602493771669 0.615523132925 0.695543688943 0.646692344891 0.471103273820 0.582213103369 0.654106096864 0.590153397252 0.937938584293 0.529150230330 0.288703303169 0.0156057870579 0.0504139232885 0.0344631429383 -0.397079799695 -0.671943160952 -0.952262425393 -1.26896712243 -1.33105278667 -1.34780736242 -1.40142053835 -1.37329472774 -1.43216830990 -1.41604923527 -1.41871014464 -1.32399593659 -1.85498979558 -2.10910784842 -2.45100600854 -2.07821242646 -0.629565893875 0.833380753051 -0.392370144823 -1.84140669101 -0.824333778438 0.776529023783 0.0389535908644 -1.01682721623 -0.134255649807 1.57094919836 -0.273501241718 -2.06115787539 -0.946452774808 1.69372340739 -0.783094697226 -1.51259062895 -1.21597470695 0.277204167348 0.126830863077 1.16804674978 1.19423867897 -0.264357896818 0.509505756347 0.869481794066 0.334420539373 1.67071437568 -0.522753948212 0.150792417691 0.192660850149 0.438949173673 0.548514281599 0.152328964939 0.128087227477 -0.638420693962 -0.966896676531 0.0869896324879 -1.73854083080 1.57437455655 -0.852894385361 0.875126178121 0.527654258537 0.310770005970
# mat_params[1]:
 7.45018790634 10.5202355680
# mat_params[2]:
 5.38107575999 8.03128700254
# log_m_devs:
 0.114244753345 -0.240166102111 0.125921348766
# log_slx_pars[1]:
 1.45967326719 -0.345173773385
# log_ft_pars:
 -1.40652995255 -1.46054813452 -1.86650095998 -1.69506698937 -1.35551818391 -1.17585480428 -1.20716028331 -1.55632094091 -1.09506815738 -1.79849208153 -1.88468035188 -2.51248156020 -4.26811618874 -1.81812123428 -3.17978269398 -2.26947144964 -1.92728058921 -1.45747053148 -1.28835729294 -2.19617758785 -2.31938637375 -2.38731675711 -2.63227223425 -2.09047495899 -2.41335164684 -3.07940517528 -2.53040016724 -1.88228351706 -1.87991650570 -1.32615736299 -0.788650516805 -0.744118485155 -1.06345809630 -1.42865412444 -1.34962857800 -0.551528930519 -1.02803469238 -1.39786689769 -4.14342602497 -4.17821296179 -3.37776165848 -2.90987316872 -3.20460261313 -3.40919086861 -3.20618043076 -3.11676014221 -2.01050686726 -2.47085641083 -9.10914102780 -4.34126564662 -2.64177466314 -2.35071214163 -2.72843012578 -2.20765212622 -2.28515915700 -2.38276567911 -2.10297863489 -2.30426039447 -2.94319502508 -2.23977924192 -1.78732675751 -2.71064426786 -3.64781452566 -2.90994796473 -2.11017967421 -2.60369525085 -3.04857163490 -1.92016046862 -2.19955490065 -2.98063214565 -2.72533333150 -3.38538798990 -2.42482601223 -2.58148487082 -3.20372534959 -2.81557273900 -2.63901966141 -2.52518791552 -2.25419724547 -2.02007938830 -2.19843989718 -2.03275915015 -1.89873107940 -1.99205227173 -2.86772692920 -1.60682643506 -2.54506030116 -2.37783845730 -2.10001937211 -3.58962811857
