# Number of parameters = 203 Objective function value = -3630.81817502956  Maximum gradient component = 0.000722313177430181
# theta[1]:
0.0990854289397
# theta[2]:
9.23566164658
# theta[3]:
8.95258841891
# theta[4]:
9.63162792791
# theta[5]:
0.632504048558
# theta[6]:
4.00000000000
# log_rinit_devs:
 -0.120557912948 -0.0517374689549 0.113788828855 0.0429356525408 0.0155709005069
# log_rbar_devs:
 0.525610148218 0.343068591037 0.110825881505 0.154745602294 -0.0143293086452 0.349642470607 -0.0345783459326 -0.0960648344677 -0.0815789405599 0.00342791644215 -0.112022961892 -0.253042513823 -0.259126358827 -0.240258352645 -0.0384285910186 -0.156084967192 -0.0739034398177 -0.261076570226 -0.00424145193438 -0.219329335388 -0.202574369788 -0.104853398738 -0.163800522095 -0.387559328980 -0.256474769932 -0.188272021218 -0.280735768817 0.141974977592 -0.332427935212 -0.521529564553 -0.653027660099 -0.369852324534 -0.208629105132 -0.573298333392 -0.657271672266 -0.690622839650 -0.843722774110 -0.814550956834 -0.810287081946 -0.890002124338 -0.842305022855 -0.900687058282 -0.854412510434 -0.806458357045 -0.624968833667 -1.13358574385 -1.27875325410 -1.59126807362 -1.30496978133 0.0798844721172 1.68482850441 0.411249456726 -0.996873074329 0.00194321246619 1.57989535054 0.851810152953 -0.205836716448 0.641338844678 2.37940411716 0.562862748742 -1.23190814573 -0.164607297386 2.42560544217 -0.0243976206291 -0.794707314968 -0.544217348022 0.888963651263 0.789141510001 1.80310371041 1.82462167909 0.370989563109 1.12908630760 1.43326714776 0.867512561899 2.14055748662 -0.186989420965 0.325250455743 0.312236410820 0.587604023460 0.863137453451 0.467326544057 0.415367657455 -0.593317517315 -1.03867608891 -0.0524855561611 -2.05894510836 1.22158598413 -1.16441819947 0.595544820220 0.320139227626 0.584792483521
# mat_params[1]:
 8.87027207938 11.4795126224
# mat_params[2]:
 9.61541514671 13.2592184649
# mat_params[3]:
 6.73062100727 9.16801653825
# log_m_devs:
 -0.0326521395948 0.0326521395948
# log_slx_pars[1]:
 1.71796995390 -0.188841288151
# log_slx_pars[2]:
 1.84743968976 -0.325822904349
# log_ft_pars:
 -1.22839562610 -1.30648338608 -1.73420254286 -1.59048691880 -1.27405658796 -1.16719983837 -1.26363287431 -1.68906300245 -1.31437605802 -2.09635433032 -2.20378336330 -1.10095854449 -4.44376998577 -0.409378695086 -3.15819245017 -2.24315062571 -1.91759986402 -1.47011111887 -1.36590547366 -2.31296552926 -2.44515711791 -2.52149872368 -2.75816586988 -2.20481996836 -2.53325854295 -3.18422277236 -2.60761939819 -1.97996922538 -1.97881323095 -1.45895216809 -1.01673229142 -1.13439981369 -1.63595711670 -2.12307738365 -2.17755199138 -1.61209777872 -2.34867937307 -2.85584680964 -5.62585453507 -5.63091873857 -4.82254811754 -4.35896053643 -4.66260562575 -4.88591435525 -4.71803859679 -4.65604124973 -3.64922855777 -4.19075097972 -10.8413221125 -6.05662498057 -4.45152988505 -4.06523419243 -4.49170133306 -4.09651684707 -4.17240325745 -4.14486822506 -3.88232847927 -4.16297837697 -4.78661594795 -3.96532566865 -3.59545134747 -4.62927810364 -5.47893039418 -4.53141038220 -3.77722119833 -4.40405996617 -4.79126461050 -3.53164735842 -3.81733877506 -4.56174219184 -4.27060767812 -4.97985931859 -4.01029793192 -4.10622645758 -4.70451263847 -4.20567799932 -4.01864450414 -3.90068540189 -3.50526552078 -2.50555431799 -2.36753774415 -2.11756305974 -1.97273616464 -2.06540942693 -2.85626564461 -1.41430273311 -2.02008701016 -1.77910293455 -1.63674678035 -3.27847205352
