# Number of parameters = 211 Objective function value = -3732.77142775013  Maximum gradient component = 2.95754430761982e-005
# theta[1]:
-0.245487789623
# theta[2]:
8.03178179320
# theta[3]:
7.18392662921
# theta[4]:
7.58846028278
# theta[5]:
0.774529614080
# theta[6]:
4.00000000000
# log_rinit_devs:
 -0.00982121024770 -0.00741095731723 0.0755114786465 0.0114501029589 -0.0697294140404
# log_rbar_devs:
 1.16195202228 0.972031395281 0.760185874977 0.792290399590 0.644100938403 0.934445675625 0.554762544254 0.466629980863 0.431451455546 0.486523704964 0.427751776913 0.404801965622 0.505887693290 0.600873696084 0.798492324884 0.707238994236 0.776446200290 0.576205057626 0.754878395522 0.534619872070 0.536496569242 0.611654889829 0.541896015447 0.327639819286 0.425363553276 0.478344920209 0.387353527352 0.756943736755 0.317954916427 0.0880344210255 -0.163780829370 -0.0790027371985 -0.0567752976700 -0.476124494463 -0.691748711366 -0.901071679162 -1.17802115793 -1.22923615086 -1.26040605512 -1.34301187631 -1.32968628881 -1.40989601042 -1.40717923765 -1.42976099312 -1.32814653835 -1.84138634255 -1.98963468124 -2.20131747134 -1.68351147070 -0.273101474588 1.21135062243 -0.0598593367656 -1.50965511815 -0.490687657473 1.12596542902 0.386672142338 -0.671416596506 0.183894649853 1.91956316740 0.0690080468719 -1.70282770265 -0.596325392434 2.07950579460 -0.436108514811 -1.17417522948 -0.894876563535 0.583862854461 0.451500543566 1.50055234335 1.53288606822 0.0670654787613 0.855051343135 1.20420751656 0.673751907698 2.08261365840 -0.199065637239 0.403867716159 0.293247199265 0.346940157535 0.269382572884 -0.125540517336 -0.170954777019 -0.994867095302 -1.36884262969 -0.342814508681 -2.23096329702 1.04699566025 -1.42989476226 0.334284635018 0.0512330422665 0.235019947369
# mat_params[1]:
 7.51161994780 10.3805456689
# mat_params[2]:
 7.71168282765 10.8270561832
# mat_params[3]:
 6.42438193235 9.33072001756
# mat_params[4]:
 5.07389177881 7.50248917685
# log_m_devs:
 0.0716226714751 0.158951962936 -0.280261318308 0.0496866838976
# log_slx_pars[1]:
 1.21881265674 -0.0755158298799
# log_slx_pars[2]:
 1.41523574243 -0.473905255458
# log_slx_pars[3]:
 1.76159493695 -0.201809072300
# log_slx_pars[4]:
 1.58984382790 -0.362203668176
# log_ft_pars:
 -1.73428123631 -1.80228953562 -2.17306152876 -2.00875970825 -1.68881199967 -1.63025913641 -1.68094370782 -2.04526821719 -1.63955748398 -2.43039650396 -2.54577999880 -2.91859355139 -4.94233011697 -2.37041783756 -3.93388783805 -3.00447952077 -2.27668783317 -1.81917335378 -1.67260901254 -2.59556910111 -2.70624813342 -2.75915833745 -2.99004929297 -2.43064116218 -2.72780510878 -3.36840477497 -2.79711490864 -2.13777724277 -2.13483765307 -1.56777442339 -1.03046208661 -1.02206008190 -1.39277307176 -1.79221835369 -1.72885175690 -0.988891608787 -1.56125827685 -1.97221115796 -4.70544871778 -4.70687854059 -3.87876373068 -3.39123185335 -3.67066789826 -3.85370213221 -3.62833939341 -3.53573229164 -2.44476179160 -2.94130343122 -8.80291563526 -3.89359604336 -2.01898165039 -1.72606145777 -2.30670252999 -2.01446070012 -1.94107298526 -1.88199404576 -1.66752389632 -2.02153072037 -2.50808413157 -1.68969708435 -1.40524213375 -2.58581628756 -3.33536622242 -2.38864139460 -1.73054517722 -2.50684121480 -2.91701346364 -1.56149380822 -1.66479985479 -2.40554903892 -2.21604992462 -3.03299856352 -2.09902097062 -2.20915101851 -2.76986003223 -2.37123781241 -2.30356194369 -2.30345180955 -1.92760375691 -1.92375093900 -2.05152562507 -1.89086798322 -1.76217339275 -1.86599309542 -2.70828433718 -1.37750099925 -2.06157661013 -1.81834037325 -1.57948519955 -3.06963224845
