# Number of parameters = 202 Objective function value = -3670.55350446095  Maximum gradient component = 2.96344482406021e-005
# theta[1]:
-0.378921003054
# theta[2]:
7.10355422593
# theta[3]:
6.56623031471
# theta[4]:
7.12904853072
# theta[5]:
0.506944924753
# theta[6]:
4.00000000000
# log_rinit_devs:
 0.216645369838 0.138815754397 0.118040190311 -0.0387165763894 -0.434784738156
# log_rbar_devs:
 1.08366024082 0.902290615809 0.729798418225 0.792588687152 0.661329166823 0.931186327830 0.575872691976 0.525347736819 0.513596953600 0.624706641783 0.593017657518 0.506301102141 0.526906982294 0.534931229260 0.692612826820 0.721154708016 0.908093468368 0.721964606705 0.863258699392 0.631768267109 0.627800235808 0.695094308255 0.631449267671 0.429275184229 0.511774873010 0.564787968953 0.493105253676 0.852798670419 0.454893024531 0.262918549398 0.00925480810233 0.0227316508743 -0.0162834071757 -0.440378236815 -0.654799256515 -0.930817273726 -1.31764664555 -1.45025790533 -1.51583976866 -1.58465718985 -1.56783896735 -1.64448997283 -1.64767915221 -1.67282134486 -1.56752159390 -2.07871602975 -2.29253049555 -2.59906981764 -2.13700846817 -0.681605125173 0.746097629121 -0.515566673596 -1.96279112674 -0.934297603196 0.662023303965 -0.0685581598725 -1.10938615810 -0.240781477354 1.43949554085 -0.391371287988 -2.14220009852 -0.992713081255 1.66571070145 -0.789490902351 -1.49194269642 -1.17470702416 0.313436678790 0.176981414650 1.23263651410 1.26911465799 -0.159999867154 0.631346615687 1.01921771775 0.552102702377 1.85757171081 -0.185914868004 0.547300330776 0.689511151045 1.05839045892 1.34400243922 0.905047388354 0.847112300675 -0.0686731124773 -0.528189835757 0.448004887524 -1.61257860511 1.62852393108 -0.798807059049 1.01067925277 0.772611420581 0.554740716286
# mat_params[1]:
 7.03048791324 10.2538858562
# mat_params[2]:
 5.39372815070 8.08980500662
# log_m_devs:
 -0.108847454390 0.0622866612729 0.0465607931170
# log_slx_pars[1]:
 1.22102103012 -0.602792280310
# log_slx_pars[2]:
 1.67546877732 -0.203028806973
# log_ft_pars:
 -1.26527395536 -1.34246933148 -1.75663912631 -1.62411598908 -1.33458403801 -1.23103262626 -1.32155254713 -1.72418585816 -1.34808141972 -2.17174570315 -2.35453762784 -0.928586278186 -4.60628781915 -0.733400890149 -3.39865302124 -2.57680230212 -2.33118516907 -1.85511074623 -1.69729833858 -2.60973425220 -2.70772326238 -2.76667656901 -2.99819631707 -2.42540680077 -2.72345064736 -3.38008156308 -2.81132076133 -2.17134454353 -2.15234365239 -1.55434735621 -1.00297230410 -0.986790407040 -1.33826377454 -1.69015617841 -1.58478280373 -0.795196417094 -1.28518461837 -1.63843300120 -4.35806365179 -4.36926534320 -3.54910911553 -3.06300995208 -3.34824224590 -3.53154716517 -3.30381851158 -3.18791863640 -2.05090553650 -2.50131723848 -8.40827484964 -3.53041170252 -1.57743605974 -1.34075989457 -1.96111187502 -1.65112029949 -1.52356160038 -1.49896178763 -1.29701829713 -1.64278934798 -2.08912807688 -1.30459455516 -1.01613922204 -2.19696999693 -2.94569243097 -2.08308017775 -1.46454011139 -2.24144157722 -2.68902456467 -1.38765870944 -1.46943680275 -2.21812182702 -2.07726870161 -2.92198004667 -2.00050680825 -2.15562037702 -2.69531186541 -2.33864482292 -2.31380112200 -2.37448452987 -2.16407806142 -1.98226215825 -2.04103781669 -1.84682622438 -1.69236030346 -1.75984457955 -2.55097168488 -1.15866905653 -1.76873806984 -1.61180857235 -1.48102316506 -3.10475498740
