# Number of parameters = 199 Objective function value = -3357.35105781514  Maximum gradient component = 0.000137009241920210
# theta[1]:
-0.625192669482
# theta[2]:
6.73947406511
# theta[3]:
5.83325397859
# theta[4]:
6.36418068779
# theta[5]:
0.446731506807
# theta[6]:
4.00000000000
# log_rinit_devs:
 0.214602113243 0.114520317244 0.119923120049 0.0190893050859 -0.468134855622
# log_rbar_devs:
 1.53408046652 1.34644912544 1.13570445028 1.17008123985 1.07034371958 1.30212793200 0.939406310208 0.822612394664 0.788019728294 0.762330379149 0.716723835709 0.708854662605 0.898116993521 1.02363246115 1.21078939151 1.10736326641 1.14746177006 1.00784882194 1.12572389749 0.849333374385 0.828003750783 0.872254673317 0.800461389990 0.626995404929 0.670707952346 0.692308161924 0.625439102712 0.961145761812 0.584881049444 0.451955453805 0.266312638075 0.214527669645 0.0768407188452 -0.376115256011 -0.572371227155 -0.770761845983 -1.33634750510 -1.63175933274 -1.88944066495 -1.96897742826 -1.97145976949 -2.04210900972 -2.07247553416 -2.10458542293 -1.98245969268 -2.36423205061 -2.47195344494 -2.84291392935 -2.46259964062 -0.906084324556 0.653908997268 -0.610145024281 -1.98945065569 -0.972997234000 0.546293486919 -0.134487867763 -1.12060778640 -0.295320195242 1.27103119619 -0.373477604299 -2.06116786406 -1.11370419214 1.34926742897 -0.895932172201 -1.55525004071 -1.31699265730 0.117020726198 0.0274782964883 1.01598127447 1.02179189511 -0.332446871474 0.400555315514 0.817775677422 0.360824017432 1.58801806899 -0.329706749438 0.366550007620 0.519097375064 0.885047088589 1.14727490805 0.762493027496 0.716389783520 -0.100074569254 -0.522622013190 0.405938746637 -1.46419029172 1.59720932694 -0.777224305109 0.858320973775 0.515115518939 0.450223087543
# mat_params[1]:
 6.01575532345 9.25960264532
# mat_params[2]:
 4.45646921282 7.10187219996
# log_m_devs:
 -0.0351241089452 0.0351241089452
# log_slx_pars[1]:
 0.671519690298 -3.38294197440
# log_ft_pars:
 -1.51954370626 -1.55790387773 -1.92965331115 -1.79310077046 -1.49083461026 -1.42125550595 -1.42500871401 -1.78365255055 -1.37837392229 -2.15442512106 -2.28106758883 -6.15751257162 -4.82216439198 -6.67894835298 -3.92576027785 -2.97613431187 -2.61466697430 -2.12872700886 -1.99081233261 -2.85575917503 -2.94245716227 -2.99762108141 -3.20501954419 -2.61822987042 -2.92447366414 -3.57031759427 -2.98092713500 -2.35922230644 -2.26106323132 -1.65964778912 -1.12948128172 -1.11635339845 -1.41432058102 -1.66872245548 -1.53446813965 -0.722033294113 -1.12299690310 -1.38316795458 -4.03687481910 -4.02594608695 -3.18852970355 -2.67199172467 -2.92815705155 -3.09992427251 -2.88706432044 -2.72091063147 -1.63003490309 -2.06801924122 -8.88178427554 -4.64512286817 -3.28010537660 -2.48133793000 -2.50377099552 -2.10517390377 -2.69330952752 -2.53669109324 -1.97327098837 -2.32233359268 -3.36714872869 -2.25423319357 -1.42596535510 -2.43470301546 -4.04788030430 -2.88075042108 -1.77580446191 -2.30509586517 -3.26809739785 -2.16545896521 -2.62845982642 -3.30039989300 -2.75257921615 -3.44312146537 -2.67474110706 -2.78823532303 -3.68322893506 -2.99076778223 -2.79960255852 -2.87832311181 -2.84058020757 -2.78729567273 -2.75270167211 -2.46558446920 -2.17059218386 -2.12520736907 -3.08712267647 -1.61799451026 -3.09178485924 -2.55837439787 -2.34974900901 -3.85749195368
