# Number of parameters = 204 Objective function value = -3665.82266128549  Maximum gradient component = 3.60816260312106e-005
# theta[1]:
-0.333815367379
# theta[2]:
7.77696247006
# theta[3]:
6.56343739642
# theta[4]:
7.13048953330
# theta[5]:
0.479009575921
# theta[6]:
4.00000000000
# log_rinit_devs:
 0.0170711444938 0.0176899393627 0.0916424933914 0.0316171024643 -0.158020679712
# log_rbar_devs:
 1.51940099252 1.32071977194 1.11237883812 1.12368816150 0.955031110146 1.19580503321 0.789653240654 0.674313174530 0.583118291306 0.608228288492 0.521129639109 0.475559061597 0.550731646390 0.597766466864 0.772880253840 0.703798900736 0.793799988710 0.602431260195 0.741583476585 0.508070048710 0.511157435889 0.586631621827 0.530104463912 0.333075427463 0.424756862622 0.488226502666 0.425200941813 0.796943366524 0.401604862809 0.210641269437 -0.0470260612556 -0.0356746435166 -0.0753933001324 -0.502433396672 -0.720962932575 -1.00788978581 -1.40678359106 -1.54058792678 -1.59916882192 -1.65723068797 -1.62928313794 -1.69684989304 -1.69024965908 -1.70638982643 -1.59044793833 -2.09491893916 -2.29957599748 -2.59580281992 -2.13021919614 -0.676711148415 0.749271382597 -0.509483157189 -1.95371156427 -0.927813928573 0.664950365922 -0.0634260087954 -1.10386178982 -0.236076777742 1.44166989608 -0.385188044698 -2.13330534206 -0.989473404865 1.66373572520 -0.786818717427 -1.49089140007 -1.17466141446 0.312043806379 0.177328116449 1.23080111851 1.26636343603 -0.161046759431 0.629647990638 1.01653823358 0.549712500826 1.85317878133 -0.187547472152 0.544818402113 0.687590816600 1.05769228184 1.34447297531 0.904932900394 0.848223321352 -0.0728689612682 -0.542903286167 0.413305953237 -1.67155074997 1.53491064212 -0.890206791686 0.935464619375 0.737442925985 0.561908682281
# mat_params[1]:
 7.04941401957 10.2610403735
# mat_params[2]:
 5.40022596735 8.10955009090
# mat_params[3]:
 5.15655456038 7.67338534499
# log_m_devs:
 0.00000000000
# log_slx_pars[1]:
 1.22761180647 -0.587874863907
# log_slx_pars[2]:
 1.67832528264 -0.181280586274
# log_slx_pars[3]:
 1.63954764103 -0.373025823783
# log_ft_pars:
 -1.66108238450 -1.72506081574 -2.10674187506 -1.92739693782 -1.59756735309 -1.45969052035 -1.50683467599 -1.84603404317 -1.39469251845 -2.12640197658 -2.21891903222 -2.46279201067 -4.56824447212 -1.73728427586 -3.44878764536 -2.53431931493 -2.18950785984 -1.71817168307 -1.55739424892 -2.46969840166 -2.57469836676 -2.64115958799 -2.88155230245 -2.31579610532 -2.62092966738 -3.28748888183 -2.72876945523 -2.09670324132 -2.08586966500 -1.49244779413 -0.937184944127 -0.913255743498 -1.26086787723 -1.61471725417 -1.51111551177 -0.710768768675 -1.18410882674 -1.53151182632 -4.25825043493 -4.28270725938 -3.47439451096 -2.99875175861 -3.29410292758 -3.48776241335 -3.27075541585 -3.16559553636 -2.03787251029 -2.49910520640 -8.42588422464 -3.55333741031 -1.60735657121 -1.35592382949 -1.96202965622 -1.65062694079 -1.53800852597 -1.51288905176 -1.30157706983 -1.64583988311 -2.10524622647 -1.31594886414 -1.01586506394 -2.19393113657 -2.95852462839 -2.09156472988 -1.45927827428 -2.23213143709 -2.68856417572 -1.39260004392 -1.47950373100 -2.22666188072 -2.07680557117 -2.91711079195 -1.99879943097 -2.15499709772 -2.69927946396 -2.33756362914 -2.30739194459 -2.36825974435 -2.16259410478 -1.98415755487 -2.04167144030 -1.84538181630 -1.68953216599 -1.75522432352 -2.54512838310 -1.14681035859 -1.70313597137 -1.55121446713 -1.44381513352 -3.05145342356
