# Number of parameters = 203 Objective function value = -3527.45438297036  Maximum gradient component = 0.000231453677679768
# theta[1]:
0.0395725682286
# theta[2]:
9.49203867449
# theta[3]:
8.91711210621
# theta[4]:
9.24131506549
# theta[5]:
0.572269129769
# theta[6]:
4.00000000000
# log_rinit_devs:
 -0.125099200369 -0.0665984000996 0.0842112772657 0.0596078804110 0.0478784427920
# log_rbar_devs:
 0.756548837269 0.602235492756 0.410374672523 0.448316708406 0.321431788066 0.645669571434 0.325641036679 0.283974439983 0.298016581647 0.405508214507 0.365085750547 0.338606146592 0.413439503728 0.488406721115 0.701598408197 0.637016965143 0.771690416426 0.587090571997 0.775598456729 0.545525816354 0.516208743956 0.555747479352 0.456622182131 0.215706375128 0.276313381739 0.279269342873 0.143005383935 0.458805740565 0.00296219433507 -0.202618463757 -0.366013596426 -0.193997307060 -0.130355010118 -0.517304687244 -0.672904347480 -0.789358218688 -1.00338980621 -1.06564076533 -1.14570885928 -1.28694948207 -1.32431195561 -1.43563219511 -1.45961178766 -1.49725413145 -1.40984536606 -1.87047147907 -1.95701805919 -2.13664234059 -1.63892941818 -0.202836935058 1.42166945791 0.0753731698713 -1.32725309990 -0.322428399779 1.27738912107 0.547095306769 -0.489975306667 0.344616822491 2.05022686490 0.273702070929 -1.46712246092 -0.451759295666 2.10666686248 -0.317951099140 -1.06890629337 -0.819572232974 0.612141400088 0.520170766143 1.55660440353 1.58482197506 0.155866896331 0.917605830093 1.24483142538 0.740004834809 2.07014719935 -0.146116047786 0.437765971755 0.419743644048 0.663764652112 0.895056626191 0.464618281558 0.404590310764 -0.623594692583 -1.13735745409 -0.230768147559 -2.38306759314 0.719886486266 -1.66654366121 0.0898012240551 -0.153639171955 0.292270640326
# mat_params[1]:
 8.24256712087 11.1453749559
# mat_params[2]:
 6.47862126390 8.78397942724
# mat_params[3]:
 6.46277988532 9.03237978542
# log_m_devs:
 -0.0665828682079 0.00785148011272 0.0721322828155 -0.0134008947203
# log_slx_pars[1]:
 1.70628297330 -0.221002007719
# log_ft_pars:
 -1.70590612538 -1.77694162711 -2.21557295976 -2.08694779859 -1.80071604768 -1.69277221659 -1.80586637588 -2.25362713729 -1.90493101616 -2.69515003285 -2.81489885001 -3.61334844543 -5.20840709879 -1.93787948263 -4.09677115704 -3.18720770692 -2.89250713570 -2.43336326670 -2.30650162807 -3.22275361114 -3.31205237152 -3.34027718357 -3.52652196299 -2.94194463412 -3.22608376102 -3.81848761215 -3.18966462200 -2.48957453816 -2.43968700346 -1.89546302424 -1.44978860608 -1.52611775285 -1.93285538642 -2.34533729804 -2.33710007507 -1.71127717567 -2.37927513185 -2.80843386923 -5.49729608880 -5.42607206637 -4.53791985994 -3.99884711158 -4.22010256917 -4.37169784990 -4.13423207625 -4.01321655653 -2.96547736608 -3.51295041134 -10.2412106120 -5.58527220657 -4.10024919062 -3.70464836439 -4.10953417618 -3.66987320243 -3.75112772946 -3.73137070815 -3.46443527836 -3.73296029755 -4.36909496124 -3.54694679576 -3.15589923765 -4.16344177751 -5.04440997340 -4.11239887802 -3.34810947986 -3.93901360552 -4.33138545721 -3.10927666786 -3.45786531516 -4.22122115923 -3.92488686872 -4.62509540902 -3.66443098370 -3.77907307823 -4.46051951171 -3.98680310044 -3.82640678525 -3.72707420819 -3.37900773317 -3.12135254775 -3.09792664957 -2.81190125753 -2.55882248726 -2.52275035750 -3.22889674979 -1.75022268003 -2.56812094780 -2.40250055906 -2.26029138736 -3.82309388910
