# Number of parameters = 205 Objective function value = -3594.34944520819  Maximum gradient component = 0.000296033832646878
# theta[1]:
0.0317549973094
# theta[2]:
8.43836356503
# theta[3]:
9.04713412959
# theta[4]:
9.39707599488
# theta[5]:
0.616080327782
# theta[6]:
4.00000000000
# log_rinit_devs:
 0.100731388151 0.0477913154386 0.0879458890489 -0.0583162635031 -0.178152329135
# log_rbar_devs:
 -0.0580995047127 -0.146891413904 -0.262383111888 -0.0700890759078 -0.0911933802761 0.409737255502 0.167238198835 0.246055190327 0.370699993486 0.542804354372 0.473244011798 0.356924042646 0.315377641576 0.362638284842 0.562284554862 0.573905554357 0.812782285967 0.613641944268 0.846250009667 0.589657939525 0.563948557842 0.618710977399 0.512252160303 0.240606656054 0.320191137774 0.330616836399 0.179991418727 0.561977646805 0.0511909782184 -0.160436584324 -0.319060070149 -0.0890748294606 0.00711579012051 -0.420909591791 -0.576621851398 -0.688004593973 -0.919979795543 -0.981248895360 -1.06608641612 -1.22339518399 -1.25846362357 -1.38173096962 -1.40313695704 -1.43868349063 -1.32231933116 -1.82976080851 -1.91689368539 -2.10481082412 -1.59571589723 -0.158125906381 1.45813057668 0.110414228491 -1.28413418419 -0.279995084011 1.31705779677 0.584436047269 -0.463115810667 0.375461813845 2.09668085225 0.309446211877 -1.42863142324 -0.414027299824 2.15991503667 -0.267343683123 -1.02727914512 -0.771942524345 0.655651759638 0.564398332359 1.59375539285 1.62300862110 0.191562245579 0.962158879575 1.28001612771 0.773009753108 2.09802065146 -0.128430340216 0.435565425355 0.408642203918 0.634455607564 0.837786370058 0.414795552253 0.346308797049 -0.700249735104 -1.20671509211 -0.253522583482 -2.34913635648 0.894540697052 -1.47328103347 0.326353027806 0.113315194880 0.336189462999
# mat_params[1]:
 7.98329446634 10.6224402718
# mat_params[2]:
 8.52078679990 11.5060078926
# mat_params[3]:
 6.57025305018 8.95154847620
# log_m_devs:
 -0.139690634390 0.0255032009490 0.0829718450717 0.0312155883694
# log_slx_pars[1]:
 1.49313399510 0.108033123005
# log_slx_pars[2]:
 1.73945312334 -0.283541450366
# log_ft_pars:
 -1.76250811482 -1.94753210731 -2.43197841453 -2.39370673117 -2.21615894369 -2.33889398449 -2.55999290683 -3.08857986212 -2.84837221247 -3.77530528756 -3.95664696575 -0.526200348027 -6.11502093076 -0.349759950455 -4.92277246576 -4.10139064727 -2.80951840565 -2.36720927016 -2.25009704215 -3.17527979926 -3.27403247300 -3.30804687707 -3.49465065919 -2.91405763496 -3.19929449623 -3.78519933842 -3.15027977760 -2.44845998197 -2.40917846748 -1.88513143359 -1.45623430131 -1.52602579410 -1.92808052482 -2.35462720118 -2.37189952356 -1.76238142940 -2.42751626490 -2.84821056883 -5.52536577669 -5.44273930326 -4.54485870503 -3.99698510370 -4.20085837176 -4.34881937178 -4.11991922901 -4.00183350405 -2.95508432823 -3.50595426801 -10.2053854172 -5.45696265622 -3.88392317796 -3.55904893170 -4.06412922606 -3.68776496606 -3.66686636863 -3.62993880819 -3.41352926144 -3.71438224232 -4.24990583311 -3.44583771427 -3.13677488251 -4.21227285679 -4.96125853064 -4.01854107558 -3.33045256990 -4.00664060916 -4.34775634447 -3.04907379256 -3.32322390925 -4.08946052218 -3.84983394857 -4.59729585044 -3.62488949457 -3.73133369587 -4.34970583287 -3.90836809337 -3.79041379426 -3.72300407479 -3.33777892771 -3.01915240082 -2.97427091963 -2.69369070381 -2.45843425697 -2.44588893149 -3.15314991411 -1.67418653953 -2.48285904123 -2.35602936621 -2.26963184380 -3.87643111051
