# Number of parameters = 203 Objective function value = -3533.80214132276  Maximum gradient component = 0.00237226395860742
# theta[1]:
-0.0201226405315
# theta[2]:
10.1410854280
# theta[3]:
8.85989696462
# theta[4]:
9.14163346948
# theta[5]:
0.786238562107
# theta[6]:
4.00000000000
# log_rinit_devs:
 -0.300216366399 -0.181570633965 0.0625776387219 0.106377889941 0.312831471701
# log_rbar_devs:
 1.33168070857 1.10366981317 0.820270863088 0.808079198406 0.618935395276 1.02975022265 0.568909305761 0.473433350431 0.448661650853 0.536714600359 0.446189798625 0.392677595540 0.477008208370 0.549340372763 0.786593114466 0.643776285753 0.767152727751 0.555479852305 0.839593882608 0.563823438671 0.555074598062 0.638979748259 0.538212021243 0.245729221632 0.353190863528 0.389085557677 0.246546747960 0.713057443400 0.159636774881 -0.0522706207457 -0.215099912627 0.0626183391141 0.185422380124 -0.283164499223 -0.445264574903 -0.563680050594 -0.823298681779 -0.889336674123 -0.982047418079 -1.15600930211 -1.19216155235 -1.32944249906 -1.35129755736 -1.38740406082 -1.25188201035 -1.82516970925 -1.93910435419 -2.15024465316 -1.65989848612 -0.190266391967 1.42072201706 0.0328719789386 -1.31853094914 -0.336280156088 1.23989550902 0.514134105747 -0.534841817970 0.298385348007 1.98705162480 0.225239531206 -1.44061268882 -0.511007453713 2.02486999351 -0.359191229004 -1.11804992099 -0.858118992797 0.553445741107 0.468791366283 1.48696148347 1.51102242315 0.0957658718328 0.868259329190 1.18185503116 0.673209746210 2.03383534733 -0.222346424018 0.271114869758 0.115619201272 0.127087077992 0.0277209798350 -0.367623480668 -0.456301198490 -1.42884341942 -1.86773414607 -0.875746686550 -2.78312817524 0.498738056172 -1.70134237309 0.126257986513 0.0164709218244 0.218122498226
# mat_params[1]:
 8.04833209293 10.8165470081
# mat_params[2]:
 6.21748751918 8.94391191099
# mat_params[3]:
 6.48866620564 9.19238802506
# log_m_devs:
 0.116722353807 -0.116722353807
# log_slx_pars[1]:
 1.71197618993 -0.207418373732
# log_slx_pars[2]:
 1.73520950460 -0.428345667668
# log_ft_pars:
 -2.01502970926 -2.05382032506 -2.44252938947 -2.25589527177 -1.90738713493 -1.77798903631 -1.85222586033 -2.24769999442 -1.84513764731 -2.57815409228 -2.65230842470 -6.77399003844 -4.97668672754 -6.62102219596 -3.88738503704 -2.95166800071 -2.63113934742 -2.20010222066 -2.11392825624 -3.04517261585 -3.15107788537 -3.19805813831 -3.39936785148 -2.81855084797 -3.10586058158 -3.70745327274 -3.09119748480 -2.44886467589 -2.42450546448 -1.89562971220 -1.45095402774 -1.54148680670 -1.99061495276 -2.42267716420 -2.41950784932 -1.79082954674 -2.43633419983 -2.84391654899 -5.51032934102 -5.41796694438 -4.51321214451 -3.95717470908 -4.16837469807 -4.31015426018 -4.07142144504 -3.94288840192 -2.88110886854 -3.39369899303 -10.0952450895 -5.50699736347 -4.04513027981 -3.64825709231 -4.05989205194 -3.62816476660 -3.69134161238 -3.66136900438 -3.39065538236 -3.66097665128 -4.27613066563 -3.44748611578 -3.05901421918 -4.07843169907 -4.93981422862 -3.99709326345 -3.23221886158 -3.83793106040 -4.24142821434 -3.01695887827 -3.35022560855 -4.10750259874 -3.81285294578 -4.52132660398 -3.56521506105 -3.68109048595 -4.36721318744 -3.89703085937 -3.73230326969 -3.60846889391 -3.16585221938 -2.71620682273 -2.71288545867 -2.45393270536 -2.24876299128 -2.28160849630 -3.04512873083 -1.61799939452 -2.01798253768 -1.92006703181 -1.93877301226 -3.68331335569
