# Number of parameters = 203 Objective function value = -3656.05315605770  Maximum gradient component = 0.00105094205397842
# theta[1]:
0.169348940568
# theta[2]:
10.5388921157
# theta[3]:
9.68597988047
# theta[4]:
10.1060578383
# theta[5]:
0.787434615206
# theta[6]:
4.00000000000
# log_rinit_devs:
 -0.223822210876 -0.142348534618 0.0616295705414 0.0614303794192 0.243110795533
# log_rbar_devs:
 0.995625248009 0.797279896384 0.547611302578 0.581654506018 0.419284579888 0.814733368402 0.415025138029 0.338415749370 0.350977479658 0.444802791666 0.350078110726 0.258470763509 0.296804301319 0.336873143285 0.550734396837 0.420084586494 0.531724947370 0.343733538818 0.615360232386 0.370248809387 0.364778710663 0.447074294556 0.361665884086 0.0925157708334 0.196756836865 0.238596426467 0.117604874966 0.548679597027 0.0573263096935 -0.115391693350 -0.228037838972 0.0813734457724 0.240796319411 -0.153130301645 -0.253989266095 -0.311481257959 -0.508898767653 -0.528191081061 -0.573827899006 -0.708821619310 -0.704850211198 -0.812153064844 -0.804281293389 -0.761829675612 -0.592599607398 -1.19671665556 -1.44679095748 -1.89702275870 -1.77465894222 -0.354516841566 1.25357835172 -0.0171496656585 -1.40505663070 -0.401217831048 1.17348792046 0.455536790006 -0.589896869605 0.247927128363 1.97641104502 0.177434755171 -1.59857673567 -0.556831658194 2.00960101037 -0.412224265678 -1.18488902079 -0.943506137695 0.475087508025 0.384376448774 1.38624485968 1.40641707421 -0.0320184823605 0.720016968757 1.01742496326 0.451829280531 1.67521788357 -0.608919353392 -0.106377735661 -0.121227642331 0.139851841692 0.389697367103 0.0127592730501 -0.0451272830927 -1.08140248196 -1.52545872111 -0.551803631195 -2.53895191976 0.719825001162 -1.57878965182 0.209732819057 -0.0267051186557 0.244170918946
# mat_params[1]:
 8.53336847658 10.7897072135
# mat_params[2]:
 9.78473547756 13.3073286466
# mat_params[3]:
 7.06760962918 9.59493769000
# log_m_devs:
 0.0783231126896 -0.0783231126896
# log_slx_pars[1]:
 1.79633653709 -0.208025062965
# log_slx_pars[2]:
 1.88239049479 -0.302419636162
# log_ft_pars:
 -1.69439656583 -1.77163003081 -2.18192698013 -2.02469821939 -1.70504045771 -1.62061389397 -1.71811953400 -2.13301256941 -1.75721793986 -2.53085957996 -2.62151781043 -3.17528678384 -4.92702842675 -1.19390881347 -3.75087054261 -2.80958022525 -2.48489283056 -2.04796174565 -1.97103417829 -2.91000245832 -3.01754171836 -3.07427404135 -3.28272476288 -2.69969013166 -3.00109924861 -3.61929887387 -3.00892590493 -2.38185252466 -2.35776658443 -1.83057086487 -1.41496087694 -1.57232766829 -2.08706567915 -2.54880832016 -2.57783979059 -2.00328663397 -2.71050307332 -3.17212642896 -5.88937382126 -5.83813430066 -4.97877068344 -4.46524431667 -4.72532620044 -4.91270328070 -4.71527812186 -4.60883774927 -3.55390897736 -4.02278573032 -10.5711961098 -5.81308218410 -4.18013837963 -3.82597561535 -4.32859095633 -4.02398700917 -4.05701338514 -3.99777955862 -3.75676384536 -4.08942118546 -4.64727558646 -3.81316104778 -3.49344480713 -4.61667377398 -5.38059128366 -4.37699042059 -3.65342605540 -4.38495568400 -4.78089124502 -3.44556888273 -3.63540087701 -4.36957969199 -4.11565694462 -4.87786428355 -3.92190234752 -4.01225060922 -4.54170167394 -4.05050448171 -3.89161488050 -3.82992846059 -3.43755486066 -2.57218633958 -2.41413998860 -2.15335471370 -2.00594020393 -2.10536581751 -2.90202371510 -1.45929428129 -2.05106290187 -1.85174571720 -1.76378969021 -3.47244661396
