# Number of parameters = 204 Objective function value = -3563.72310307307  Maximum gradient component = 7.18453895379330e-005
# theta[1]:
-0.120462241245
# theta[2]:
9.09513130176
# theta[3]:
8.21700679960
# theta[4]:
8.54497444086
# theta[5]:
0.436567348205
# theta[6]:
4.00000000000
# log_rinit_devs:
 -0.157747055453 -0.108323340472 0.0575355719291 0.0407318707940 0.167802953201
# log_rbar_devs:
 1.10832614204 0.909087903505 0.670615284587 0.726915684710 0.581812646645 1.00525316006 0.599431197325 0.545204353997 0.551419386265 0.663234292844 0.602777917172 0.589091541102 0.709784549077 0.796361936001 1.02251335398 0.861320547593 0.944266034795 0.722922492524 0.986822542730 0.705553441328 0.694151249042 0.773857005186 0.672806960384 0.389060063336 0.498809869732 0.534618933394 0.385954703437 0.844285734551 0.268420205836 0.0211882231176 -0.188158037191 0.0329406652727 0.110372013961 -0.396246167627 -0.611502761563 -0.780773310342 -1.06936826579 -1.15483840418 -1.26239715194 -1.44459690106 -1.50049726005 -1.64688805026 -1.68149110745 -1.72987740542 -1.60772029671 -2.18593685915 -2.31901710413 -2.53641995273 -2.03364668954 -0.570938234339 0.988470180818 -0.356377688098 -1.72978778614 -0.726452050417 0.851146155309 0.135845156158 -0.909882257774 -0.0599631811913 1.61315555927 -0.143699289723 -1.81599697884 -0.836324479398 1.71211826483 -0.672849816993 -1.41875656785 -1.13936159951 0.287003061095 0.188555719618 1.20828215200 1.23456886495 -0.179166716498 0.601740236195 0.936679858030 0.452737575126 1.72547091058 -0.379636893980 0.252197025639 0.301913984181 0.557305462037 0.689465386476 0.348197835208 0.372772301454 -0.330449474187 -0.640739959957 0.353952084601 -1.53314936943 1.60537170423 -0.825824776019 0.792187550462 0.360411353208 0.320004428475
# mat_params[1]:
 7.56459558176 10.1688403687
# mat_params[2]:
 7.30053623498 10.2382914348
# mat_params[3]:
 8.57691154219 12.8462435146
# log_m_devs:
 0.105220735064 -0.113692209843 0.00847147477894
# log_slx_pars[1]:
 1.44846223172 0.0668242249509
# log_slx_pars[2]:
 1.66087340975 -0.287594889595
# log_ft_pars:
 -2.19692890765 -2.29160206243 -2.66895176371 -2.50519626350 -2.19798067137 -2.20271795213 -2.29567434264 -2.68887528001 -2.31463393922 -3.13309194260 -3.25347361160 -5.95324780552 -5.65380424264 -6.10583124594 -4.67046026813 -3.71578595879 -2.57796132002 -2.13710278139 -2.01964350087 -2.93648381724 -3.04065119455 -3.07808802704 -3.27542473633 -2.70564518814 -2.99187855284 -3.58778292873 -2.97575453631 -2.30966731027 -2.28811764856 -1.76788280366 -1.30359736066 -1.32490709306 -1.69689988521 -2.09996058487 -2.07825517937 -1.40276255158 -1.99316668643 -2.36923940052 -5.01793847426 -4.91810861839 -3.99908424611 -3.42580925442 -3.60923294991 -3.73625896201 -3.48850294521 -3.35699425438 -2.27666215368 -2.77567024233 -9.45127037898 -4.75220675314 -3.15952428391 -2.88303995522 -3.39384466115 -2.97644238078 -2.93396937547 -2.94211317715 -2.73741076052 -3.01413834874 -3.52061938589 -2.75538775802 -2.44296264027 -3.48875875112 -4.23743413664 -3.36465207787 -2.68581832888 -3.32066398747 -3.67854042732 -2.43292510025 -2.70420398790 -3.47424205180 -3.25318953440 -3.99226840630 -3.01678411913 -3.15369632132 -3.76023847875 -3.34600802032 -3.24133676654 -3.18214578825 -2.87491623369 -2.63055947514 -2.80657526864 -2.68887334316 -2.60585893681 -2.76249877121 -3.64311828982 -2.36973723939 -3.19264504401 -3.02995694582 -2.84961353055 -4.34278057406
