# Number of parameters = 207 Objective function value = -3671.10286939150  Maximum gradient component = 0.000285236311535569
# theta[1]:
0.0184145887614
# theta[2]:
8.07732869111
# theta[3]:
8.89798742596
# theta[4]:
9.61311142911
# theta[5]:
0.696310245236
# theta[6]:
4.00000000000
# log_rinit_devs:
 0.0599157553435 0.0522674088753 0.130145915014 -0.0423064560550 -0.200022623178
# log_rbar_devs:
 -0.315730494069 -0.481385000474 -0.685490091680 -0.563509856115 -0.675258990126 -0.207972025836 -0.537460281373 -0.511337849972 -0.397876610073 -0.225013800772 -0.281192594796 -0.371573637434 -0.350811111591 -0.279789302582 -0.0598646068351 -0.0846938823965 0.105920193505 -0.0889281522089 0.201249817722 -0.0312691983101 -0.0123350867521 0.0945555773012 0.0289200714621 -0.216543776583 -0.0765990885809 -0.00861869199683 -0.114581370316 0.346637854372 -0.166937819711 -0.365496998374 -0.501183887600 -0.190580690027 -0.0184132953892 -0.418355096128 -0.514371528979 -0.556844995903 -0.732071888258 -0.713244274929 -0.722466337272 -0.821411905539 -0.781981835372 -0.856070186826 -0.816702734377 -0.779032422217 -0.588422561036 -1.12996462477 -1.27288756247 -1.57808956643 -1.26022732676 0.131314281640 1.72607055164 0.446285164274 -0.956909801528 0.0442928972406 1.62330226442 0.893626279237 -0.169180990767 0.680401656637 2.42455096715 0.604412073678 -1.17875590097 -0.121570413484 2.47644577786 0.0266955360540 -0.747782148942 -0.492050834883 0.938830758041 0.839872406526 1.85122905491 1.87320825420 0.420787825926 1.18626569201 1.48762145355 0.929175407358 2.20171746181 -0.108988262618 0.407178793616 0.397079056334 0.665858557556 0.924397441971 0.527972256773 0.470835606436 -0.552411627378 -1.01222081995 -0.0433888296679 -2.05921804805 1.19120615340 -1.11968485026 0.675422552689 0.454175516072 0.627240354361
# mat_params[1]:
 8.61904394234 11.1095410211
# mat_params[2]:
 8.92638475423 11.6041758699
# mat_params[3]:
 9.58163869954 13.2071279934
# mat_params[4]:
 6.75836916289 9.23115626828
# log_m_devs:
 -0.0484164221446 0.0484164221446
# log_slx_pars[1]:
 1.69052220532 0.245666111752
# log_slx_pars[2]:
 1.72157727266 -0.273538504357
# log_slx_pars[3]:
 1.85274795763 -0.311051991907
# log_ft_pars:
 -0.832956087575 -0.953980248136 -1.37180203199 -1.26777383506 -0.997315264651 -1.04660815418 -1.19097127172 -1.66521900042 -1.38588404469 -2.30269447268 -2.49089551947 -0.572889075384 -4.77577838358 0.00922356099646 -3.61929085163 -2.78450462581 -1.93133446600 -1.49811932601 -1.39944001591 -2.34983728434 -2.49015478306 -2.56764643573 -2.80273694494 -2.25578174400 -2.58118045333 -3.22020267368 -2.63738005951 -2.00067792726 -2.00859392132 -1.50746498691 -1.07314380615 -1.16862046437 -1.64986710773 -2.14387908894 -2.21063148946 -1.64160143784 -2.36139160842 -2.85043815440 -5.60092097271 -5.58962653930 -4.76513205354 -4.28677659387 -4.56862560916 -4.78005161040 -4.60766927102 -4.54742145678 -3.54048908489 -4.08665547386 -10.7269249561 -5.88270907316 -4.20242782877 -3.89037502083 -4.40348769109 -4.03902525566 -4.02189303035 -3.99562669665 -3.78500057601 -4.08195042097 -4.61048566551 -3.82001905409 -3.52320927190 -4.59545134798 -5.32573320988 -4.39017590597 -3.70811441795 -4.38395809185 -4.71785086201 -3.41009247589 -3.64669094072 -4.39830608770 -4.16096730897 -4.90331304526 -3.91824247761 -4.01419025986 -4.57234932062 -4.11023289259 -3.96519764720 -3.86993792607 -3.45506797648 -2.51251085981 -2.37481417921 -2.11969124061 -1.96789533611 -2.05487500539 -2.83953359199 -1.38883456171 -1.97064345024 -1.77856396925 -1.68843772142 -3.38838791185
