# Number of parameters = 204 Objective function value = -3698.29830519980  Maximum gradient component = 0.000274855960388217
# theta[1]:
-0.342589618546
# theta[2]:
7.46481136114
# theta[3]:
6.70015628000
# theta[4]:
7.19665861792
# theta[5]:
0.570482905862
# theta[6]:
4.00000000000
# log_rinit_devs:
 0.133332320671 0.0840796659035 0.0923491295350 -0.0368031038309 -0.272958012278
# log_rbar_devs:
 1.22392447683 1.03901902239 0.855457540413 0.895888723277 0.747940149663 1.01325382117 0.641050085434 0.566378229794 0.533789986491 0.615570534209 0.560794041413 0.496052914228 0.557301842863 0.608487249771 0.767533800767 0.687898906024 0.734944104202 0.552105662944 0.700667041413 0.475638047111 0.477734383928 0.551649004581 0.492318924939 0.294271174095 0.384928328466 0.443752225939 0.373581616809 0.737389186974 0.334976677239 0.134967139174 -0.121310147394 -0.0992920099931 -0.129185474228 -0.552758165954 -0.772799172039 -1.04180259558 -1.40965781784 -1.52178181301 -1.57262708384 -1.63474179288 -1.61030941175 -1.67776391232 -1.67029118612 -1.68556069520 -1.57304273020 -2.06821954868 -2.24263929734 -2.48906909361 -1.94717398382 -0.508044457227 0.944520721712 -0.316803748164 -1.77628098581 -0.746584270699 0.867013966407 0.124301763449 -0.930928820720 -0.0562738425093 1.66068225830 -0.198472631699 -1.97236753670 -0.821163465273 1.86614582094 -0.635685150920 -1.35206201792 -1.04526913718 0.450070143264 0.303815664946 1.36097085013 1.39456096905 -0.0674330044433 0.721477138822 1.08979925726 0.578638793120 1.91188870856 -0.256931972251 0.427291654239 0.484861903950 0.753387409437 0.904066270683 0.484448209799 0.445657268576 -0.376174890240 -0.757747506190 0.253208288437 -1.66002150126 1.57459276453 -0.620501796594 1.25831628714 1.09257980512 0.467211907175
# mat_params[1]:
 7.22773140693 10.1432863696
# mat_params[2]:
 7.27490544809 10.6249041521
# mat_params[3]:
 5.60198987672 8.32839041244
# log_m_devs:
 0.0199642031982 0.109147712906 -0.129111916104
# log_slx_pars[1]:
 1.26173087758 -0.513172000916
# log_slx_pars[2]:
 1.67047307592 -0.240076982443
# log_ft_pars:
 -1.33502784550 -1.41537110345 -1.82041508422 -1.67022434940 -1.36188734464 -1.25272898188 -1.32952130405 -1.70942175446 -1.30548963369 -2.10148464206 -2.25344508142 -1.16323192183 -4.54378935752 -1.22361839454 -3.45098382371 -2.56877313416 -2.23285384379 -1.76147906153 -1.60407088565 -2.51768623719 -2.62458034886 -2.68906979951 -2.92682047027 -2.36255924162 -2.66714154023 -3.32755825836 -2.76408608931 -2.12388973285 -2.10933177408 -1.51883248686 -0.967759954727 -0.948359609165 -1.29859952463 -1.65739743040 -1.56042321173 -0.774192321870 -1.27387989993 -1.64073121892 -4.37129003507 -4.39026124391 -3.57797103094 -3.10066019456 -3.39362705193 -3.58694079663 -3.37094888688 -3.26873326119 -2.15842245319 -2.64356764845 -8.61789365518 -3.71535042138 -1.80804637811 -1.57015815920 -2.16829545851 -1.82786899782 -1.70983038684 -1.69928622199 -1.50841683226 -1.83268615148 -2.29210748105 -1.52530825065 -1.24726012098 -2.38778373113 -3.12660624812 -2.27169956240 -1.65405782847 -2.38900460224 -2.78932655008 -1.48560755580 -1.60600664957 -2.35842961163 -2.20084300615 -3.01297571676 -2.06581781432 -2.19579947193 -2.73712730193 -2.36270180819 -2.30854086064 -2.30976501974 -2.01452673039 -1.73028895045 -1.85093619379 -1.71289360599 -1.61002747284 -1.73365249983 -2.59487882176 -1.25229343911 -1.90461441142 -1.82514763070 -1.80332745834 -3.54340063329
