# Number of parameters = 202 Objective function value = -3596.60848122111  Maximum gradient component = 6.26220169049310e-005
# theta[1]:
-0.309426567959
# theta[2]:
7.71511271394
# theta[3]:
6.61308387248
# theta[4]:
7.13252791636
# theta[5]:
0.617017583822
# theta[6]:
4.00000000000
# log_rinit_devs:
 0.0545185897245 0.0684116708477 0.120045635003 0.00761852178285 -0.250594417358
# log_rbar_devs:
 1.45228716854 1.27451037873 1.08295524708 1.08528222084 0.907678221443 1.14125007349 0.750997601450 0.642497919956 0.581871405139 0.640400543076 0.560312765846 0.497524688901 0.531106736542 0.564306632280 0.752678315175 0.694322346518 0.771554678705 0.559609884173 0.705505133710 0.498907107775 0.515174035346 0.601622625857 0.555739152757 0.379052621208 0.498924957771 0.581123663157 0.522982755347 0.892259092316 0.481843959406 0.244081105924 -0.0374207198529 -0.00817168726513 -0.0268198139238 -0.470272769133 -0.759149050778 -1.07256420289 -1.42894347081 -1.50718611459 -1.52316046282 -1.56759803912 -1.52940493422 -1.58016408774 -1.55433556703 -1.55246449956 -1.43860010360 -1.95235683146 -2.18123676205 -2.50348987455 -2.13331575503 -0.680069661443 0.787081636861 -0.444941578595 -1.87256403848 -0.859504575959 0.716214024794 -0.00458373136251 -1.04569638587 -0.168535961961 1.49550578500 -0.300044889096 -2.05505926073 -0.960076341005 1.62955729916 -0.780163883739 -1.50183657529 -1.19857693370 0.277353301216 0.141559840713 1.17488607197 1.20051631540 -0.222304056543 0.551608506262 0.923164157895 0.435586662766 1.74381312947 -0.326327701915 0.384548264618 0.504322342560 0.881002549539 1.23832746354 0.807099284885 0.755150475997 -0.171643727759 -0.622956971805 0.373728046212 -1.69180565961 1.56425936852 -0.907668691377 0.896233161081 0.680848675599 0.510285970153
# mat_params[1]:
 7.29436944721 10.4472608331
# mat_params[2]:
 5.42791008783 8.27528645187
# mat_params[3]:
 5.10665827880 7.37418510439
# log_m_devs:
 -0.0355897132752 -0.00631169521932 0.0419014084946
# log_slx_pars[1]:
 1.43200704110 -0.368411922126
# log_ft_pars:
 -1.27093630974 -1.33109859894 -1.74966502170 -1.59495859320 -1.26987435456 -1.10184011665 -1.14942700140 -1.52180853229 -1.08515724887 -1.82344280452 -1.93863891174 -1.33172010547 -4.24200936925 -0.940050636434 -3.04782963553 -2.16656031252 -1.84647379589 -1.37193436422 -1.19135513402 -2.09889598511 -2.22640645962 -2.29935684902 -2.55136262020 -2.01290588576 -2.33920792392 -3.01369820471 -2.47262179302 -1.82868960609 -1.83513900238 -1.28294939669 -0.736866741664 -0.677946089718 -0.987439616774 -1.35252706193 -1.27191778790 -0.450176626857 -0.885543137087 -1.22737137414 -3.97207534666 -4.02143085028 -3.23193567688 -2.77223386807 -3.07434727529 -3.28845660074 -3.09796366673 -3.02084719049 -1.92293340896 -2.39954785713 -9.05905349866 -4.29667020755 -2.58687439172 -2.31281541347 -2.69774451102 -2.18501057618 -2.24667089455 -2.34949911864 -2.07041682170 -2.27715261554 -2.89072561962 -2.19489752111 -1.73898800426 -2.68016988695 -3.60288458283 -2.87834417285 -2.07865482266 -2.59217966545 -3.06116898311 -1.94311456878 -2.21286342972 -2.99922297967 -2.75625340109 -3.42880805695 -2.48048916177 -2.66163288836 -3.28743066668 -2.92240759406 -2.77114148219 -2.71423025039 -2.53685782345 -2.44794475213 -2.55101001203 -2.30862412762 -2.09617276389 -2.08163773363 -2.83820777298 -1.48532582887 -2.37158198431 -2.28366700510 -2.03267121666 -3.57247928032
