# Number of parameters = 206 Objective function value = -3579.32714981453  Maximum gradient component = 0.000637399772259610
# theta[1]:
-0.194705002769
# theta[2]:
7.15126023496
# theta[3]:
8.20033011021
# theta[4]:
8.63323993411
# theta[5]:
0.436240144201
# theta[6]:
4.00000000000
# log_rinit_devs:
 0.291791663667 0.162568908470 0.114237914728 -0.113557585410 -0.455040901455
# log_rbar_devs:
 -0.260557415809 -0.376033350568 -0.492970406878 -0.274370547974 -0.278615901051 0.247190764948 0.0246204545862 0.151960504991 0.336365845390 0.601769725439 0.615549178968 0.529322863367 0.432022211346 0.522039662860 0.715965063500 0.849950477215 1.23816272625 1.00915806086 1.23155156282 0.945470754740 0.916888548759 0.974172991626 0.863927155667 0.583558200300 0.672252381062 0.691873513923 0.539630335682 0.954277171572 0.402758509272 0.157334678359 -0.0510508541217 0.144635060628 0.205821967199 -0.284550374261 -0.500885379832 -0.672891876179 -0.955938283213 -1.04679903499 -1.15857570981 -1.34110415087 -1.40328361874 -1.55118212155 -1.59264964993 -1.64717591734 -1.54123264861 -2.11123991912 -2.25189382333 -2.47714658533 -1.97765134407 -0.506745708817 1.06452583400 -0.290468565684 -1.68080350303 -0.667973729067 0.927540863852 0.204586725995 -0.843160248811 0.0102808866684 1.69780474019 -0.0698027086885 -1.76185782944 -0.756049233933 1.81812800194 -0.593477324734 -1.33625467284 -1.05561495343 0.383473253944 0.282704186629 1.31591898886 1.34449680982 -0.0820609684290 0.701133510065 1.03966609016 0.551661914402 1.82804138848 -0.291049839603 0.339986807399 0.382634767533 0.629501063248 0.758011357978 0.424312793204 0.456283699529 -0.243985866611 -0.549683402728 0.451231363975 -1.44034916414 1.71631026820 -0.631482688347 1.05063957330 0.686029112986 0.425484948208
# mat_params[1]:
 7.45152610635 10.2884291806
# mat_params[2]:
 7.27964027551 10.1629614369
# mat_params[3]:
 8.87759331771 13.1871875312
# log_m_devs:
 -0.180370787126 0.202087026063 -0.0217162389378
# log_slx_pars[1]:
 1.22106979434 -0.141962439844
# log_slx_pars[2]:
 1.66948359565 -0.286661553635
# log_slx_pars[3]:
 1.71017829589 -0.304651425823
# log_ft_pars:
 -1.29560937815 -1.46563236628 -1.95283192550 -1.93451189166 -1.77609087298 -1.92014116107 -2.17835031710 -2.75086814676 -2.56700240570 -3.57280476550 -3.84325473850 -0.296021255032 -5.95344817738 -0.400522325914 -4.82159303326 -4.10405793131 -2.86317201283 -2.37929004137 -2.23305414884 -3.13125844385 -3.21177117461 -3.22859488806 -3.40720401739 -2.82230671733 -3.09731477912 -3.68128835977 -3.05652998418 -2.37353438553 -2.33847029528 -1.80909044746 -1.34555581479 -1.36906250245 -1.73387262356 -2.12637275573 -2.09703998049 -1.42191250923 -2.01114094970 -2.38517652526 -5.03000234302 -4.92693064927 -4.00490129258 -3.42903443188 -3.60924193129 -3.73214401287 -3.47772716481 -3.33961287015 -2.25421852548 -2.74762888597 -9.41913136872 -4.72692679298 -3.15184337474 -2.86577772100 -3.37014084605 -2.94834385753 -2.91233669953 -2.91817129122 -2.71084543276 -2.98782941720 -3.50876468829 -2.74047603207 -2.42420625104 -3.46861359647 -4.23818172136 -3.36739233912 -2.68807825897 -3.32062956311 -3.67592924493 -2.43004195207 -2.71495473075 -3.48948645863 -3.26475732755 -4.00193060253 -3.02614073488 -3.15914385358 -3.77096947328 -3.35182327739 -3.24331052353 -3.18009599852 -2.86509217472 -2.61370301221 -2.79186372338 -2.67818265048 -2.59931313168 -2.76032524329 -3.64546828274 -2.37536477595 -3.02040019114 -2.95381839904 -2.89050979322 -4.51406558809
