# Number of parameters = 198 Objective function value = -3501.11709161674  Maximum gradient component = 0.000390551746668177
# theta[1]:
-0.119668492140
# theta[2]:
8.40591397404
# theta[3]:
7.74940668950
# theta[4]:
8.15048396972
# theta[5]:
0.418071367902
# theta[6]:
4.00000000000
# log_rinit_devs:
 -0.0400735487748 -0.0153712631474 0.0941838558807 -0.00268170438298 -0.0360573395754
# log_rbar_devs:
 1.01432657034 0.841002628504 0.637432985886 0.685388032863 0.538040109098 0.918012465436 0.553002967062 0.520939240174 0.556957342815 0.701154005576 0.685608767563 0.717943826703 0.865560509419 0.959625526250 1.15894509532 0.991756569996 1.00307838688 0.800027672974 1.02318296996 0.754669107937 0.733258266380 0.795801329976 0.694370230240 0.430724379429 0.520668725555 0.546695688527 0.403881884390 0.806323524961 0.270788040200 0.0196584066698 -0.210830389040 -0.0583942230995 -0.0192246917356 -0.503144151638 -0.735157276499 -0.930749143646 -1.22395736932 -1.31448442478 -1.41480991304 -1.57654097099 -1.62947236250 -1.76170937160 -1.79436313587 -1.84152177931 -1.73335967034 -2.27153185665 -2.40807544974 -2.62813975641 -2.13992399499 -0.673354042805 0.877500552198 -0.455095460437 -1.83068560380 -0.823948044510 0.741493022752 0.0370186401961 -0.994659428638 -0.142163420742 1.49328006637 -0.237241401438 -1.90343894416 -0.912168810683 1.60360763345 -0.748076012732 -1.47965892058 -1.19294835714 0.235075541120 0.134834310949 1.15417383892 1.17941989154 -0.211537000521 0.565650683369 0.922856497468 0.470886307820 1.73760321540 -0.261988470020 0.439399005817 0.572013574181 0.939227746820 1.23097087022 0.816309963402 0.764992831861 -0.132450690314 -0.574994137332 0.391740650207 -1.59174574858 1.66452180665 -0.742781831731 0.961535285260 0.625165622369 0.396223441945
# mat_params[1]:
 7.47795190767 10.0806927024
# mat_params[2]:
 6.95641704263 10.0408356148
# log_m_devs:
 0.00000000000
# log_slx_pars[1]:
 1.57545241156 -0.259242596435
# log_ft_pars:
 -1.24559293650 -1.34269571758 -1.79461894206 -1.66401878444 -1.36383264023 -1.26836159250 -1.39280327105 -1.84471394569 -1.49075222819 -2.30940856873 -2.47721678363 -2.01544152311 -4.94279719581 -1.85466513331 -3.95050300888 -3.05817436015 -2.72769183691 -2.26857616820 -2.12834451863 -3.03446519922 -3.12486240405 -3.15249419698 -3.34614835105 -2.76814443674 -3.04764130356 -3.64584885121 -3.03402309248 -2.35579804192 -2.32038471494 -1.77079128241 -1.27538502067 -1.28149868267 -1.63721959238 -2.01719403107 -1.96239988387 -1.25116824375 -1.82551954900 -2.19945890646 -4.86113048293 -4.77950084362 -3.87426098251 -3.31251877980 -3.51171179535 -3.64618361539 -3.39972197744 -3.27008830997 -2.18157617278 -2.67692383403 -9.37347282322 -4.72640207521 -3.16511666558 -2.86468130524 -3.30401473248 -2.83921929618 -2.86425946755 -2.90422884979 -2.66049768825 -2.90864582396 -3.46998961989 -2.71524122217 -2.33494311853 -3.33279990394 -4.17361584852 -3.34186460909 -2.59952014347 -3.17401330623 -3.59663160678 -2.42380148977 -2.72292975292 -3.49455546666 -3.24627221852 -3.95287101813 -2.99872915368 -3.16685159125 -3.81193665282 -3.40787274647 -3.29369022962 -3.26383991018 -3.08052271365 -2.98401409941 -3.07636321753 -2.84643417722 -2.64303622769 -2.65981362608 -3.42300793114 -2.04665811650 -3.00453798631 -2.90983648810 -2.74611231392 -4.25789749220
