# Number of parameters = 204 Objective function value = -3642.44551107054  Maximum gradient component = 0.000479259217008910
# theta[1]:
-0.362353322325
# theta[2]:
6.90450214670
# theta[3]:
6.56104596481
# theta[4]:
7.04592632428
# theta[5]:
0.633818752656
# theta[6]:
4.00000000000
# log_rinit_devs:
 0.187997565206 0.0878660123373 0.0968337226172 -0.0244097132961 -0.348287586864
# log_rbar_devs:
 0.985171107910 0.785936937801 0.558863680026 0.636617148281 0.529522917846 0.823339892189 0.439073869853 0.338920166838 0.325912746521 0.338804853522 0.298939745094 0.289299474763 0.446861522661 0.648604053652 0.977182095400 1.02830802856 1.25666463105 1.03432881333 1.21105480932 0.985336359273 0.989066496107 1.06735123250 0.999098776701 0.789529804238 0.900414513084 0.962108949777 0.870028255056 1.25517687939 0.788623177181 0.531775455253 0.254619065526 0.325273406526 0.325613575406 -0.150839117424 -0.442520967391 -0.728648906826 -1.06565320974 -1.14536656488 -1.19100835451 -1.28509075762 -1.28761174518 -1.38270520772 -1.39246108247 -1.42455347057 -1.33819968402 -1.94555503818 -2.25046544396 -2.64982934653 -2.32292251539 -0.842479945593 0.578578326789 -0.654400349961 -2.07956262098 -1.06253824247 0.510367065778 -0.213935374672 -1.25621494374 -0.371080447868 1.29032213266 -0.517158273124 -2.26104505105 -1.15074237786 1.45913069668 -0.950048442338 -1.66321132886 -1.34240784019 0.135958485096 -0.00581245691281 1.02963613786 1.06072253665 -0.356050938317 0.426567719400 0.803740637943 0.332566505247 1.62817571750 -0.397242457940 0.331637342492 0.481606410415 0.856245053084 1.14776521218 0.718298420168 0.653317154439 -0.266181843026 -0.718757860764 0.253152979112 -1.80413947703 1.42391926110 -1.02209460091 0.777169615877 0.561929359660 0.480307075272
# mat_params[1]:
 6.82827212196 9.95099010713
# mat_params[2]:
 7.21044054645 10.3677541012
# mat_params[3]:
 5.10282735303 7.69428099057
# log_m_devs:
 -0.0976602320492 0.115417622039 -0.0177573899895
# log_slx_pars[1]:
 0.563117852828 -4.46785398348
# log_slx_pars[2]:
 1.48427201255 -0.381496295883
# log_ft_pars:
 -1.54010768463 -1.58171283115 -1.93825306286 -1.81333753698 -1.51187244894 -1.50394963248 -1.51172646546 -1.87969627590 -1.49064909796 -2.30413138327 -2.44337406258 -3.49960994770 -4.95268179304 -3.46725317639 -4.16129523764 -3.31774309031 -2.10682908808 -1.63706970891 -1.47927222446 -2.38863487736 -2.50494379200 -2.55848354076 -2.78807708052 -2.23906808296 -2.54508155846 -3.18594323973 -2.61991324931 -1.95913276230 -1.95448421041 -1.41073371906 -0.880468645239 -0.829462850318 -1.13832474812 -1.50325156148 -1.42676886758 -0.631313597341 -1.09392768101 -1.43647162900 -4.14188000733 -4.14002223692 -3.30260427516 -2.79705158481 -3.04808186041 -3.22078092073 -2.99610452190 -2.88253863935 -1.73866406142 -2.14958038205 -8.73624665784 -3.93190366886 -2.11382456456 -1.91284299972 -2.40737792094 -1.93551337154 -1.87506112662 -1.97578361513 -1.75410463583 -1.98549281290 -2.49407919998 -1.82111688688 -1.44955555469 -2.44866798191 -3.24981105019 -2.54488348481 -1.84651681849 -2.42884173816 -2.85557262089 -1.68610959492 -1.88852573997 -2.67433514542 -2.50082379013 -3.23288057594 -2.27185891121 -2.45786371096 -3.03679969509 -2.70508829243 -2.62001750420 -2.59390538409 -2.41312217998 -2.29999884727 -2.40005457508 -2.17394718650 -1.97702541197 -1.99102520886 -2.74056556295 -1.37348195549 -2.09951418227 -2.04651463067 -1.85857539744 -3.41017938027
