# Number of parameters = 205 Objective function value = -3602.73055924321  Maximum gradient component = 0.00146009523972095
# theta[1]:
-0.0485960800793
# theta[2]:
9.29637113269
# theta[3]:
8.60664947524
# theta[4]:
8.87389581683
# theta[5]:
0.811903556006
# theta[6]:
4.00000000000
# log_rinit_devs:
 -0.162609978311 -0.109207661499 0.0654460221865 0.0303916491078 0.175979968516
# log_rbar_devs:
 0.946564091614 0.744066259022 0.495826762072 0.568039931536 0.421067858714 0.887115938899 0.466475521133 0.417260337043 0.439174261650 0.567361777934 0.510952076869 0.501159965740 0.634549944445 0.732435668399 0.978023942211 0.810259362141 0.901050252996 0.674986173265 0.964695805568 0.669472443575 0.657712041148 0.744409878002 0.639005134985 0.335609486317 0.453634107501 0.495482963898 0.347222913915 0.849330771695 0.264384640854 0.0411487937712 -0.134284464117 0.153678136139 0.279501061516 -0.220138964680 -0.398812168168 -0.532077610602 -0.811099207672 -0.885374919090 -0.987333666847 -1.17312305071 -1.21726595040 -1.36548764980 -1.39368515851 -1.43573700874 -1.29282513734 -1.88608151629 -2.00578336198 -2.22431282247 -1.72240467303 -0.253213711218 1.33443178340 -0.0261432560590 -1.38673998909 -0.394352896761 1.18368006229 0.457251434208 -0.598793154410 0.244457858358 1.94493211480 0.165535187090 -1.51790076907 -0.563888739208 1.99231659395 -0.408135860171 -1.17187396537 -0.905779494627 0.510280274158 0.420156219373 1.43539420239 1.45887215073 0.0363454583957 0.813243907242 1.12757651290 0.616053822088 1.96456783770 -0.288097917087 0.232939491341 0.123825321956 0.207632355988 0.196319154868 -0.197748207865 -0.267430521307 -1.22673948555 -1.67753830242 -0.720693797519 -2.67694478918 0.492827157623 -1.72487452801 0.0750675251726 -0.0806914094663 0.148043394267
# mat_params[1]:
 7.87196128023 10.3629690010
# mat_params[2]:
 8.00150526044 10.9573730912
# mat_params[3]:
 6.19752896839 8.88941993553
# log_m_devs:
 0.103308660878 -0.103308660878
# log_slx_pars[1]:
 1.59449566256 0.126437500936
# log_slx_pars[2]:
 1.68624331272 -0.291155456475
# log_slx_pars[3]:
 1.77392613045 -0.249606207769
# log_ft_pars:
 -1.99749542459 -2.09943266676 -2.48178309669 -2.32497787463 -2.01986488561 -2.04252740832 -2.14247763640 -2.54474028839 -2.17896451788 -3.00681974382 -3.13381154370 -5.07527922892 -5.54644672710 -4.90836425011 -4.58393025721 -3.63667198146 -2.66390077557 -2.22730648735 -2.11982429538 -3.04250901798 -3.14618118417 -3.18426739520 -3.37984111709 -2.80481999765 -3.08924346420 -3.68282460157 -3.06798077824 -2.41814100876 -2.40759191923 -1.89936220814 -1.45628145757 -1.51767625879 -1.94023073202 -2.37822006069 -2.38478584270 -1.74711505695 -2.37341428170 -2.76598384556 -5.41785308882 -5.31564030391 -4.39932484985 -3.83146085772 -4.02342585198 -4.15532610828 -3.91244691539 -3.78761702325 -2.72244062213 -3.23042160099 -9.90581614679 -5.22960551284 -3.68441311613 -3.38449131569 -3.88237323914 -3.46683030607 -3.43892714579 -3.43232790893 -3.22008491756 -3.49446738376 -4.01749535995 -3.23780469157 -2.92252342268 -3.96104256655 -4.70183457281 -3.79866889745 -3.10827003579 -3.73996069293 -4.07880412929 -2.81790810778 -3.10064112349 -3.86635848740 -3.62906210011 -4.35980437179 -3.37805719280 -3.49774625548 -4.12579292917 -3.69901568460 -3.57521318096 -3.46649894424 -3.03263867954 -2.32082571811 -2.31481840547 -2.09569696862 -1.94203158908 -2.02381191957 -2.81768740527 -1.38696956440 -1.96016263622 -1.78446539617 -1.70209322218 -3.40860469678
