# Number of parameters = 56 Objective function value = -1230.61373650622  Maximum gradient component = 9.61573504888844e-005
# theta[1]:
-0.477144287312
# theta[2]:
4.52566389388
# theta[3]:
6.25336487173
# theta[4]:
6.45085930564
# theta[5]:
1.16311013367
# theta[6]:
4.00000000000
# log_rinit_devs:
 2.81681716184 1.62079605576 -0.0562354006930 -2.14962654599 -2.23175127092
# log_rbar_devs:
 -0.235842049558 -1.58835265998 -0.604910211439 0.989713236019 0.196799433247 -1.01956850507 -0.0618171711417 1.79037084483 -0.220904922836 -1.85530550350 -0.903189873896 1.95309244050 -0.617729236414 -1.45378637246 -1.10888305845 0.330597385139 0.0755747660870 0.949157430845 0.794588348687 -0.828888948022 0.102612296394 0.451423127847 0.0469268077881 1.27697884950 -0.601223660176 0.0298011715077 0.217624040360 0.570621748412 0.787573554909 0.450321730124 0.393926277356 -0.483596454654 -0.879402320672 0.0853235577253 -1.79607197080 1.34363866070 -0.817864020427 1.04160996495 0.979069582675 0.219991683909
# mat_params[1]:
 4.93615256389 7.50858581853
# log_m_devs:
 0.192868003088 -0.192868003088
# log_slx_pars[1]:
 1.59143416221 -0.244134357353
# log_ft_pars:
 -13.5000000000 -13.5000000000 -13.5000000000 -13.5000000000 -13.5000000000 -13.5000000000 -13.5000000000 -13.5000000000 -13.5000000000 -13.5000000000 -13.5000000000 -13.5000000000 -13.5000000000 -13.5000000000 -13.5000000000 -13.5000000000 -13.5000000000 -13.5000000000 -13.5000000000 -13.5000000000 -13.5000000000 -13.5000000000 -13.5000000000 -13.5000000000 -13.5000000000 -13.5000000000 -13.5000000000 -13.5000000000 -13.5000000000 -13.5000000000 -13.5000000000 -13.5000000000 -13.5000000000 -13.5000000000 -13.5000000000 -13.5000000000 -13.5000000000 -13.5000000000 -13.5000000000
