# Number of parameters = 204 Objective function value = -3665.48286010983  Maximum gradient component = 0.000412962374631021
# theta[1]:
-0.233027779463
# theta[2]:
8.60989088293
# theta[3]:
7.74813018067
# theta[4]:
8.10581539635
# theta[5]:
1.21492581234
# theta[6]:
4.00000000000
# log_rinit_devs:
 -0.0455575787603 -0.00680910685843 0.103973714929 0.00109240556722 -0.0526994348778
# log_rbar_devs:
 1.16894090291 1.00175016837 0.798592281708 0.814729883275 0.649886461166 0.967538504117 0.606785793400 0.549991171990 0.569935881466 0.679185146618 0.633938005010 0.601826608233 0.680535354366 0.747790658393 0.947580917091 0.824271180493 0.853976582585 0.667238175612 0.879154989267 0.663074143643 0.663050028319 0.736581197630 0.663583050979 0.442940421331 0.545084855718 0.590697413206 0.486054536551 0.853974078830 0.376535844377 0.137440013642 -0.0727582140452 0.0894170412512 0.152621228313 -0.266773723639 -0.447649161947 -0.581701521470 -0.795605107363 -0.816020805553 -0.847707796313 -0.949083154040 -0.943955662172 -1.03558662026 -1.03873877698 -1.05973710615 -0.973010888955 -1.52699221038 -1.72884916594 -2.03650065439 -1.69768785751 -0.303660788846 1.21794664387 -0.0271772335929 -1.45135631927 -0.453439169602 1.13428862179 0.402463985253 -0.654757300644 0.198431846998 1.91991822243 0.0855627954301 -1.69185824189 -0.642390787938 1.96963227504 -0.512658416139 -1.27138805450 -1.01342684827 0.441431092627 0.324407485138 1.34614812709 1.37024153899 -0.0754325595003 0.694607276235 1.02869668701 0.484526628930 1.92099814321 -0.429989140365 0.128038789778 -0.0505220788827 -0.0526051827103 -0.174828058457 -0.556456745846 -0.601027477342 -1.46729483615 -1.86305935611 -0.845975027853 -2.74094427436 0.524683523429 -1.92886848854 -0.160030677711 -0.440030017979 -0.00919069347541
# mat_params[1]:
 7.96057983095 10.4464912973
# mat_params[2]:
 8.14952815484 10.9824398938
# mat_params[3]:
 7.12059311393 10.2699321822
# mat_params[4]:
 5.15589170415 7.63531415920
# log_m_devs:
 0.212908256028 -0.253441593232 0.0405333372036
# log_slx_pars[1]:
 1.63075188748 -0.225834442085
# log_ft_pars:
 -1.09331530636 -1.18183059758 -1.61896915664 -1.47663166547 -1.15739278932 -1.03690405499 -1.12749751231 -1.54971382524 -1.17242176356 -1.96979926481 -2.11679017828 -1.39175240845 -4.49247402826 -0.894776005734 -3.38195374349 -2.49426793631 -2.17286302145 -1.71653682826 -1.58486962184 -2.50601925682 -2.62035000762 -2.67576723489 -2.89609812138 -2.33437671331 -2.64198774522 -3.27354021131 -2.68623497479 -2.02898352759 -2.00514150758 -1.45742367358 -0.962462681692 -0.990397631540 -1.38923320150 -1.80177150501 -1.77993492030 -1.10937806682 -1.74078854877 -2.18542111535 -4.91921829280 -4.90106750316 -4.06171039789 -3.56353986285 -3.82763599638 -4.00602310510 -3.78222603603 -3.66785285110 -2.58487716073 -3.06620874592 -9.69438405155 -4.91260968332 -3.25623066889 -2.90406209319 -3.31924435031 -2.86708635953 -2.93336195163 -2.95204373084 -2.69450572218 -2.94276473725 -3.56139227057 -2.77692004891 -2.38851069882 -3.37246102125 -4.23272421048 -3.35274077670 -2.59302342495 -3.15405328984 -3.53500790052 -2.31679219435 -2.61273083103 -3.36967341485 -3.09151998755 -3.78404668014 -2.81697825454 -2.93806245093 -3.62026456039 -3.18705241485 -3.02774034401 -2.87995722008 -2.43286532704 -1.96814847449 -2.06496218216 -1.88899741834 -1.76040366290 -1.85873666475 -2.70575889386 -1.35689307060 -2.06203722829 -1.78604371800 -1.53922697332 -3.06121443971
