# Number of parameters = 205 Objective function value = -3574.48027312185  Maximum gradient component = 0.000702618269613130
# theta[1]:
-0.107169920153
# theta[2]:
8.74963862155
# theta[3]:
8.10214915330
# theta[4]:
8.37475008627
# theta[5]:
0.832558628501
# theta[6]:
4.00000000000
# log_rinit_devs:
 -0.0877980925249 -0.0342734434755 0.0923573879258 0.0513976126337 -0.0216834645590
# log_rbar_devs:
 0.849893331981 0.691021429186 0.500665735882 0.513910002489 0.367355618702 0.644048734136 0.312161326079 0.252136646774 0.247016409708 0.346040812478 0.316657940386 0.309684678479 0.397561881682 0.484176842031 0.700107772859 0.650520212119 0.780898484871 0.598299737933 0.772318989096 0.559131774131 0.542715164269 0.591776226375 0.508242924340 0.292810344883 0.364291196796 0.383102455740 0.265528922987 0.575130406014 0.131558352098 -0.0917468948525 -0.290265940184 -0.166643469941 -0.129684884768 -0.520370283543 -0.700654395194 -0.843418362145 -1.06184303134 -1.11589805166 -1.17924386576 -1.29688736370 -1.32029600676 -1.41345254881 -1.42452826279 -1.44964350870 -1.35074463077 -1.77879715407 -1.84961045930 -2.00297191772 -1.46149715717 -0.0224947827912 1.57854090711 0.243118580205 -1.18648934497 -0.173826810493 1.44613912948 0.699204695638 -0.356399721661 0.493979294924 2.22811754696 0.402253920093 -1.37712118895 -0.326786118963 2.29101492357 -0.202226475599 -0.956105966832 -0.699022307730 0.759177576188 0.653235783316 1.70616099367 1.73371099249 0.269216787453 1.03745274446 1.36848814870 0.823982095744 2.25360739959 -0.100085561780 0.422009886166 0.226115554781 0.195611506322 0.0521491408577 -0.357404061031 -0.439834045007 -1.34906072270 -1.76866262951 -0.763283259658 -2.69429775442 0.577125317065 -1.66466015544 0.205014230410 0.0796901465629 0.192077440438
# mat_params[1]:
 7.68375964463 10.6497579561
# mat_params[2]:
 5.52214996248 8.08155480471
# mat_params[3]:
 5.93518896146 8.69283204658
# log_m_devs:
 -0.0330023390471 0.0524387601123 0.174021307019 -0.193457728084
# log_slx_pars[1]:
 1.60956219684 -0.245913776460
# log_slx_pars[2]:
 1.70578953145 -0.378332700367
# log_ft_pars:
 -1.51077875997 -1.57365425639 -2.00375160771 -1.86225196738 -1.55855148643 -1.42467578923 -1.51294944024 -1.93684381324 -1.56094859247 -2.33819429317 -2.46394310455 -2.99815020731 -4.87993985614 -1.95587723588 -3.80144930662 -2.90699764885 -2.61658346205 -2.15312065909 -2.01713708699 -2.93241370198 -3.03053343495 -3.06743337339 -3.26931738262 -2.69885295523 -2.99317213864 -3.60437339236 -2.99853104925 -2.31057978956 -2.26941511603 -1.71812021420 -1.23940559973 -1.27854220016 -1.66051402788 -2.05956618820 -2.02968046655 -1.36422148548 -2.00479131694 -2.43426381325 -5.14114324093 -5.09505390177 -4.22769596244 -3.70668081092 -3.94959281137 -4.11616251553 -3.88914119694 -3.78688897945 -2.74960269142 -3.30828244821 -10.0729483626 -5.44489611698 -3.97641195698 -3.57669966108 -3.91591003860 -3.39697121580 -3.54255120381 -3.56414951499 -3.26865349892 -3.48677097047 -4.19223758169 -3.39441788531 -2.94634711039 -3.86599635062 -4.84642069621 -3.97292608230 -3.15756738849 -3.64348503464 -4.05140697805 -2.89456022906 -3.28372243137 -4.05476919789 -3.73320714157 -4.38194428842 -3.41318160992 -3.53309716079 -4.26605842480 -3.79937209461 -3.58966859591 -3.38839189756 -2.92013771022 -2.45614736934 -2.51286770697 -2.27847674937 -2.08584240938 -2.12445460912 -2.90658513563 -1.51983796232 -1.81921856200 -1.71416757154 -1.71702108978 -3.45684896328
