# Number of parameters = 204 Objective function value = -3557.13257003781  Maximum gradient component = 0.000200901664212301
# theta[1]:
-0.190097658435
# theta[2]:
7.16390411728
# theta[3]:
7.90937020112
# theta[4]:
8.35822621039
# theta[5]:
0.413206824109
# theta[6]:
4.00000000000
# log_rinit_devs:
 0.259000688726 0.139693544588 0.108547314771 -0.0946140870613 -0.412627461024
# log_rbar_devs:
 -0.00195505608219 -0.138006161507 -0.277749315937 -0.0850285057133 -0.116750273266 0.376756918054 0.117405188680 0.210133815673 0.361150542895 0.606609625047 0.623066776213 0.550511626532 0.473789271637 0.568065321009 0.748755314011 0.839695898424 1.17725623599 0.951899973196 1.17850815776 0.900472273977 0.877612221469 0.939586932563 0.832676219090 0.558059902215 0.650437303624 0.673607928129 0.522539823396 0.935455406000 0.380714562578 0.123624996142 -0.101103636425 0.0772797434206 0.129423921233 -0.367504684165 -0.597627865095 -0.782425036363 -1.06879321583 -1.15400134098 -1.25620389953 -1.42723898379 -1.48145645952 -1.61987374002 -1.65319087038 -1.70162001267 -1.58979171573 -2.15152947161 -2.28808734161 -2.50666920774 -2.00963426425 -0.538975100473 1.01593675698 -0.336807874819 -1.72153835930 -0.710343420695 0.871887839573 0.157139351550 -0.883485874834 -0.0308747857218 1.63060593234 -0.118768943225 -1.79151304858 -0.794289740251 1.75786141674 -0.626174072231 -1.36149887241 -1.07415370743 0.360824729084 0.261217644931 1.29109483231 1.32105774610 -0.0827175466789 0.706056886654 1.06227684382 0.610102560062 1.88817698811 -0.130037811003 0.571946862820 0.698171406372 1.05830517088 1.34619602427 0.927397539342 0.877391958968 -0.0441986854497 -0.531187163540 0.346284868740 -1.72523409115 1.30537734240 -1.02985866621 0.653224759940 0.360575450664 0.443692010572
# mat_params[1]:
 7.29900490586 10.1788233290
# mat_params[2]:
 7.09439837174 10.0446986659
# mat_params[3]:
 6.71099001788 9.91117801049
# log_m_devs:
 -0.196443372548 0.132976029514 0.0634673430343
# log_slx_pars[1]:
 1.16570478345 -0.231254233396
# log_slx_pars[2]:
 1.63738371725 -0.303435002694
# log_ft_pars:
 -1.36768536493 -1.51945159251 -1.98446440234 -1.94138485982 -1.75529585734 -1.86690840278 -2.09146849501 -2.62954426831 -2.41215878106 -3.39147341484 -3.64808680526 -0.448588148728 -5.79202702657 -0.593494658306 -4.68478091101 -3.93311575740 -2.72320489275 -2.25003845058 -2.10788437391 -3.01357800557 -3.10432344569 -3.12793769007 -3.31449690085 -2.73671717299 -3.01535538329 -3.60385460207 -2.98434738964 -2.29641896977 -2.26253168414 -1.72968075516 -1.24981268221 -1.25193475140 -1.60009225294 -1.98809557173 -1.95342998606 -1.25878442894 -1.83458006732 -2.20786031775 -4.86258020757 -4.77312950240 -3.86174508140 -3.29443206007 -3.48237130125 -3.61351956579 -3.36766681447 -3.23856892168 -2.15480664484 -2.65164447969 -9.32791666081 -4.61727732197 -3.00744516117 -2.75401528639 -3.27506527695 -2.84734101170 -2.78661249271 -2.80636927428 -2.60885478092 -2.88057327456 -3.37131955977 -2.62157444239 -2.31366653050 -3.35621081139 -4.10163668616 -3.25644531901 -2.58879367856 -3.21837930083 -3.57920110168 -2.34575279620 -2.61633371522 -3.39438955323 -3.18851494406 -3.93222743373 -2.96193475068 -3.11843241455 -3.73891123773 -3.35218774503 -3.27548856554 -3.25379009754 -3.03184427256 -2.90664227731 -3.00135600159 -2.78945729735 -2.59906342122 -2.62737979646 -3.36006300057 -1.93242566495 -2.61962504963 -2.48904860838 -2.34309820801 -3.88555361731
