# Number of parameters = 202 Objective function value = -3545.14302677688  Maximum gradient component = 0.000279652867878450
# theta[1]:
-0.202524984331
# theta[2]:
7.94585657916
# theta[3]:
7.37731093618
# theta[4]:
7.74396287077
# theta[5]:
0.475705849589
# theta[6]:
4.00000000000
# log_rinit_devs:
 0.0556416914928 0.0627932242767 0.112152772231 -0.0207956505278 -0.209792037473
# log_rbar_devs:
 0.955694950397 0.801368881998 0.631018224684 0.662843618256 0.519962815178 0.812235327888 0.489793594864 0.456122433575 0.484168315126 0.608105820380 0.585842746335 0.602328143791 0.718490914969 0.792136126548 0.959525420565 0.826124817768 0.828955890307 0.649455724567 0.826966759786 0.607476706547 0.596551940310 0.655051464458 0.575419400789 0.362316628570 0.443722232608 0.472827229069 0.354557280123 0.680671705888 0.215085733294 -0.0374756439571 -0.290012519401 -0.223042866949 -0.229775217844 -0.673018394724 -0.925556100340 -1.15399200459 -1.43882173288 -1.51790014109 -1.58560380295 -1.69832464247 -1.72370629143 -1.81576880967 -1.82438622379 -1.84689554169 -1.73737653804 -2.17780785601 -2.26916140007 -2.43314811335 -1.87646248389 -0.427726469407 1.13242562146 -0.178954286695 -1.60850065264 -0.586269313132 1.02197991735 0.287348939588 -0.765297679157 0.102567145985 1.80488786936 -0.00422349386980 -1.76263370258 -0.690486019740 1.91784434379 -0.541071456798 -1.27897554273 -0.995728177835 0.473377688889 0.352291225302 1.39909301607 1.42396338157 -0.0284123351076 0.745922765912 1.09806847152 0.578930178538 1.88995015823 -0.288219391768 0.357685530734 0.393702623761 0.637771798317 0.755832435947 0.378866539479 0.364279468232 -0.382367334628 -0.700001592373 0.353044382769 -1.44883861150 1.87511505347 -0.534411960020 1.12876930226 0.699425196031 0.352390441930
# mat_params[1]:
 7.50170594321 10.2658526926
# mat_params[2]:
 6.68385688306 9.76112558338
# log_m_devs:
 -0.0229867967174 -0.0243820231166 0.108487511458 -0.174263990722 0.113145299098
# log_slx_pars[1]:
 1.51817279792 -0.307960518104
# log_ft_pars:
 -1.12825401032 -1.21231387597 -1.66052780286 -1.53370611285 -1.23724527087 -1.11694145316 -1.22244061685 -1.66468589861 -1.30726148918 -2.12871027990 -2.30436451716 -1.31801888229 -4.71925127595 -1.36993911648 -3.68998246058 -2.80792287021 -2.47955974596 -2.02294146886 -1.87373745760 -2.78491464088 -2.88972292140 -2.93131461566 -3.14238335493 -2.58216354903 -2.87842615196 -3.49659991581 -2.90203148409 -2.21105845754 -2.17284998157 -1.61277105033 -1.09628047668 -1.07058795188 -1.38803044072 -1.74759323781 -1.67642014365 -0.924485954120 -1.47120454901 -1.85119920919 -4.55061399789 -4.51630364777 -3.65223685661 -3.12814714287 -3.36450415355 -3.53211309396 -3.31266989915 -3.21491232696 -2.15608946356 -2.69864902833 -9.45690767527 -4.79140196661 -3.25139046638 -2.92998346018 -3.29675879314 -2.76739074753 -2.86557521465 -2.93641601711 -2.65856614002 -2.86406890939 -3.51541938644 -2.78001565743 -2.34007665888 -3.25954763029 -4.20523556037 -3.41794994580 -2.61878306556 -3.10420893427 -3.53063623124 -2.40022473617 -2.74008183185 -3.52155622237 -3.24087907672 -3.89298760694 -2.92531977747 -3.07729050377 -3.72980851691 -3.30599259257 -3.12087278844 -2.99449210775 -2.71264327668 -2.48977029293 -2.67153857242 -2.51089775023 -2.38053981816 -2.48413047415 -3.35153475414 -2.09314943920 -3.12581141756 -2.95609744062 -2.70549592691 -4.15820460641
