# Number of parameters = 204 Objective function value = -3579.01381376991  Maximum gradient component = 0.000686265369512668
# theta[1]:
-0.192640151974
# theta[2]:
7.16172261381
# theta[3]:
8.23110961285
# theta[4]:
8.66021517588
# theta[5]:
0.440429339815
# theta[6]:
4.00000000000
# log_rinit_devs:
 0.291373320221 0.162669277667 0.114697531193 -0.114550766988 -0.454189362093
# log_rbar_devs:
 -0.279221648604 -0.393283374900 -0.509130712464 -0.288155161211 -0.290789260068 0.239299266184 0.0180102414520 0.147557972602 0.334064202248 0.600142374980 0.611632473256 0.522904620846 0.423870794585 0.512189997686 0.707397733332 0.843533009101 1.23527827609 1.00582861443 1.22968966509 0.942978675447 0.914563482291 0.972374857826 0.862151473856 0.580943732280 0.670387209738 0.690341528002 0.537872756888 0.954537528260 0.401536142971 0.156612941607 -0.0502761319007 0.148765468440 0.211774467606 -0.279056636070 -0.494007140136 -0.664246575213 -0.946601526051 -1.03694684842 -1.14872992436 -1.33181043998 -1.39370726944 -1.54187176404 -1.58312718530 -1.63743885835 -1.53083408966 -2.10194601513 -2.24192657804 -2.46684957685 -1.96729063613 -0.497293822852 1.07568487716 -0.280225931770 -1.66994709260 -0.657623638500 0.937866037900 0.214733717461 -0.833209676871 0.0194163106931 1.70810223007 -0.0598478271404 -1.75183394745 -0.747306859778 1.82681402638 -0.584982673806 -1.32846005670 -1.04870200037 0.389602856806 0.289195159425 1.32193032992 1.35056068975 -0.0763279767798 0.706702504577 1.04401723242 0.554974289025 1.83128184488 -0.291280787117 0.336939439527 0.376460431456 0.618979384581 0.741764740298 0.415277480460 0.457628777467 -0.229229913836 -0.529055249596 0.466865639317 -1.43725095931 1.69334199787 -0.678298239655 0.989610125991 0.611527010129 0.422607365799
# mat_params[1]:
 7.47022019885 10.3002799833
# mat_params[2]:
 7.30934593484 10.1877729130
# mat_params[3]:
 9.11211201710 13.6135477198
# log_m_devs:
 -0.177865080574 0.205807183473 -0.0279421028991
# log_slx_pars[1]:
 1.22913247025 -0.130355151551
# log_slx_pars[2]:
 1.67529480510 -0.285748863187
# log_ft_pars:
 -1.29169103506 -1.46356580533 -1.95238796810 -1.93575668719 -1.77914365787 -1.92623233987 -2.18673455648 -2.76137665854 -2.57938187959 -3.58637765804 -3.85662917102 -0.284103910705 -5.96321368302 -0.376989428714 -4.82567859505 -4.11034790375 -2.85639851550 -2.37267017862 -2.22681190144 -3.12520249430 -3.20589291475 -3.22309310018 -3.40162297956 -2.81674219303 -3.09215015550 -3.67614065220 -3.05107032964 -2.36847900457 -2.33367799177 -1.80530607657 -1.34372042314 -1.36845375986 -1.73424251978 -2.12764677178 -2.10011997352 -1.42742274174 -2.01808090312 -2.39267369389 -5.03742654993 -4.93385062533 -4.01157304226 -3.43561038305 -3.61544728264 -3.73842231790 -3.48439182419 -3.34616315311 -2.26147532764 -2.75598259371 -9.42694570553 -4.73244913823 -3.15655231584 -2.86930680853 -3.37634378818 -2.95913323117 -2.92139054290 -2.92361535472 -2.71681641258 -2.99662247491 -3.51594179025 -2.74493609485 -2.43086723629 -3.47966564500 -4.24599133142 -3.37005744617 -2.69222811575 -3.33012727864 -3.68431154431 -2.43352759480 -2.71613748673 -3.49005645896 -3.26563297010 -4.00508806817 -3.02956890755 -3.16064727800 -3.77089855679 -3.35042989560 -3.24229939248 -3.18018315011 -2.86081377031 -2.60320738784 -2.78609024977 -2.67993961352 -2.60997108792 -2.78087884142 -3.67450370988 -2.41093787969 -3.22878089861 -3.16157228228 -3.07231990814 -4.65178305465
