# Number of parameters = 207 Objective function value = -3711.32019071374  Maximum gradient component = 6.09900700026565e-005
# theta[1]:
-0.285875086791
# theta[2]:
7.34518495523
# theta[3]:
7.02538704240
# theta[4]:
7.44916837719
# theta[5]:
0.778345456883
# theta[6]:
4.00000000000
# log_rinit_devs:
 0.189206665083 0.132897106679 0.112786665823 -0.0723915284422 -0.362498909143
# log_rbar_devs:
 0.862778125919 0.688399752591 0.516190086718 0.581772422551 0.446070470659 0.753223604694 0.409074934597 0.379553215620 0.411393785041 0.552040896772 0.516299224482 0.452367908991 0.496602084600 0.541906824377 0.731400333087 0.707307542728 0.826886387554 0.641028110100 0.815692098472 0.586113049595 0.580122618551 0.648111884374 0.573632827712 0.355104129074 0.441713170865 0.487352495683 0.396342259673 0.765008063996 0.331512697162 0.117846169394 -0.124102583629 -0.0484291168094 -0.0381703688125 -0.458675595763 -0.661064280668 -0.869483577046 -1.16958286778 -1.24122294989 -1.28804256180 -1.37427796334 -1.36512098946 -1.44917342637 -1.45253609508 -1.48096009453 -1.38120208583 -1.89751851771 -2.05626278987 -2.28240127932 -1.75548248416 -0.330459656480 1.15551052452 -0.116522728354 -1.56392452753 -0.541159360842 1.07123393707 0.332462474113 -0.724281845619 0.140556924983 1.86346334050 0.0176808091925 -1.74848946810 -0.641400304996 2.02191290544 -0.477906480848 -1.21116909473 -0.923365916628 0.555199329165 0.419434095715 1.46688823413 1.49944361678 0.0406742768425 0.828177544687 1.18344691348 0.665775051982 2.05737270091 -0.174985666172 0.467141261460 0.407810450631 0.530870968641 0.528943544385 0.103491398177 0.0474328278753 -0.814100745168 -1.22845730513 -0.241943163833 -2.19028833022 1.00284780460 -1.22321474459 0.664970805150 0.551275088201 0.308514962847
# mat_params[1]:
 7.48181233940 10.3210355173
# mat_params[2]:
 7.61318440453 10.8474619879
# mat_params[3]:
 6.23595331845 9.14928504043
# mat_params[4]:
 5.16976896280 7.69518011821
# log_m_devs:
 -0.0322698638692 0.0729832378955 0.156233708127 -0.196947082154
# log_slx_pars[1]:
 1.33834930509 -0.392076401558
# log_slx_pars[2]:
 1.69284249177 -0.246547579970
# log_ft_pars:
 -1.10800590431 -1.19978217609 -1.62657479344 -1.49880166050 -1.20751095915 -1.12049908567 -1.23100369096 -1.65821522305 -1.30532079567 -2.15964855438 -2.35968649283 -0.802161873526 -4.64199176388 -0.733155869924 -3.51681105174 -2.69323798533 -2.42797100174 -1.95509299431 -1.81134129973 -2.72829573567 -2.82730262175 -2.87991929205 -3.10349057934 -2.52784894026 -2.82146194686 -3.46344918996 -2.88322728399 -2.23764814119 -2.21470186726 -1.62535433776 -1.08626057613 -1.09775360816 -1.48414095802 -1.86421270506 -1.78507473167 -1.04878866542 -1.62063849184 -2.02697184200 -4.75547418987 -4.74930729312 -3.91699933451 -3.42406437754 -3.70315741492 -3.88091939988 -3.64935384164 -3.53339123576 -2.42996497203 -2.91696375503 -8.86462176243 -3.97441630458 -2.13491906400 -1.87774320639 -2.45521248250 -2.10992234063 -2.01691150738 -1.99910792594 -1.80623319961 -2.12712330031 -2.60087582882 -1.82274962133 -1.54399795294 -2.67227866881 -3.40198318438 -2.51404168204 -1.87624892818 -2.59709135291 -2.97238321431 -1.65435169994 -1.80543083138 -2.56054790454 -2.38058831704 -3.17546986186 -2.21961762892 -2.34011958451 -2.91508441032 -2.53431495865 -2.47236122950 -2.45007065735 -2.09203285836 -1.71002931510 -1.80429789288 -1.65136420119 -1.54001914769 -1.65360723796 -2.50250659811 -1.13140620915 -1.67455945823 -1.53113580192 -1.47196098714 -3.21546961442
