# Number of parameters = 200 Objective function value = -3523.90775563681  Maximum gradient component = 0.00128050527719267
# theta[1]:
0.0559232368415
# theta[2]:
9.59498160380
# theta[3]:
9.03635910656
# theta[4]:
9.36954597171
# theta[5]:
0.556447735912
# theta[6]:
4.00000000000
# log_rinit_devs:
 -0.125122652230 -0.0677259583274 0.0827852887000 0.0591756037329 0.0508877181249
# log_rbar_devs:
 0.739729573572 0.588216339503 0.399132796162 0.440822714937 0.318150056900 0.645137086520 0.330134870862 0.291304068863 0.307791509394 0.415160814964 0.373634027906 0.345057783000 0.417912852633 0.491386974846 0.703225400402 0.638840735562 0.773817110541 0.589773136284 0.777014864231 0.546327046761 0.515020379245 0.552371354181 0.451710621291 0.209385968734 0.267417032734 0.267861719332 0.130187921842 0.443028719840 -0.00999489507559 -0.212127070951 -0.371070958075 -0.196693537784 -0.131797444986 -0.515584383740 -0.668293912472 -0.782412242210 -0.995531965169 -1.05928753431 -1.14120652750 -1.28443795507 -1.32360788924 -1.43655973267 -1.46234639581 -1.50149445051 -1.41679989137 -1.87807789435 -1.96596544628 -2.14811227645 -1.65468835143 -0.219076685257 1.40796876433 0.0620830092305 -1.33932542161 -0.334728238077 1.26442482124 0.535245616052 -0.499715164230 0.333300538912 2.03783428702 0.265304352586 -1.47497151002 -0.460129593549 2.09380961219 -0.325789428968 -1.07648899628 -0.828597330087 0.601285768551 0.510564707746 1.54591262830 1.57482609026 0.148515827286 0.909146202111 1.23483255917 0.730690651122 2.05959932007 -0.156046463337 0.420906574742 0.392638393732 0.620218574619 0.830420163091 0.402655036305 0.336294606229 -0.698959765046 -1.19926664187 -0.229997813533 -2.32601468709 0.950380350395 -1.49840322964 0.265934074127 -9.16897688171e-005 0.319347403346
# mat_params[1]:
 8.31865608118 11.2078446695
# mat_params[2]:
 6.50645460882 8.84143546620
# log_m_devs:
 -0.0695507762455 0.00477444642208 0.0647763298234
# log_slx_pars[1]:
 1.71676686282 -0.221622581442
# log_ft_pars:
 -1.73922301612 -1.81231179659 -2.25274213435 -2.12678254813 -1.84431291911 -1.74038193395 -1.85714937445 -2.30818134265 -1.96347203922 -2.75594273799 -2.87539453873 -3.61189194997 -5.26583389800 -1.92029673043 -4.15015444064 -3.23918190820 -2.94420711361 -2.48503184835 -2.35836088662 -3.27416100464 -3.36188428010 -3.38871629857 -3.57291440779 -2.98660870722 -3.26952554103 -3.85976596514 -3.22824617845 -2.52604219631 -2.47494282902 -1.93148969740 -1.49042737508 -1.57173874175 -1.98061151335 -2.39384093064 -2.38747691586 -1.76599712600 -2.43723178444 -2.86637021121 -5.55342052767 -5.47966872551 -4.58939772369 -4.04855766039 -4.26760060681 -4.41754850817 -4.17863256684 -4.05550422886 -3.00679751531 -3.55374415596 -10.2789247589 -5.62024747825 -4.13418359066 -3.73777343427 -4.14751145421 -3.71590271801 -3.79383682655 -3.76957556248 -3.50424513939 -3.77793330884 -4.41026975563 -3.58510843659 -3.19808564371 -4.21380506915 -5.08825987860 -4.14958213726 -3.38844998733 -3.98922826853 -4.38106179876 -3.15240728826 -3.49757822599 -4.26053353484 -3.96580781065 -4.67046825097 -3.71082025700 -3.82374676375 -4.50261090638 -4.02800923169 -3.86956536481 -3.77285117005 -3.41629540504 -3.14147312856 -3.10461188097 -2.81110140170 -2.55397625796 -2.51712309111 -3.23265132250 -1.76773066348 -2.73166539157 -2.53305621322 -2.37313416735 -3.90592475409
