# Number of parameters = 209 Objective function value = -3722.39314412452  Maximum gradient component = 1.20487305738627e-005
# theta[1]:
-0.302578811388
# theta[2]:
8.37327908587
# theta[3]:
7.31201208434
# theta[4]:
7.67972761661
# theta[5]:
0.951804248397
# theta[6]:
4.00000000000
# log_rinit_devs:
 -0.0732532853381 -0.0445508005327 0.0692042911657 0.0279164109796 0.0206833837254
# log_rbar_devs:
 1.30686223585 1.11081230061 0.886703854267 0.905096032358 0.746198729455 1.04882177644 0.655866941500 0.561016331763 0.521452261175 0.576428987995 0.511923406732 0.491429110999 0.607662841701 0.711640995522 0.937562203077 0.834326081110 0.912642708107 0.707760267647 0.903108525884 0.675420338816 0.675240360440 0.751175151396 0.675600222865 0.449141694963 0.548596976806 0.598951369631 0.500093520278 0.884882821783 0.425392715150 0.192448889173 -0.0481341980775 0.0704033516794 0.112297860982 -0.314399708369 -0.521705470039 -0.708399487997 -0.972122293567 -1.01930359446 -1.05940722650 -1.16040532355 -1.15925281010 -1.25608174648 -1.26544727460 -1.29815409401 -1.20695205759 -1.76440944884 -1.95750873271 -2.23319583119 -1.81560531441 -0.403921810961 1.07917276373 -0.180776027310 -1.61659623469 -0.601702719772 1.00214579821 0.272843679629 -0.778507357439 0.0725372120590 1.79196376694 -0.0395674049973 -1.79862096527 -0.711231248611 1.93267164170 -0.552605345190 -1.29363548458 -1.01870339402 0.446168483246 0.318961379855 1.35528034903 1.38486185916 -0.0635056122809 0.719304984859 1.06653075826 0.545709920258 1.94892708766 -0.307018295437 0.295503522113 0.182712242671 0.234700740429 0.161728089322 -0.244579407552 -0.311957226668 -1.19643494249 -1.61874332271 -0.644307114215 -2.59586075788 0.584713248841 -1.66524401749 0.229445698285 0.143933208652 0.137226000993
# mat_params[1]:
 7.60840044758 10.3819690104
# mat_params[2]:
 7.76435920519 10.7265500011
# mat_params[3]:
 6.52355950635 9.53023923564
# mat_params[4]:
 4.95282410458 7.38339061148
# log_m_devs:
 0.201932792110 -0.201932792110
# log_slx_pars[1]:
 1.31288754311 0.0134634120396
# log_slx_pars[2]:
 1.45897907942 -0.440170760828
# log_slx_pars[3]:
 1.76617267580 -0.185757011686
# log_slx_pars[4]:
 1.57798111527 -0.353675262681
# log_ft_pars:
 -1.82602786200 -1.89277195040 -2.25661550998 -2.08024145750 -1.75049946849 -1.69160341386 -1.73916098981 -2.09628712705 -1.68389703134 -2.46529651130 -2.56991226563 -5.19751161123 -4.97470908083 -5.12704881718 -4.00578664477 -3.06668518731 -2.33604566014 -1.88106243357 -1.74356709541 -2.66506470115 -2.77344077968 -2.82165613938 -3.04682389590 -2.48466709052 -2.77745349981 -3.40953036530 -2.83351715714 -2.17939796434 -2.17634011605 -1.61795875179 -1.09196695226 -1.09829059472 -1.48505718697 -1.89401941731 -1.83928080612 -1.11863839748 -1.70833831830 -2.12268443641 -4.84388520211 -4.82800778267 -3.98490359819 -3.48289610326 -3.74797790136 -3.91707721766 -3.67845888746 -3.57096485586 -2.46366010287 -2.92443368348 -8.79855084871 -3.91006164954 -2.03808176829 -1.74234049774 -2.32210282514 -2.03977111591 -1.97784374317 -1.91886937270 -1.70048222552 -2.05872672517 -2.54520041700 -1.72227913865 -1.43397283141 -2.62041950441 -3.36695758389 -2.40800289520 -1.73758215932 -2.51934148411 -2.94251531029 -1.58805533986 -1.67865613372 -2.41296243224 -2.22053372440 -3.03993682343 -2.11075808563 -2.22635670629 -2.78755484181 -2.38884086941 -2.32332013103 -2.33163913586 -1.96809459431 -2.00943255502 -2.11648842667 -1.93181229056 -1.77997996967 -1.85310223009 -2.65973924393 -1.28170878692 -1.87921219166 -1.79631029719 -1.73010813349 -3.41338631552
