# Number of parameters = 96 Objective function value = -399.991446635467  Maximum gradient component = 0.000140001607898427
# theta[1]:
-0.426644439843
# theta[2]:
4.58526647541
# theta[3]:
6.27591754531
# theta[4]:
6.49660503752
# theta[5]:
1.09185836174
# theta[6]:
4.00000000000
# log_rinit_devs:
 2.80731686322 1.61245233753 -0.0588324258494 -2.14409108005 -2.21684569484
# log_rbar_devs:
 -0.205864222758 -1.56292987410 -0.579243616796 1.01805541300 0.219433587319 -1.00075550601 -0.0441761696478 1.81515362205 -0.203874664718 -1.84674164547 -0.896778922400 1.96075642218 -0.622750517052 -1.46463535683 -1.12304876603 0.317556026106 0.0629527370460 0.937157512215 0.771267494440 -0.869493390954 0.0656523642747 0.418903248735 0.0155510430461 1.23954049880 -0.631100996564 -0.00116926895590 0.187775025180 0.540035062069 0.758960667115 0.439604562050 0.399631781360 -0.447405082725 -0.813343514717 0.190335569978 -1.65208355243 1.58043301841 -0.821221779254 0.923609789158 0.692461727947 0.231789674932
# mat_params[1]:
 4.95426932387 7.50133388343
# log_m_devs:
 0.160520677938 -0.251527343552 0.0910066656142
# log_slx_pars[1]:
 1.59969744680 -0.244170449111
# log_ft_pars:
 -1.72920687042 -2.23980330417 -1.81695933504 -1.73204113809 -1.74977237963 -1.51111619035 -1.74303512813 -2.26996674354 -1.54377802931 -1.22419818455 -2.23767576963 -3.04755151556 -2.25438770915 -1.58794991596 -2.20957409387 -2.56172558720 -1.24620266593 -1.25162627504 -1.85818432050 -1.56040188369 -2.48386895110 -1.62318308332 -1.85102206742 -2.40712181291 -2.10486625099 -2.11865877038 -2.21856410640 -2.04136957002 -1.85359391507 -1.91107777526 -1.72204484529 -1.59859213915 -1.71798323578 -2.59212423669 -1.26522886004 -1.93042628280 -1.66693104335 -1.42006549315 -2.96331539852
