# Number of parameters = 206 Objective function value = -3600.93011843349  Maximum gradient component = 0.000911748460867142
# theta[1]:
0.0387890867551
# theta[2]:
8.21795095305
# theta[3]:
9.16619333978
# theta[4]:
9.52074074005
# theta[5]:
0.608477772600
# theta[6]:
4.00000000000
# log_rinit_devs:
 0.131276183427 0.0656898514685 0.103671310349 -0.0812558648137 -0.219381480430
# log_rbar_devs:
 -0.294895936629 -0.388294145102 -0.511422968465 -0.279383900061 -0.290346354974 0.300273809331 0.0395847261309 0.146154058240 0.306611712752 0.518092755603 0.458813190065 0.353756594116 0.340470440356 0.415688212579 0.674788780300 0.711382755721 1.01649748042 0.785322563586 1.04949330850 0.745098441488 0.711771766441 0.774376056388 0.650959193187 0.334624708774 0.426654043411 0.443940882249 0.281288551126 0.745847566337 0.180707985636 -0.0302078441698 -0.186924376832 0.102220345728 0.230130449478 -0.247199895852 -0.410016107981 -0.529020915469 -0.797880218529 -0.873793826813 -0.978108089382 -1.16619250545 -1.21203409432 -1.36169354034 -1.39307016827 -1.43702437632 -1.30139887715 -1.88702698732 -2.00409145957 -2.22889047844 -1.73737247495 -0.271392368309 1.34047616136 -0.0236422981030 -1.38679237814 -0.391020265874 1.19214305930 0.465517339476 -0.585314964210 0.255893581729 1.96308131227 0.193007593723 -1.50238182676 -0.531628975511 2.01958951589 -0.372779014211 -1.13612776720 -0.873346893776 0.540764029867 0.454403239711 1.47003051841 1.49635046672 0.0767064812497 0.850078865768 1.16027236152 0.659733722895 1.94489413700 -0.254402772784 0.310912698196 0.322129388560 0.591983230320 0.828214929261 0.423310641695 0.375524657557 -0.606785107835 -1.07115428584 -0.105587863433 -2.11693137680 1.13371533092 -1.20507976453 0.543535715844 0.288631989087 0.335206119445
# mat_params[1]:
 8.04871900891 10.6399547509
# mat_params[2]:
 8.50221987684 11.4490294228
# mat_params[3]:
 6.79309235331 9.18123803655
# log_m_devs:
 -0.157312789308 0.0640168680919 0.0932959212158
# log_slx_pars[1]:
 1.53870722619 0.134374518880
# log_slx_pars[2]:
 1.72203246139 -0.287450024642
# log_slx_pars[3]:
 1.87159628192 -0.322182500623
# log_ft_pars:
 -1.50380320596 -1.70688767831 -2.20461232203 -2.18663238537 -2.02567508749 -2.19639219874 -2.44472338406 -2.99964385222 -2.78720967800 -3.74580573861 -3.95316363025 -0.441872859771 -6.15283281647 -0.218635154085 -5.01287454317 -4.23055634062 -3.12906961452 -2.67121240356 -2.55000725247 -3.46339100075 -3.54690347548 -3.56688004004 -3.74072464720 -3.14504246214 -3.41437188625 -3.98754966819 -3.34666846176 -2.66916983436 -2.64017173557 -2.12218684413 -1.69207939711 -1.77447006542 -2.20483612203 -2.64359043888 -2.65710626417 -2.03904128606 -2.68636265994 -3.08471768727 -5.73559554393 -5.62801917938 -4.70864976586 -4.13960028996 -4.32934172511 -4.45970687751 -4.21497505289 -4.08572747909 -3.02352007510 -3.53800698365 -10.2089268735 -5.52514282180 -3.99382000121 -3.67624933323 -4.17713651845 -3.78543173141 -3.76487081946 -3.73897239921 -3.52390449905 -3.81491530669 -4.34669248645 -3.55061733792 -3.23889516307 -4.29980440990 -5.04646096260 -4.11680681254 -3.42745086796 -4.08704834407 -4.43031877484 -3.15305216701 -3.43679255206 -4.20140379982 -3.95983026803 -4.69977798684 -3.72408622289 -3.83649394485 -4.44723309693 -4.00202407898 -3.87679052732 -3.80181673578 -3.43540992561 -2.40138524248 -2.29809973709 -2.06014756648 -1.91434588256 -2.00685915746 -2.79783291106 -1.35657320838 -1.95017099626 -1.72461828970 -1.59894055852 -3.26959157542
