# Number of parameters = 201 Objective function value = -3626.34894634262  Maximum gradient component = 0.000472373493802519
# theta[1]:
-0.393613731140
# theta[2]:
8.08924859976
# theta[3]:
6.74144025378
# theta[4]:
7.15178731406
# theta[5]:
0.809726387835
# theta[6]:
4.00000000000
# log_rinit_devs:
 -0.0225394235550 0.0174252022243 0.103188357849 0.0294458759332 -0.127520012452
# log_rbar_devs:
 1.59951711508 1.41701074035 1.21288057951 1.18848354689 0.997994370953 1.21499628230 0.808415095029 0.670077944431 0.579603308070 0.613585234082 0.548136705908 0.530469625370 0.617189152310 0.692674152510 0.889700646142 0.804877657528 0.864255314522 0.658447224416 0.810495122417 0.607776751848 0.621186948040 0.703097528259 0.653267708528 0.473783263891 0.587026418017 0.660126362663 0.595090400957 0.951893997699 0.536251276469 0.295173550011 0.0224968542167 0.0645480109664 0.0530419331147 -0.382638326265 -0.654906249911 -0.930810321417 -1.24671560017 -1.30682299149 -1.32369811053 -1.37897348310 -1.35017568436 -1.41019057930 -1.39363296238 -1.39659001754 -1.29919300084 -1.83547322061 -2.08744521249 -2.42619835756 -2.05050484802 -0.602780986090 0.862000326120 -0.367371139209 -1.81213922588 -0.797326273183 0.801109171480 0.0641507295320 -0.992129916525 -0.110931907700 1.59145663509 -0.250693284725 -2.03119176521 -0.926727327487 1.70916926461 -0.764580683178 -1.49535812373 -1.19964572257 0.290618599730 0.140882873568 1.17921792388 1.20520091237 -0.250533379869 0.524466657990 0.884657031108 0.354548122066 1.69001181552 -0.487814602933 0.196546767428 0.251784568795 0.518281494953 0.656255851004 0.240926415595 0.200987869803 -0.595089204369 -0.966003485162 -0.00788557658321 -1.95001401573 1.11300305910 -1.15308042910 0.614657415865 0.364663916755 0.237097770345
# mat_params[1]:
 7.45480104759 10.5155510026
# mat_params[2]:
 5.41538602140 8.06973285320
# mat_params[3]:
 5.16408413593 8.26588420591
# log_m_devs:
 0.153204598828 -0.153204598828
# log_slx_pars[1]:
 1.46068885562 -0.338504223785
# log_ft_pars:
 -1.39991080324 -1.45466141385 -1.86021679194 -1.68795128474 -1.34687274267 -1.16789735915 -1.19898881904 -1.54687965786 -1.08371487207 -1.78559008339 -1.87120235855 -2.56502551306 -4.25726400563 -1.82542535351 -3.17238497925 -2.26308974353 -1.92201602165 -1.45243477890 -1.28466414833 -2.19276877474 -2.31594254198 -2.38412454642 -2.62917328978 -2.08664931437 -2.40888995307 -3.07484375413 -2.52581282486 -1.88050638424 -1.87912824779 -1.32534167668 -0.787108544990 -0.743577961314 -1.06672412477 -1.43421413218 -1.35642285740 -0.560923682156 -1.04130852338 -1.41371219239 -4.15943546860 -4.19318074740 -3.39214873625 -2.92383689070 -3.21841310967 -3.42266110912 -3.21965274944 -3.12961160098 -2.02357489735 -2.48370715288 -9.12299317854 -4.36101921319 -2.66805670380 -2.37177384458 -2.74642762415 -2.22632282226 -2.30760950932 -2.40176621438 -2.11959044580 -2.32139419531 -2.96224374156 -2.25373847531 -1.79878080800 -2.72230081557 -3.66226318427 -2.91819309848 -2.11476219446 -2.60799197751 -3.05505252623 -1.92582524985 -2.20650755613 -2.98600470235 -2.72710451008 -3.38698751930 -2.42853635664 -2.58591174422 -3.21385552725 -2.82451882171 -2.65025944381 -2.54505504609 -2.29000268303 -2.07883914792 -2.25037190529 -2.07322604070 -1.92354875050 -1.99418158804 -2.83377752301 -1.52049512669 -2.26978064193 -2.20853204461 -2.04535622443 -3.65285753594
