# Number of parameters = 204 Objective function value = -3597.09803142228  Maximum gradient component = 0.000291691379201584
# theta[1]:
-0.0828895305134
# theta[2]:
8.49446049641
# theta[3]:
8.21184588616
# theta[4]:
8.49814046520
# theta[5]:
0.905656234467
# theta[6]:
4.00000000000
# log_rinit_devs:
 -0.00703696440648 0.0147230577084 0.110390602314 -0.0142769047532 -0.103799790863
# log_rbar_devs:
 0.654788084934 0.504950031169 0.323734980781 0.381728260762 0.253898203366 0.622810633838 0.309651743039 0.308030163873 0.378184412315 0.527579787930 0.510728255229 0.517251732611 0.628683467132 0.707673743167 0.903203818509 0.761992098233 0.770765257856 0.591770656450 0.807360965850 0.570071002310 0.553916315033 0.613993237251 0.523467391896 0.281712960253 0.366606406472 0.391249255438 0.262415046077 0.628756560411 0.142346364751 -0.0784953369845 -0.265536603109 -0.0894452998888 -0.0219241597190 -0.441029470790 -0.614856763084 -0.748969440959 -0.982640654606 -1.04211832327 -1.11707372230 -1.25468927627 -1.28463415913 -1.39325868247 -1.40893965058 -1.43848936036 -1.32402447348 -1.78942421808 -1.86512227733 -2.03007164798 -1.49278930714 -0.0590018734166 1.53311383408 0.207523377074 -1.20422480026 -0.201242521225 1.40187368700 0.660517960429 -0.399140255466 0.451131406907 2.18225157167 0.359403003795 -1.40732599661 -0.374058041637 2.23310174336 -0.242447046601 -1.00342907377 -0.745835578427 0.701479424436 0.599048483556 1.63727988531 1.66264436429 0.206934679010 0.977025386430 1.30199767617 0.759160927904 2.16779598637 -0.181518631385 0.340934865781 0.178464152848 0.206015843928 0.141527118796 -0.263812591141 -0.334648639972 -1.26868111063 -1.71384205698 -0.747546402707 -2.71187002044 0.470470729502 -1.76498107008 0.0760150129824 -0.0683666842806 0.120473264001
# mat_params[1]:
 7.94775885776 10.4515964665
# mat_params[2]:
 7.90620061138 10.9964636937
# mat_params[3]:
 5.79725136068 8.44427075457
# log_m_devs:
 0.0316405595090 0.138300995447 -0.169941554956
# log_slx_pars[1]:
 1.63372537667 -0.223272849514
# log_slx_pars[2]:
 1.70312149237 -0.289980010682
# log_ft_pars:
 -1.04816778452 -1.15270643647 -1.61250503520 -1.49795982231 -1.21234971943 -1.13373437087 -1.27193014745 -1.74584774773 -1.42402127572 -2.27431177500 -2.45979312655 -1.32471122406 -4.89103650098 -0.959564043328 -3.83512742544 -2.95887046806 -2.64305174043 -2.19571872511 -2.06768929204 -2.98585661034 -3.08616047675 -3.12493144810 -3.32596091463 -2.75323407482 -3.04491141444 -3.65184711053 -3.04214288592 -2.36364231842 -2.32895016288 -1.78736334897 -1.32050249416 -1.37299864689 -1.77284418779 -2.18484920263 -2.16771371112 -1.51661929757 -2.16245843710 -2.58551590450 -5.27822326457 -5.21517476287 -4.33290565335 -3.79789117075 -4.02519527710 -4.18204479758 -3.95325831971 -3.84383020091 -2.80089846661 -3.35254874441 -10.1011066921 -5.45355186566 -3.96033043919 -3.56514162246 -3.92867464957 -3.44091486351 -3.56173841136 -3.57052547753 -3.28448256860 -3.51760663117 -4.19654126091 -3.39225190713 -2.96569141159 -3.91516266038 -4.85294406480 -3.96049967049 -3.16299167415 -3.68569967952 -4.08540359599 -2.90169800863 -3.26359626477 -4.02688036249 -3.71391859641 -4.38041361105 -3.41328185583 -3.52991029998 -4.24003580167 -3.77069005810 -3.57352241761 -3.39589462148 -2.94262034705 -2.23564046767 -2.27531728969 -2.07395922044 -1.92264685695 -1.99981229074 -2.79202795699 -1.37270334866 -1.95449099163 -1.81352171794 -1.74861452958 -3.44268364913
