# Number of parameters = 207 Objective function value = -3715.57228226031  Maximum gradient component = 0.000101385623760877
# theta[1]:
-0.323760926814
# theta[2]:
7.44318827313
# theta[3]:
7.09577045133
# theta[4]:
7.47525798977
# theta[5]:
0.897263245103
# theta[6]:
4.00000000000
# log_rinit_devs:
 0.166698684576 0.128517867525 0.120434626709 -0.0493367652716 -0.366314413539
# log_rbar_devs:
 0.836598993818 0.674814412703 0.511986593956 0.572804436835 0.444023413678 0.731750399008 0.410667187411 0.385019015673 0.415822010772 0.549159706828 0.511503232795 0.449175783146 0.484881216846 0.542866102163 0.771387098907 0.818709020689 1.03605169277 0.846947740672 1.00690971865 0.781942343522 0.768344378876 0.825162209438 0.746885573293 0.531085379318 0.606867342875 0.643474487047 0.550682749531 0.895020549011 0.475336298484 0.265398457511 0.0341879896519 0.111446648247 0.123027685869 -0.279604492697 -0.474207424813 -0.667604529593 -0.946639006974 -1.01696225824 -1.07021791340 -1.16695769768 -1.17181500695 -1.26712050609 -1.28476096897 -1.32355903811 -1.24776980559 -1.77969959598 -1.98093786707 -2.26540471321 -1.83071695383 -0.408475534314 1.07323864087 -0.189571181948 -1.64064670647 -0.616807069816 0.997965200812 0.263911367181 -0.785974875431 0.0691444160828 1.79039722957 -0.0510556286088 -1.82420228969 -0.707963675339 1.95321734539 -0.547590325505 -1.27937194252 -0.999323235452 0.477973470501 0.343624246603 1.39140088241 1.42193792353 -0.0363101889333 0.744635271532 1.09879960651 0.570815165281 1.96608944252 -0.293242840546 0.318299452181 0.221927203596 0.290241420896 0.229731442348 -0.167289598088 -0.216856447631 -1.03889776372 -1.41215767761 -0.389593745595 -2.27677861019 0.992473019333 -1.46854564008 0.307531072557 0.0454867159521 0.195852351034
# mat_params[1]:
 7.58620915225 10.6029447790
# mat_params[2]:
 6.25985053243 9.19628748987
# mat_params[3]:
 4.93267371166 7.32133163262
# log_m_devs:
 -0.0133723107995 0.190004005114 -0.248445896127 0.0718142018124
# log_slx_pars[1]:
 1.36379046704 -0.368605597440
# log_slx_pars[2]:
 1.75471069856 -0.179826250001
# log_slx_pars[3]:
 1.56725440134 -0.376073866133
# log_ft_pars:
 -1.17291321196 -1.25969414594 -1.69085375420 -1.56579838727 -1.28032537909 -1.18566749360 -1.29756259947 -1.73218378664 -1.38397229678 -2.23184215456 -2.42393442450 -0.898584478691 -4.71405968353 -0.784058180950 -3.58854097871 -2.78677499824 -2.57497370524 -2.09552403694 -1.95186869057 -2.86235391892 -2.95097338648 -2.99406266494 -3.20778516395 -2.62550565909 -2.91429764913 -3.54901019502 -2.96283708534 -2.31547960009 -2.28605469980 -1.69872087142 -1.17402667839 -1.20391217641 -1.59953917009 -1.97874985890 -1.89995547474 -1.18119156854 -1.77081489383 -2.18225663103 -4.90279844073 -4.88313597593 -4.03897752878 -3.53487721470 -3.80459533367 -3.96911508238 -3.71920514421 -3.58549869108 -2.46323437426 -2.91704876820 -8.67345236086 -3.78942156549 -1.91569463278 -1.62690184655 -2.21055116471 -1.92210082759 -1.85259493703 -1.79912156713 -1.58277767913 -1.93983152090 -2.42637606327 -1.60859558291 -1.31860985552 -2.50447771507 -3.25976861529 -2.31730038265 -1.65440627266 -2.43341796535 -2.86029630193 -1.51385249116 -1.60332054837 -2.33931036816 -2.15240011782 -2.97350422748 -2.04460643694 -2.16021635991 -2.71244307285 -2.31488344425 -2.24852462001 -2.25470807780 -1.89575437804 -1.91793556092 -2.04477467165 -1.87885096110 -1.74526259391 -1.84436283997 -2.68653986108 -1.35940351824 -2.04006646472 -1.82109484975 -1.58981595454 -3.09205954618
