# Number of parameters = 201 Objective function value = -3516.17507357168  Maximum gradient component = 0.000130158776209342
# theta[1]:
-0.223360258119
# theta[2]:
7.77711849743
# theta[3]:
7.17011548208
# theta[4]:
7.58148033036
# theta[5]:
0.452754769338
# theta[6]:
4.00000000000
# log_rinit_devs:
 0.0706907652615 0.0702638149949 0.115440690171 -0.0274482981944 -0.228946972233
# log_rbar_devs:
 1.03582746432 0.867612793950 0.685113606241 0.723141826694 0.571536400637 0.886536580856 0.534600559870 0.494800888760 0.517595585476 0.646485154575 0.612994095022 0.615182831416 0.730388557282 0.806478458560 0.988022148304 0.853801143166 0.867578425323 0.678041514503 0.870598157952 0.639286783120 0.630453896435 0.696353399100 0.613400020328 0.387247905921 0.476434977867 0.511784335695 0.390512578730 0.749104339376 0.262513419581 0.00549580844585 -0.257610334307 -0.182850664035 -0.184608821691 -0.650015213459 -0.914338589245 -1.16221000247 -1.47454560235 -1.55964245754 -1.62687620435 -1.73860445275 -1.75812359934 -1.85066408709 -1.85476497029 -1.87493356772 -1.75051877872 -2.21725336607 -2.32087163485 -2.50113939579 -1.96567761479 -0.499222458932 1.04786190352 -0.273470968195 -1.67611981077 -0.660820748726 0.921662261777 0.203141862471 -0.837674788031 0.0261780029671 1.68268763233 -0.0830890305913 -1.79228645686 -0.758711865442 1.79941241755 -0.595996663340 -1.32616215634 -1.03436754896 0.416931196426 0.303153761333 1.33759685325 1.36129094702 -0.0523044081697 0.725663954816 1.09239978719 0.623570402939 1.91414161508 -0.118741786224 0.596261184059 0.732410841341 1.10568093508 1.41058298087 0.974775148033 0.917353285582 -0.0292144667674 -0.544364090596 0.307625345685 -1.80656895051 1.21860953699 -1.20305877912 0.475600136006 0.189381434755 0.404527249836
# mat_params[1]:
 7.35177891590 10.1462493786
# mat_params[2]:
 6.54696080485 9.67653653073
# mat_params[3]:
 5.35311224087 7.98621767052
# log_m_devs:
 -0.0465309452097 0.0465309452097
# log_slx_pars[1]:
 1.48474608604 -0.328713524580
# log_ft_pars:
 -1.11628431726 -1.20182902316 -1.64830237139 -1.51801600191 -1.21672906740 -1.09579560813 -1.20075081368 -1.63771108899 -1.27215431818 -2.09067929355 -2.26743257062 -1.21902132395 -4.66249381498 -1.29410176565 -3.63134430116 -2.75861043541 -2.43577104562 -1.98028357244 -1.83192184106 -2.74643256090 -2.85405808273 -2.89828473914 -3.11287107621 -2.55196782959 -2.84579206628 -3.46528959002 -2.87239309409 -2.18545917089 -2.15242521191 -1.58827742430 -1.05800202175 -1.02004762787 -1.33499252659 -1.69549794026 -1.61911276680 -0.848420875096 -1.37126505409 -1.73720350288 -4.43497968720 -4.40645144429 -3.54637608890 -3.02432025543 -3.26315524220 -3.43331434773 -3.21806730357 -3.12320694020 -2.05586297810 -2.58586815485 -9.33348466488 -4.68148035511 -3.12566313199 -2.83175293713 -3.21283316902 -2.69209533976 -2.76278818432 -2.84220304441 -2.56967518091 -2.77932650155 -3.39077555209 -2.66852511532 -2.23222160760 -3.16990262897 -4.08237139414 -3.31258058184 -2.51798651953 -3.02385498248 -3.47015838264 -2.34687117346 -2.66271062923 -3.44644429381 -3.18320191650 -3.84928059963 -2.89627925080 -3.07542351710 -3.73062954068 -3.34039292479 -3.19169929873 -3.13918189025 -2.97615855021 -2.90100858265 -2.99812634722 -2.74712670634 -2.52147876550 -2.50052729969 -3.21126868953 -1.78679204206 -2.50658501242 -2.32041483459 -2.03045747502 -3.50712589026
