# Number of parameters = 94 Objective function value = -279.410062290517  Maximum gradient component = 1.25465941223937e-005
# theta[1]:
-0.622668504585
# theta[2]:
3.75798161514
# theta[3]:
5.65243366404
# theta[4]:
5.89557902599
# theta[5]:
0.966614016252
# theta[6]:
4.00000000000
# log_rinit_devs:
 2.84868287387 1.75093549763 0.0134784785059 -2.22630332840 -2.38679352161
# log_rbar_devs:
 -0.311141459060 -1.54108033204 -0.599578561723 0.903215927232 0.106591338046 -1.17619640503 -0.156852351913 1.69199082648 -0.339297505782 -1.85852181345 -1.04340060178 1.82267352147 -0.643565328667 -1.52050211389 -1.09759661281 0.340558126842 0.0672393620083 0.832315840949 0.743055802866 -0.834315781587 0.140153328281 0.404745500919 0.0566281635148 1.25927820003 -0.539543848297 0.0402167556344 0.276706082257 0.618936087694 0.820158588263 0.584494889332 0.570368115232 -0.357387861692 -0.718219304192 0.231070750043 -1.56356299322 1.49888531669 -0.809180251394 0.896765333843 0.976595227730 0.227300041163
# mat_params[1]:
 3.67000000000 4.48000000000
# log_m_devs:
 0.156827265957 -0.265446185400 0.108618919442
# log_slx_pars[1]:
 1.51336817458 -0.285877317229
# log_ft_pars:
 -1.44380978580 -1.93228392243 -1.50093900713 -1.42237086263 -1.46839102842 -1.20629835643 -1.39466755061 -1.92695447695 -1.24156313883 -0.879564392064 -1.83027431295 -2.68089345656 -1.96871748477 -1.28877628233 -1.87762398019 -2.28857598643 -1.03908342060 -1.01466721050 -1.61152127309 -1.32123919389 -2.20794548314 -1.34328676213 -1.57672680147 -2.14929677480 -1.87059133293 -1.88097422003 -1.97005013794 -1.81746546881 -1.65464305584 -1.72833662235 -1.54305350129 -1.42162432264 -1.53780337792 -2.41602198412 -1.09330619381 -1.71017426686 -1.43434773865 -1.13515617826 -2.71701710034
