# Number of parameters = 206 Objective function value = -3707.84845011018  Maximum gradient component = 0.000474592581831889
# theta[1]:
-0.336269263348
# theta[2]:
7.26557936321
# theta[3]:
7.03356468397
# theta[4]:
7.42840215891
# theta[5]:
0.877355018724
# theta[6]:
4.00000000000
# log_rinit_devs:
 0.214125430337 0.152753904885 0.120132211379 -0.0829018927398 -0.404109653861
# log_rbar_devs:
 0.804648870337 0.633144025121 0.465953874124 0.536415397570 0.404124730025 0.716444839230 0.381511840480 0.364168372180 0.411964440937 0.568324511284 0.544026414254 0.491814960382 0.550228058106 0.619978604176 0.845255008084 0.861050657144 1.03332670895 0.843617117635 1.01943377436 0.784194564650 0.771147468830 0.832947123298 0.751392487086 0.524608667344 0.605912147321 0.645005971619 0.547174617487 0.915491712083 0.474936127135 0.261183710273 0.0261461635831 0.115453604576 0.132944061135 -0.288411324020 -0.488197092155 -0.687797864802 -0.981573308289 -1.05701584959 -1.11502811870 -1.21781452674 -1.22387928242 -1.32403924761 -1.34230668946 -1.38354769874 -1.29963756650 -1.85058018748 -2.05635185935 -2.34383767612 -1.89907013305 -0.466806627578 1.01186337551 -0.249197386920 -1.69047553361 -0.667524534441 0.937767532537 0.205789439229 -0.844934937781 0.0194809840287 1.72902855183 -0.105060641955 -1.86547580504 -0.761577392672 1.88264773218 -0.597101388027 -1.32862939936 -1.04069382822 0.431417307056 0.296510505717 1.33777180373 1.36817951327 -0.0804949994322 0.701556873740 1.05717134305 0.543202206370 1.92262544371 -0.290478807382 0.353368714143 0.302172793439 0.435584969134 0.447076267039 0.0217667818763 -0.0368765379938 -0.899333383521 -1.31383860359 -0.328167996288 -2.27407095535 0.915612540150 -1.31179960268 0.578514711985 0.471818006792 0.256728759545
# mat_params[1]:
 7.49420152801 10.3230004590
# mat_params[2]:
 7.59333789151 10.7296864216
# mat_params[3]:
 6.15885392725 9.11667799278
# mat_params[4]:
 5.07986337246 7.58317365856
# log_m_devs:
 -0.000193201304677 0.173220156300 -0.173026954995
# log_slx_pars[1]:
 1.35476155208 -0.379035391161
# log_slx_pars[2]:
 1.68633167449 -0.234464196733
# log_ft_pars:
 -1.03023962286 -1.12268714603 -1.55550271086 -1.43461266484 -1.14791777779 -1.06250415376 -1.17995881643 -1.61969738432 -1.28034065504 -2.14964382080 -2.36577456848 -0.764123050430 -4.67219014958 -0.729676180453 -3.58949850864 -2.79597694166 -2.57135852855 -2.09332618084 -1.95051265904 -2.86229091535 -2.95193064796 -2.99563304233 -3.21003806364 -2.62733339680 -2.91351134393 -3.54664741121 -2.95987161921 -2.31531479707 -2.28893950397 -1.70130284559 -1.17240845676 -1.19707684247 -1.59222355954 -1.97235183353 -1.89191349981 -1.16700590093 -1.74689626847 -2.14991668244 -4.86430333866 -4.84076263358 -3.99241835684 -3.48406983748 -3.74828904066 -3.91046465951 -3.66231430463 -3.52830905837 -2.39995853022 -2.84853937283 -8.79781864434 -3.92678485639 -2.08382288484 -1.82946991417 -2.40859423289 -2.06784776924 -1.97937457824 -1.96569271265 -1.77161412230 -2.09543230379 -2.56807205014 -1.78992271749 -1.50783931766 -2.64074786397 -3.37061059679 -2.48192876710 -1.83903039111 -2.56335873498 -2.95119882765 -1.63770333424 -1.77757396329 -2.52858091125 -2.34975150381 -3.14741638330 -2.19500019577 -2.31955183645 -2.88802414065 -2.50773883442 -2.44624365999 -2.42931436136 -2.08310888611 -1.71119222434 -1.80122366247 -1.64387903733 -1.52993845969 -1.64118227973 -2.49159790554 -1.12145257887 -1.66643090168 -1.52145423725 -1.45751306730 -3.19996544689
