# Number of parameters = 208 Objective function value = -3675.34305242832  Maximum gradient component = 0.000140482999233787
# theta[1]:
-0.332983998760
# theta[2]:
7.93008029557
# theta[3]:
6.87943133897
# theta[4]:
7.25847057981
# theta[5]:
0.904820316982
# theta[6]:
4.00000000000
# log_rinit_devs:
 -0.0452585571724 -0.0393327409485 0.0686475328749 0.0426359005726 -0.0266921353265
# log_rbar_devs:
 1.34837804088 1.14988320211 0.917841117219 0.946408912870 0.811931084207 1.10355152597 0.716603010207 0.612296774655 0.571807705078 0.577701584166 0.485822824564 0.417301633592 0.516830754143 0.627255071563 0.880981001273 0.807648182009 0.892030296614 0.669203893390 0.852441237890 0.638440217488 0.655467797940 0.745330185918 0.689193692796 0.492615658291 0.616307149177 0.689245172730 0.608507215873 0.994728685357 0.535087535547 0.276731534917 0.00432480853733 0.0870203658144 0.100332082904 -0.360222820224 -0.632809220502 -0.883753532302 -1.17599621111 -1.21759646978 -1.23450639469 -1.30574415367 -1.28255283984 -1.35213245648 -1.33680535862 -1.34413355318 -1.23619404134 -1.77934733216 -1.99094882584 -2.28909900084 -1.89453119299 -0.461283208102 1.01629980993 -0.228253730041 -1.66331924953 -0.650352744009 0.943422982250 0.209406850631 -0.848171226589 0.0280204685862 1.73042575037 -0.103661025923 -1.86928141387 -0.783839529552 1.84207342308 -0.624993815590 -1.36255941594 -1.07010003981 0.403763821849 0.263405259943 1.29729763283 1.32291069882 -0.122885810918 0.655524500737 1.00933267122 0.488338529981 1.87288919353 -0.339501425200 0.304164929728 0.249097104479 0.364875632580 0.362989255156 -0.0532265340174 -0.121286349934 -0.986919770358 -1.39631073850 -0.420826553354 -2.36447741540 0.803290263570 -1.44491876728 0.441685896617 0.373638574171 0.210438961766
# mat_params[1]:
 7.28246513035 10.3095401373
# mat_params[2]:
 7.58069394219 10.6835874576
# mat_params[3]:
 5.95750156311 8.92463763412
# mat_params[4]:
 4.70448211244 7.00303229460
# log_m_devs:
 0.118580534752 0.136709940981 -0.255290475732
# log_slx_pars[1]:
 0.583943230555 -4.04580190242
# log_slx_pars[2]:
 1.51580418755 -0.364411304051
# log_slx_pars[3]:
 1.53441625602 -0.395684930133
# log_ft_pars:
 -2.20192849235 -2.23816842101 -2.56661409352 -2.40476792438 -2.08119191527 -2.08179590242 -2.07612406318 -2.41915207596 -2.01290099485 -2.79733561593 -2.87528981146 -6.70133851634 -5.24523538542 -6.79411366908 -4.31081264926 -3.35515588111 -1.88305271861 -1.43027635141 -1.27861870500 -2.18889857607 -2.31891293428 -2.38578541952 -2.62904332915 -2.09164779340 -2.41159657086 -3.06689683618 -2.51310246783 -1.86157754661 -1.86498617504 -1.32829171719 -0.798760020724 -0.750620175408 -1.07122405760 -1.45175140592 -1.39350310042 -0.616114426095 -1.11493314441 -1.49755405138 -4.23644047790 -4.25699277514 -3.44427807446 -2.96603281837 -3.24639535916 -3.44511148100 -3.24450319597 -3.16010617120 -2.07198648049 -2.55342290069 -9.20049520389 -4.38449098714 -2.64771885003 -2.40758289331 -2.86062579485 -2.36369062112 -2.35504760631 -2.44822575330 -2.22041458453 -2.43498267630 -2.98572497556 -2.29695776951 -1.92276641307 -2.87776016987 -3.69162776470 -2.94738050941 -2.21990793339 -2.74929420195 -3.13110747905 -1.95790211764 -2.21165224212 -2.99133849176 -2.77372024628 -3.46351159987 -2.48300354245 -2.64089177068 -3.25989728125 -2.90083168224 -2.77174597953 -2.64994999610 -2.31013823957 -1.92255916904 -2.05012614874 -1.87407979167 -1.72425310480 -1.79719661393 -2.60953697737 -1.25074484990 -1.85507686946 -1.79776080288 -1.71952960595 -3.39664462355
