# Number of parameters = 201 Objective function value = -3527.87697487650  Maximum gradient component = 0.00157522525324678
# theta[1]:
0.162904331055
# theta[2]:
10.6283188881
# theta[3]:
9.46491280168
# theta[4]:
9.78773357180
# theta[5]:
0.532448271244
# theta[6]:
4.00000000000
# log_rinit_devs:
 -0.293108324289 -0.176646210380 0.0639088711391 0.103868265659 0.301977397871
# log_rbar_devs:
 1.21678582918 0.992191812194 0.714914985709 0.722090477590 0.545996109853 0.963119070385 0.522595496055 0.437427804625 0.420559680878 0.506815958542 0.410009467388 0.345077761467 0.414951900863 0.475051873991 0.701484501145 0.558065645478 0.681414122803 0.474920573123 0.754229084167 0.476023632442 0.457429001581 0.530303054781 0.419974415617 0.118797642423 0.211932791996 0.233750145759 0.0829138357698 0.532261499468 -0.00530626908761 -0.202128894276 -0.346018911838 -0.0592289751819 0.0708513505682 -0.381072884852 -0.529571028267 -0.636704620587 -0.890968388488 -0.960619418537 -1.05731697965 -1.23590862987 -1.27557789779 -1.41581461791 -1.44121445117 -1.47933877232 -1.35057208038 -1.91659714969 -2.02730916168 -2.24143868657 -1.76048635933 -0.300129175901 1.32360980181 -0.0553514246286 -1.40291383333 -0.422673192955 1.14882131211 0.427038430377 -0.614447508947 0.215421188145 1.90249409354 0.155235289710 -1.51487048751 -0.579078785357 1.93957735835 -0.424104491850 -1.18279844454 -0.927719218069 0.476470047118 0.395748489134 1.40730775711 1.43284320592 0.0253769710649 0.791084804531 1.09927837163 0.602233351733 1.87598573136 -0.311701681782 0.242523323209 0.244712477791 0.503365571512 0.728529187176 0.329244595405 0.281988850166 -0.704098538214 -1.15929056852 -0.188943607343 -2.18536258822 1.07297853907 -1.29140880268 0.424389399225 0.146106351715 0.293782502579
# mat_params[1]:
 8.47849730355 11.2459796233
# mat_params[2]:
 6.88219428194 9.23043906831
# log_m_devs:
 -0.0294306130748 0.0294306130748
# log_slx_pars[1]:
 1.73423870965 -0.215208800039
# log_slx_pars[2]:
 1.88650722186 -0.333530043851
# log_ft_pars:
 -2.32420405999 -2.36970925793 -2.76258480018 -2.58192522748 -2.24465226123 -2.12963308787 -2.21657074961 -2.62447574262 -2.23352048572 -2.97812222739 -3.05035050467 -6.44467080489 -5.35817771266 -6.18444303180 -4.24241774770 -3.29677102092 -2.97222191341 -2.54157132324 -2.45797070245 -3.39187664866 -3.49156381675 -3.53170221104 -3.72337294650 -3.13289373322 -3.41255958903 -4.00221458179 -3.37136169654 -2.71471183619 -2.68319371605 -2.15365905434 -1.72369442298 -1.83695006791 -2.29856253439 -2.73672561010 -2.74148263489 -2.12837466811 -2.79118525918 -3.20202770526 -5.86536622002 -5.76641077776 -4.85677267450 -4.29729441220 -4.50512745151 -4.64382829505 -4.40158574844 -4.26973347509 -3.21021179559 -3.72649104426 -10.4250560956 -5.82954948713 -4.37454672578 -3.96932583056 -4.38175244327 -3.96205217469 -4.03049373852 -3.99257862123 -3.72188884672 -4.00059837932 -4.62003684540 -3.78442200123 -3.39869427805 -4.42754225950 -5.28741418934 -4.33116332619 -3.56779032808 -4.18593684339 -4.59103800084 -3.36166297260 -3.69742739050 -4.45272588895 -4.15500537998 -4.86643417958 -3.91147612237 -4.02375157697 -4.68049787048 -4.19321848108 -4.02790187414 -3.93821957820 -3.59178987444 -2.43061656141 -2.31314792704 -2.06999884107 -1.92326304485 -2.01826443490 -2.81199879278 -1.37211387126 -1.97784957944 -1.71857554336 -1.56249554303 -3.20559985163
