# Number of parameters = 204 Objective function value = -3583.46291836003  Maximum gradient component = 0.000681177214472199
# theta[1]:
0.161600288212
# theta[2]:
9.77215744086
# theta[3]:
10.0139071401
# theta[4]:
10.3519367079
# theta[5]:
0.651332164726
# theta[6]:
4.00000000000
# log_rinit_devs:
 -0.0708399257055 -0.0649102562579 0.0681581074578 -0.0124024942097 0.0799945687153
# log_rbar_devs:
 0.142424164874 0.0217343193223 -0.140507146181 -0.00219817372373 -0.0705297173428 0.423456906893 0.135819828554 0.170941822145 0.287149702534 0.465989336546 0.452432889116 0.470309798576 0.610499001740 0.693798796877 0.884523523622 0.667656885894 0.613705637559 0.442313217303 0.703035524808 0.439158801819 0.411980867338 0.470462060323 0.359787601211 0.0730183663394 0.151781858952 0.162104429551 0.0138289809209 0.427392456516 -0.0634412985934 -0.232739055209 -0.348569128263 -0.0695029687735 0.0627585077476 -0.348753756698 -0.476844953557 -0.568474494816 -0.803815709754 -0.872130865208 -0.965201235746 -1.13477960941 -1.17315090247 -1.30472125421 -1.32921352704 -1.36396279962 -1.24110869715 -1.75142327952 -1.83130323959 -2.02044408622 -1.50706415894 -0.0842628342647 1.55208995979 0.210630569900 -1.17553127208 -0.186238829616 1.40545712923 0.666260363613 -0.389380871143 0.447667746467 2.19318504203 0.388272697720 -1.37139142971 -0.355748954583 2.22932251962 -0.212909632356 -0.984300952471 -0.739291787402 0.683077849431 0.594819170260 1.61882559191 1.64857301852 0.197131366657 0.960102911786 1.25720623863 0.706971794596 1.96421513550 -0.332124879715 0.178556639849 0.155934982073 0.394378410813 0.612764169844 0.217458487635 0.155711820605 -0.866875167482 -1.32382624590 -0.364640372408 -2.36101431628 0.890870247619 -1.41804763400 0.335483852677 0.0831397104211 0.279292523174
# mat_params[1]:
 8.18480355356 10.3176722436
# mat_params[2]:
 9.39041083543 12.3285870133
# mat_params[3]:
 7.20567939995 9.57629061417
# log_m_devs:
 0.0232432355052 -0.0461893215966 0.0229460860914
# log_slx_pars[1]:
 1.77045045885 -0.212641540415
# log_slx_pars[2]:
 1.91659040795 -0.337506279067
# log_ft_pars:
 -1.27885216531 -1.43402242541 -1.92465894674 -1.85349129647 -1.62417537257 -1.64839250978 -1.85143658743 -2.37105342269 -2.10099596974 -2.98359948309 -3.17194270428 -1.97305902101 -5.64816690697 -0.995591108618 -4.61761642077 -3.70476240761 -3.35147838418 -2.94379148115 -2.85389833313 -3.78683823524 -3.88343364063 -3.92068819686 -4.10774467583 -3.51860601778 -3.80058034865 -4.38565162026 -3.74663541530 -3.06586435966 -3.03312437992 -2.51702329451 -2.12213329792 -2.26058578796 -2.72058533684 -3.16569976639 -3.19103432628 -2.60991526475 -3.30400179630 -3.72818220855 -6.39701741958 -6.30087440764 -5.39382597682 -4.83930865557 -5.04421605239 -5.18699285550 -4.95264267472 -4.82699074165 -3.78451019434 -4.33540009824 -11.0542355237 -6.38168646983 -4.90188322932 -4.47042952929 -4.86869969477 -4.46569895022 -4.56459075242 -4.51065303102 -4.22741400999 -4.51251132521 -5.17525696759 -4.32134390008 -3.92744098801 -4.96166763522 -5.85294663395 -4.87097602530 -4.09513906251 -4.72175673281 -5.11525660904 -3.85380843443 -4.18566791401 -4.93788214736 -4.62433423225 -5.33161805576 -4.37079368192 -4.45680972345 -5.08351624428 -4.56158559619 -4.36415958408 -4.24923125480 -3.85021526276 -2.61437987460 -2.43127053570 -2.15975644722 -2.00153482798 -2.09464026058 -2.88275371473 -1.43385828008 -2.02759363028 -1.80921255092 -1.70532189865 -3.40352968874
