# Number of parameters = 207 Objective function value = -3682.09712442282  Maximum gradient component = 0.000675044747475325
# theta[1]:
-0.326569480785
# theta[2]:
7.08197738265
# theta[3]:
6.60540330768
# theta[4]:
7.17093007607
# theta[5]:
0.508057969616
# theta[6]:
4.00000000000
# log_rinit_devs:
 0.238724307944 0.145278301701 0.105992967413 -0.0685237305252 -0.421471846533
# log_rbar_devs:
 1.06316782723 0.879533421105 0.708816337706 0.772702100663 0.640408104998 0.917723733087 0.561754212675 0.515213970512 0.514626167752 0.635890178526 0.611700218139 0.533964331964 0.578564088996 0.616982960379 0.777128338573 0.758117278408 0.871164970304 0.690256543977 0.838532832467 0.609604155075 0.605975892837 0.674120384691 0.609374343786 0.405599815528 0.489211094245 0.541335237080 0.465882584340 0.826265619714 0.421695846617 0.224631292983 -0.0300977494403 -0.0117511864655 -0.0471055284013 -0.474455591855 -0.693322030268 -0.967961036379 -1.34964619679 -1.47796155699 -1.54258899192 -1.61414721552 -1.59971342968 -1.67780255456 -1.68184111155 -1.70883663432 -1.60433681902 -2.11299383720 -2.31575850581 -2.60898923492 -2.13516517331 -0.687337783333 0.746898930685 -0.509759190729 -1.95835862916 -0.929051608470 0.668108567766 -0.0617842131458 -1.10386571862 -0.234444425189 1.45157231907 -0.380138892231 -2.13842340219 -0.982857786380 1.67444650464 -0.781216872698 -1.48672122190 -1.17127189337 0.314673863002 0.178387535609 1.23204786054 1.26658576898 -0.166200187726 0.621423009443 1.00229669311 0.524644144623 1.82572088910 -0.248970397303 0.465006739675 0.600748830699 0.990857985599 1.33792413429 0.904674064559 0.861596793316 -0.0266050118850 -0.456575623519 0.553182537282 -1.46734340709 1.81065273028 -0.624700767735 1.18566024282 0.933822605734 0.559224781895
# mat_params[1]:
 7.08971125067 10.0433209892
# mat_params[2]:
 7.13421324125 10.4895066071
# mat_params[3]:
 5.47726427056 8.29411237678
# mat_params[4]:
 5.43079340265 7.87543828768
# log_m_devs:
 -0.103890382357 -0.00114540624534 0.00298963195356 0.102046156649
# log_slx_pars[1]:
 1.23604033528 -0.569728278916
# log_slx_pars[2]:
 1.67808318359 -0.210299913825
# log_ft_pars:
 -1.16507406821 -1.24660473823 -1.66259733429 -1.53254060133 -1.24142274792 -1.14453646947 -1.23771454732 -1.64316884581 -1.27167197483 -2.10867358197 -2.30475393784 -0.834038402765 -4.56967560205 -0.839991341842 -3.44477061885 -2.61447934161 -2.33701032035 -1.86266641601 -1.70604651360 -2.61914272062 -2.71944664504 -2.77845655502 -3.00996191525 -2.43938474988 -2.73738975306 -3.39143809797 -2.82128454727 -2.17714080675 -2.15775598832 -1.56191908872 -1.01145342658 -0.993606784419 -1.34254788034 -1.69571022104 -1.59217389131 -0.803701281959 -1.29664118739 -1.65161876964 -4.36989477017 -4.37863486549 -3.55590326589 -3.06767859456 -3.34931684204 -3.53127781928 -3.30406122073 -3.18948097592 -2.05731490461 -2.51574673748 -8.44068899163 -3.54860038405 -1.58607221491 -1.35384245849 -1.97970728558 -1.67413114647 -1.54434668851 -1.51960973764 -1.32272740011 -1.67068945252 -2.11289957388 -1.33047294729 -1.05084758918 -2.23431308697 -2.97319911485 -2.10625304136 -1.49201564009 -2.27202369116 -2.71458487406 -1.40834145156 -1.48506494513 -2.23094378185 -2.09118128343 -2.93582958082 -2.01062833180 -2.16006548866 -2.68907803668 -2.32657800127 -2.29500429481 -2.34559491671 -2.11883973490 -1.93049154701 -1.99976362716 -1.82158122754 -1.68334151225 -1.76590896187 -2.57804671591 -1.20789066665 -1.88993293455 -1.70137737002 -1.54453130072 -3.13890265074
