# Number of parameters = 201 Objective function value = -3570.83402430296  Maximum gradient component = 0.000431674131656564
# theta[1]:
-0.0994425101259
# theta[2]:
8.79479414076
# theta[3]:
8.12812587811
# theta[4]:
8.39169797829
# theta[5]:
0.891848436854
# theta[6]:
4.00000000000
# log_rinit_devs:
 -0.0949016693873 -0.0389810776276 0.0920368436513 0.0527232185784 -0.0108773152148
# log_rbar_devs:
 0.864553337615 0.703857354455 0.510355677472 0.521099820709 0.371708154879 0.650121812638 0.313358798989 0.250746556675 0.244665778627 0.344356533141 0.315796958902 0.310231719669 0.400404405460 0.488508553650 0.705794024498 0.653444336121 0.783058160724 0.599705174110 0.777240146226 0.563639196410 0.548542930517 0.599623638128 0.517012176714 0.301071367946 0.375214382985 0.395824879076 0.278581732188 0.593026337786 0.146314216136 -0.0767626983435 -0.273195613436 -0.143470598272 -0.102875895204 -0.494780591972 -0.673273153970 -0.813172491024 -1.03008189651 -1.08280173713 -1.14585700287 -1.26439862829 -1.28743618335 -1.38104565480 -1.39169309613 -1.41642174947 -1.31644675690 -1.74694620557 -1.81709721140 -1.96945001749 -1.42742537018 0.00983615902352 1.61240957240 0.274238611417 -1.15453655570 -0.143613289362 1.47540067066 0.727597367606 -0.328748411128 0.519856022105 2.25565886748 0.427719749239 -1.35063768881 -0.304282129139 2.31478713986 -0.180476733325 -0.935452473135 -0.679968437038 0.777085806812 0.671655044478 1.72378054985 1.75190333966 0.287650554234 1.05686597382 1.38751235548 0.842841996563 2.27840026637 -0.0798971388487 0.441135783761 0.239546706143 0.199217646220 0.0408055112431 -0.368568579871 -0.452362762121 -1.37708829316 -1.82248545042 -0.862214225647 -2.82138978232 0.344579934576 -1.90304749749 -0.0729541920647 -0.214577394415 0.118589794848
# mat_params[1]:
 7.70993356177 10.6550899775
# mat_params[2]:
 5.56476191667 8.19470305659
# log_m_devs:
 -0.0284656472696 0.0540188719379 0.174660346002 -0.200213570670
# log_slx_pars[1]:
 1.61989018734 -0.249599306711
# log_ft_pars:
 -1.49597434760 -1.55715979755 -1.98704485460 -1.84510492628 -1.53931815813 -1.40239941855 -1.48827088557 -1.91081529153 -1.53307037734 -2.30713747293 -2.43123129760 -3.16989214679 -4.85075200921 -2.00503894232 -3.77496958659 -2.87965875224 -2.58869471527 -2.12632385158 -1.99110212507 -2.90703140359 -3.00656768214 -3.04461901670 -3.24739688554 -2.67846105070 -2.97418455490 -3.58609859670 -2.98128708740 -2.29494886663 -2.25571318328 -1.70780379203 -1.23223858884 -1.27240165520 -1.65553424817 -2.05706274436 -2.03073171452 -1.36864157792 -2.01091918263 -2.44123637114 -5.14793110477 -5.10129734839 -4.23362715105 -3.71237492290 -3.95439030315 -4.12110093886 -3.89485776805 -3.79303597789 -2.75647373457 -3.31583870006 -10.0783309991 -5.44149948618 -3.96803122372 -3.57265485140 -3.92200566832 -3.40809954539 -3.53982576851 -3.55868080121 -3.26908750192 -3.48968458188 -4.18395415432 -3.38658743639 -2.94811153329 -3.87389834479 -4.83672746217 -3.96074907402 -3.15484727294 -3.64870896074 -4.04598732652 -2.88026036088 -3.26502935888 -4.03630092054 -3.71978011379 -4.37358098399 -3.40278819847 -3.52150963501 -4.25307366315 -3.78941515679 -3.58637502414 -3.38786470573 -2.91311632328 -2.43992683068 -2.49718069282 -2.26596207823 -2.07602214888 -2.11575470307 -2.88830871161 -1.47955568817 -2.17198235471 -2.05542135602 -1.96092336673 -3.61412143296
