# Number of parameters = 204 Objective function value = -3548.47821223271  Maximum gradient component = 0.000219074435551834
# theta[1]:
0.0759529129718
# theta[2]:
9.68867310364
# theta[3]:
9.25008728359
# theta[4]:
9.57109763055
# theta[5]:
0.530340536825
# theta[6]:
4.00000000000
# log_rinit_devs:
 -0.119988555611 -0.0673141287672 0.0824853969260 0.0512574322688 0.0535598551833
# log_rbar_devs:
 0.647011272271 0.496757233356 0.308007388567 0.369351240562 0.254050325527 0.613850545614 0.294106039684 0.263367663882 0.288130650319 0.400865852205 0.350000096062 0.306618615682 0.370493621269 0.439414191407 0.662080871091 0.598245748883 0.746537683238 0.557032238150 0.757786783503 0.514172310786 0.480732763593 0.520268871077 0.413342416145 0.155686146918 0.215148231527 0.215704758239 0.0739174396230 0.411497188720 -0.0514031310552 -0.245153638190 -0.394502685171 -0.194831195008 -0.113107438498 -0.503718489255 -0.650386457520 -0.760246505042 -0.981732399056 -1.04963146342 -1.13730868294 -1.28971960685 -1.33118249446 -1.45083662914 -1.47785470920 -1.51661082875 -1.42222992923 -1.89728157486 -1.98438445308 -2.16700283993 -1.66428004247 -0.229627271306 1.39568344228 0.0530686658873 -1.34380496309 -0.344821293026 1.25418577560 0.521036134407 -0.521537447908 0.315331358776 2.03327300715 0.249986315198 -1.49568625243 -0.482001892606 2.08384166926 -0.346591423952 -1.10293965196 -0.854734636545 0.575711999875 0.485210214822 1.51891282404 1.54806533056 0.112427728656 0.874884302876 1.19339226359 0.678529264603 1.98521420191 -0.259247198829 0.323020171569 0.331339259886 0.621081536378 0.901880054698 0.486592317148 0.455158039422 -0.504958608648 -0.965184221938 -0.000880516282362 -2.05663347823 1.18146063756 -1.20673583455 0.542884512380 0.254411573533 0.298029094460
# mat_params[1]:
 8.42437127592 11.2818772823
# mat_params[2]:
 6.75404124274 8.99622014972
# mat_params[3]:
 6.95742805099 9.40481351492
# log_m_devs:
 -0.0725551280345 0.00385782333485 0.0686973046996
# log_slx_pars[1]:
 1.70784337968 -0.212525197684
# log_slx_pars[2]:
 1.86056465066 -0.363286679985
# log_ft_pars:
 -1.84629093290 -1.93346418514 -2.38054654651 -2.25948264108 -1.98477550645 -1.90232724542 -2.03471495370 -2.49498131542 -2.15705092496 -2.95817109651 -3.08099461804 -3.02779739533 -5.45497407199 -1.61219450883 -4.32207185876 -3.41700709084 -3.12946744735 -2.67140355234 -2.55150613986 -3.46842285522 -3.55310524134 -3.57747726691 -3.75872055808 -3.16601570448 -3.44333111491 -4.02941094428 -3.39434535042 -2.70032760389 -2.65170055026 -2.10899905166 -1.67204247821 -1.77105851149 -2.20130249248 -2.62320502118 -2.61842886036 -2.00125246107 -2.67652645038 -3.10273880044 -5.78313665179 -5.70121265959 -4.80461085495 -4.25816646607 -4.47611884338 -4.62215029678 -4.37935404396 -4.25448303036 -3.20672695671 -3.74899086528 -10.4812405944 -5.85839797821 -4.40407421437 -3.97712070256 -4.34592052636 -3.89009357068 -4.01429220529 -3.99197329917 -3.70500501233 -3.96496192402 -4.64662086651 -3.81065474407 -3.39184362911 -4.37739024533 -5.31099966136 -4.37044084467 -3.57919081536 -4.14388140259 -4.55043828989 -3.34694343240 -3.72195597797 -4.48201532566 -4.16110747423 -4.84512474192 -3.88659681320 -3.99492338509 -4.68386723931 -4.18338294305 -3.99641468057 -3.88069027407 -3.54398951071 -2.37594868991 -2.29659089997 -2.07866816029 -1.94469493015 -2.03830238462 -2.82847080877 -1.39064553033 -1.99140122293 -1.80225264134 -1.68833525032 -3.35767352937
