# Number of parameters = 205 Objective function value = -3711.28105236827  Maximum gradient component = 9.66197483991115e-005
# theta[1]:
-0.313092354972
# theta[2]:
7.43255768906
# theta[3]:
7.06135518983
# theta[4]:
7.45476245495
# theta[5]:
0.800442388996
# theta[6]:
4.00000000000
# log_rinit_devs:
 0.162758831947 0.123764066294 0.119407145790 -0.0464758899348 -0.359454154096
# log_rbar_devs:
 0.862027034655 0.695967639356 0.528585251448 0.590152989689 0.458966443999 0.752065337244 0.421460943250 0.391844058901 0.417359916955 0.549223763049 0.509464841862 0.444679720471 0.479989469609 0.534200785726 0.759220762581 0.799767477040 1.01364239997 0.822469556344 0.986162417076 0.757244446129 0.744415681138 0.803399716643 0.724597675025 0.505536772161 0.583325543250 0.621523819399 0.528209906213 0.881229338682 0.456015189523 0.245390349032 0.0108888433724 0.0884480906982 0.0995636535603 -0.310108646296 -0.507405952849 -0.706622787065 -0.994861989513 -1.06840388637 -1.12260734790 -1.21916874992 -1.22232432644 -1.31734831647 -1.33304180056 -1.36954992491 -1.28747707187 -1.82646714910 -2.03319478748 -2.32350048356 -1.88777805661 -0.456503730476 1.02457762353 -0.237534318197 -1.68585384853 -0.660466557162 0.950763510526 0.216025607731 -0.834880069223 0.0292864173100 1.74469398536 -0.0947866072545 -1.86342201987 -0.750274674167 1.90321203022 -0.588077253942 -1.31829054928 -1.03163730075 0.445132087502 0.308767162129 1.35531764394 1.38658463902 -0.0694049428803 0.711677451299 1.06683229170 0.544275821668 1.92637350875 -0.312139625526 0.321834983615 0.258951127889 0.380177411235 0.375665016699 -0.0320435508128 -0.0695907275452 -0.878000826909 -1.24379016952 -0.206328840826 -2.08706653331 1.19060568730 -1.25159342510 0.512749247841 0.223043225888 0.257960532958
# mat_params[1]:
 7.53361507763 10.5722519196
# mat_params[2]:
 6.16395940891 9.08869910847
# mat_params[3]:
 5.16935873709 7.66780025266
# log_m_devs:
 -0.0330877744792 0.163385529966 -0.228220649521 0.0979228940343
# log_slx_pars[1]:
 1.35043672375 -0.383978363132
# log_slx_pars[2]:
 1.69288247257 -0.236786915133
# log_ft_pars:
 -1.19762493704 -1.28460630135 -1.71356147962 -1.58610871319 -1.29885774910 -1.20438808582 -1.31505509849 -1.74544700595 -1.39257048800 -2.23624082619 -2.42530136861 -0.924343550114 -4.71231243307 -0.799611114514 -3.58137951877 -2.77579653491 -2.55891983312 -2.08048607482 -1.93721449607 -2.84868324639 -2.93782335661 -2.98196145176 -3.19683744190 -2.61416347979 -2.90230159227 -3.53788202568 -2.95224466930 -2.30651958196 -2.27846436550 -1.68901958870 -1.15994827743 -1.18588726216 -1.58037099392 -1.95870218450 -1.87739538931 -1.15274005233 -1.73527952287 -2.14250886447 -4.86236909275 -4.84376549161 -4.00031242570 -3.49669335330 -3.76697599283 -3.93298579223 -3.68598218107 -3.55401816728 -2.42899057321 -2.87933993227 -8.79239610999 -3.91801883030 -2.07323863289 -1.81737660517 -2.39817405512 -2.05953728208 -1.96923301891 -1.95242925611 -1.75935428873 -2.08552205650 -2.55893905722 -1.77907592348 -1.49919671726 -2.63516052658 -3.36542839434 -2.47445623760 -1.83454286071 -2.56217144227 -2.94694077640 -1.62885814747 -1.76936814722 -2.52149877124 -2.34315862537 -3.14183939094 -2.18836421312 -2.30835372987 -2.87277899453 -2.48871134346 -2.42370812572 -2.40172670760 -2.04146669119 -1.64969562047 -1.75244870624 -1.61265311424 -1.52012683730 -1.65952869259 -2.54514002759 -1.21970860527 -1.85176053885 -1.54862439863 -1.31242232876 -2.86988489541
