# Number of parameters = 200 Objective function value = -3601.37740394553  Maximum gradient component = 0.000374015067456057
# theta[1]:
-0.328618059380
# theta[2]:
7.60533264554
# theta[3]:
6.58676792620
# theta[4]:
7.04391630526
# theta[5]:
0.719687746859
# theta[6]:
4.00000000000
# log_rinit_devs:
 0.0794412445131 0.0818577840816 0.123171543485 -0.00700983017230 -0.277460741907
# log_rbar_devs:
 1.41833966574 1.23962642911 1.04863448251 1.06107535552 0.887155533214 1.14474616947 0.752502490239 0.657087979975 0.614311247423 0.695384731963 0.636516508789 0.601780862185 0.679013099897 0.762746638602 1.00269976505 0.987555677115 1.13755455052 0.930147228573 1.09645771878 0.874657178956 0.877805427540 0.954515384277 0.890496757738 0.687194369385 0.792615209773 0.855530435168 0.774839172265 1.15165047983 0.710660506698 0.471027646655 0.200535035004 0.257427404179 0.250571867920 -0.203923930037 -0.473408264596 -0.751657010738 -1.09168601003 -1.17628849598 -1.22055272887 -1.30383194443 -1.29806314244 -1.38606197402 -1.39305528420 -1.42109634956 -1.33555237356 -1.93138514743 -2.25002137768 -2.67577205075 -2.39133030637 -0.908041048206 0.523514288650 -0.696725960670 -2.11403458868 -1.10179574383 0.463469041636 -0.252823622731 -1.28911262892 -0.408590579911 1.24001734533 -0.548702520086 -2.29133241710 -1.19878713790 1.38268039412 -1.00543992938 -1.72125978438 -1.40986058030 0.0635316460519 -0.0745903601345 0.952231711195 0.978971133592 -0.432085933408 0.341313910173 0.715889661659 0.240502930155 1.52762254510 -0.487314412268 0.242859584256 0.394904853745 0.775415851629 1.07487636718 0.645580854240 0.582203387917 -0.341332929006 -0.797370984510 0.177137547109 -1.87809321854 1.34936875005 -1.10370587089 0.683802139894 0.460218980145 0.445710707658
# mat_params[1]:
 7.23685458770 10.3097046961
# mat_params[2]:
 5.03890194736 7.61531763377
# log_m_devs:
 -0.0292973428779 0.0923091589957 -0.0630118161178
# log_slx_pars[1]:
 1.43349288799 -0.351625652614
# log_ft_pars:
 -1.18846238239 -1.25447783153 -1.67872137985 -1.53150416454 -1.21133137479 -1.05391918775 -1.11180632113 -1.49580244093 -1.07353881877 -1.83045991567 -1.96663887203 -1.38840422529 -4.32382873125 -1.14779193908 -3.23574875143 -2.39182636416 -2.12547879408 -1.65170948263 -1.49060602842 -2.39956331746 -2.51100061759 -2.56816260942 -2.80068526608 -2.24555427063 -2.55223051791 -3.20240992223 -2.63977705831 -1.99307116042 -1.98570361146 -1.42469236586 -0.886455947365 -0.849680474302 -1.18008948568 -1.54418033596 -1.45718080607 -0.664516896416 -1.14340139704 -1.49837408199 -4.21534668041 -4.22127766937 -3.39318766095 -2.89754067054 -3.16443851396 -3.34207476210 -3.11456405442 -2.99642523864 -1.84497532572 -2.24567250784 -8.82694055236 -4.08345127075 -2.34017682713 -2.07635304158 -2.48834511680 -1.99704555639 -2.03285750143 -2.13262115998 -1.86128004604 -2.08216335379 -2.67282618690 -1.97497378104 -1.52931463806 -2.49907094656 -3.40056339659 -2.67637734157 -1.89626981142 -2.44281703399 -2.92146538127 -1.78929003127 -2.02837327960 -2.81116574778 -2.58676436765 -3.28393877981 -2.34080001900 -2.52638114437 -3.13426517169 -2.77774081961 -2.65123133946 -2.62661035897 -2.47313045588 -2.38434608502 -2.48064245279 -2.23832633990 -2.02915678237 -2.02358488258 -2.78029451361 -1.41742988782 -2.22796928540 -2.16134494128 -1.93454383274 -3.48612624663
