# Number of parameters = 203 Objective function value = -3573.84867843514  Maximum gradient component = 0.00130933895223767
# theta[1]:
-0.147794425582
# theta[2]:
7.26846479778
# theta[3]:
8.06839939038
# theta[4]:
8.49979773202
# theta[5]:
0.417340068684
# theta[6]:
4.00000000000
# log_rinit_devs:
 0.247856453470 0.134847225188 0.107509947026 -0.0943267245360 -0.395886901149
# log_rbar_devs:
 -0.0708397903400 -0.195909518777 -0.326473997100 -0.128663977494 -0.152299346504 0.348474208960 0.101145997285 0.201112780735 0.357340567675 0.600443142902 0.608599713385 0.535764219815 0.469640213259 0.573466030193 0.781270373092 0.880310258354 1.23060586941 1.00215170059 1.22443381509 0.940575686438 0.914870175040 0.974731105962 0.867196453844 0.590858641959 0.682629507368 0.705295761331 0.554857661177 0.971270851667 0.418615973684 0.169374829951 -0.0456928527715 0.141675700585 0.197414001649 -0.297271635046 -0.521343292915 -0.701246873633 -0.988328634845 -1.08061312954 -1.19229637424 -1.37369153633 -1.43687831367 -1.58422053647 -1.62586531975 -1.68075309568 -1.57595261286 -2.14489667647 -2.28770954101 -2.51345981134 -2.01308084364 -0.543753238105 1.02087405112 -0.329602618149 -1.72197146933 -0.707465342778 0.885691769394 0.164178497889 -0.882699087792 -0.0275724825450 1.65524588278 -0.111886917642 -1.80339845115 -0.792307589469 1.78114815989 -0.627844308122 -1.36814144557 -1.08462589287 0.355604405526 0.252466200108 1.28514648022 1.31398501532 -0.110639829483 0.673276528365 1.01532626184 0.530298336054 1.80886760251 -0.301637574628 0.337167509022 0.387924520092 0.646507561022 0.789395549493 0.422882362705 0.408607774307 -0.351641041937 -0.684257424143 0.353049247837 -1.45242977364 1.83636407997 -0.504541333432 1.16454948187 0.783236980442 0.427984032035
# mat_params[1]:
 7.39112508935 10.2464179628
# mat_params[2]:
 7.16159252843 10.0792758671
# log_m_devs:
 -0.209715977454 0.129791373259 -0.0648621871604 0.144786791356
# log_slx_pars[1]:
 1.20285862536 -0.164306046752
# log_slx_pars[2]:
 1.65573615207 -0.300020686236
# log_ft_pars:
 -1.39168840101 -1.55170367938 -2.02457250597 -1.98767614148 -1.80919092765 -1.92911094969 -2.16165340359 -2.70710780442 -2.49521765357 -3.47535189321 -3.72764609257 -0.440877437752 -5.87799728098 -0.636743612615 -4.80148254793 -4.05270850551 -2.81505269978 -2.33395043974 -2.18722980775 -3.08609171578 -3.16965609694 -3.18824118541 -3.36972419921 -2.78917555246 -3.06636821009 -3.65269363601 -3.03209434668 -2.34945588048 -2.31707871102 -1.79025102615 -1.32377158341 -1.33867988445 -1.69413297574 -2.08327342335 -2.05112251048 -1.36809216021 -1.94885826800 -2.31908451065 -4.96334913070 -4.86190647863 -3.94025812526 -3.36392044876 -3.54247521175 -3.66501059331 -3.41081476904 -3.27349961311 -2.18569434681 -2.67678781322 -9.34632091068 -4.63956660630 -3.04530580408 -2.77865215190 -3.29502739121 -2.87057011884 -2.81921071141 -2.83300075725 -2.63386717460 -2.90830767886 -3.41352841348 -2.65658831281 -2.34858198951 -3.39185031491 -4.14608497416 -3.28982059501 -2.62103203405 -3.25211727558 -3.60332334557 -2.35916708208 -2.63519361530 -3.41131322408 -3.19723184209 -3.93694046802 -2.95831813569 -3.09614821100 -3.70274458043 -3.29453099736 -3.19375273215 -3.13237503904 -2.82485535080 -2.58423660526 -2.74547156969 -2.60867798308 -2.50021518269 -2.62637543173 -3.47824804630 -2.17907054556 -3.09889034971 -2.92386198194 -2.75897426365 -4.26666641296
