# Number of parameters = 201 Objective function value = -3633.34418094199  Maximum gradient component = 0.000273663534692448
# theta[1]:
-0.359698781006
# theta[2]:
7.63529235075
# theta[3]:
6.70030377867
# theta[4]:
7.11569395844
# theta[5]:
0.785808550063
# theta[6]:
4.00000000000
# log_rinit_devs:
 0.0913749434400 0.0963182681416 0.125800368805 -0.00836868302391 -0.305124897363
# log_rbar_devs:
 1.31202316450 1.14710715947 0.971811565078 0.977608554345 0.809404297408 1.02965752704 0.666163446461 0.572445186898 0.531237722186 0.603176481100 0.542163025817 0.497177699194 0.549428876658 0.610611869790 0.822936224088 0.805958394123 0.925848855234 0.727305565777 0.869882781790 0.672623420131 0.681733902921 0.757002631073 0.705812266203 0.530007304115 0.635125444773 0.702130995851 0.635914247265 0.974542707415 0.570700953139 0.333257621668 0.0620563726259 0.0906283051709 0.0702577291262 -0.356076072015 -0.627789510916 -0.907842576747 -1.22585088421 -1.29397262371 -1.31607351396 -1.37282204583 -1.34968455270 -1.41160965991 -1.40003806455 -1.40688821113 -1.31711290846 -1.84533391050 -2.10206561951 -2.44636476288 -2.06894272793 -0.615612156841 0.849445997813 -0.378112316223 -1.82985198981 -0.811098276770 0.792860103806 0.0534732273219 -1.00290865409 -0.119593957814 1.58807519022 -0.259207681260 -2.05207444815 -0.932888216242 1.71147038735 -0.768990402627 -1.49803992879 -1.20118622512 0.294938637773 0.143298199172 1.18654403534 1.21261687196 -0.248182581013 0.525587058134 0.886790373098 0.349861223927 1.68781940990 -0.508195209654 0.165943019342 0.207922358487 0.453687832410 0.563207845190 0.167368769331 0.143313229724 -0.623364649163 -0.951492937431 0.103726660354 -1.72269739141 1.59327554422 -0.840001803133 0.887752145271 0.539061234489 0.310184817418
# mat_params[1]:
 7.41928694055 10.5247098708
# mat_params[2]:
 5.34258704753 7.97360013464
# log_m_devs:
 0.0129990489731 0.110704938257 -0.248002272047 0.124298284817
# log_slx_pars[1]:
 1.44880036752 -0.354470952542
# log_ft_pars:
 -1.16835943755 -1.22993480388 -1.65512458159 -1.51157508145 -1.19544325045 -1.03202147026 -1.08447041490 -1.46893028341 -1.04928043406 -1.80699431032 -1.94226410727 -1.22664372152 -4.27265023849 -0.965237842112 -3.13539263494 -2.28225144462 -2.00085046047 -1.52597135255 -1.35542161826 -2.26380729148 -2.38329602885 -2.44764881921 -2.68871294425 -2.14402799040 -2.46364232826 -3.12568266184 -2.57277626273 -1.92031890403 -1.91419682991 -1.35784097460 -0.821907837467 -0.779812974497 -1.09804619034 -1.46044420845 -1.37897515048 -0.583170488086 -1.06339091999 -1.43199050701 -4.17273526483 -4.20260080405 -3.39746304399 -2.92530229124 -3.21570182192 -3.41595578216 -3.20839524502 -3.11502015441 -2.00435277356 -2.46102178262 -9.09915594095 -4.34074688800 -2.65188519545 -2.35934386464 -2.72741094481 -2.20026912314 -2.28735302418 -2.38838935610 -2.10257775028 -2.29967759929 -2.94851199182 -2.24725161978 -1.78466616591 -2.70077870625 -3.65170886848 -2.91934064646 -2.10984368189 -2.59562949933 -3.04626078159 -1.92465487087 -2.20739695425 -2.99021611635 -2.73134267891 -3.38580333161 -2.42685332725 -2.58450614764 -3.20885513008 -2.82127692921 -2.63847931706 -2.52230155100 -2.25347592731 -2.02090865608 -2.19951823566 -2.03131935454 -1.89557012264 -1.98649162485 -2.86268548510 -1.60457599621 -2.55014226411 -2.38493678895 -2.09939238501 -3.58700994588
