# Number of parameters = 198 Objective function value = -3450.18668019661  Maximum gradient component = 9.57797714127619e-005
# theta[1]:
-0.667407166955
# theta[2]:
6.72403934496
# theta[3]:
5.63640135292
# theta[4]:
6.17127812519
# theta[5]:
0.673325949984
# theta[6]:
4.00000000000
# log_rinit_devs:
 0.208475600416 0.120446690651 0.121545511180 0.0324165611501 -0.482884363398
# log_rbar_devs:
 1.64950646465 1.46132906549 1.24919227019 1.25560070896 1.14270499728 1.28933883197 0.910495029104 0.723401437429 0.620502236172 0.446696191167 0.318760959374 0.209683357415 0.356447070936 0.491640473918 0.733441046192 0.748858555902 0.859175542258 0.750671459655 0.811942588475 0.514803656509 0.514188628558 0.574545533316 0.546243200600 0.442633511564 0.497094954373 0.553377453981 0.564494365696 0.901192417458 0.627279272517 0.555871507406 0.403936199920 0.307040433450 0.127348148170 -0.287746743860 -0.451460103645 -0.623218902930 -1.24158520040 -1.57815872974 -1.85930598346 -1.86066945190 -1.79240254487 -1.80479876145 -1.79609795360 -1.79806177016 -1.66581168969 -2.02962838015 -2.21659120241 -2.68258344500 -2.38794884793 -0.821402266797 0.674821141424 -0.492640117888 -1.91201381087 -0.895801786294 0.639106130870 -0.0540864043328 -1.04381407160 -0.214575834775 1.39701593693 -0.292134023229 -2.06464720847 -1.04944891015 1.46931606002 -0.826774297997 -1.48422601709 -1.25464767091 0.208635275863 0.111180458658 1.11023022814 1.12567247331 -0.257594956002 0.472437007361 0.893092374002 0.410237879243 1.66186618662 -0.298056041754 0.423508376804 0.578819608956 0.956598557266 1.23976057870 0.843005101526 0.801510831290 -0.0640858922254 -0.519502949418 0.415923607944 -1.52241688753 1.54394883258 -0.900971386331 0.813554623333 0.562330090566 0.532901313381
# mat_params[1]:
 6.08100490137 9.53936080764
# mat_params[2]:
 3.89696670591 5.70821494512
# log_m_devs:
 0.00000000000
# log_slx_pars[1]:
 0.580590977515 -3.49089359000
# log_ft_pars:
 -1.47728524161 -1.49357313009 -1.84997979517 -1.69364365076 -1.36727942557 -1.23282903864 -1.17679663662 -1.46699706918 -0.967772418712 -1.62415006747 -1.65844980260 -4.92676286734 -4.11675877631 -4.74409594653 -3.21168531990 -2.28623980282 -1.95141578630 -1.45988181738 -1.28147899008 -2.13455699616 -2.25176005703 -2.34247755829 -2.59353752228 -2.04086186404 -2.38599688289 -3.08941854507 -2.55961003502 -1.97780369399 -1.92126515083 -1.35147651352 -0.826289157161 -0.803421554749 -1.09449969677 -1.36218706585 -1.25674018496 -0.438366878519 -0.782681434117 -1.01161981583 -3.69786177982 -3.76959935579 -3.01194321781 -2.56682723718 -2.89604171613 -3.11960022381 -2.93915473059 -2.80652269483 -1.71581050120 -2.14299780281 -8.89829631117 -4.57141075261 -3.11764628991 -2.33031107288 -2.34263480390 -1.94363180980 -2.56345075495 -2.40332950925 -1.82951156652 -2.17882799709 -3.27416727420 -2.15409930170 -1.30741192921 -2.29795612328 -3.95589840649 -2.78744893972 -1.67599175990 -2.18973538334 -3.15474296085 -2.04916927854 -2.51637518859 -3.19570249645 -2.64639052160 -3.32895161869 -2.55920827028 -2.66050948343 -3.55645565787 -2.86207682523 -2.66797437588 -2.74328341598 -2.70896400640 -2.66715975487 -2.63333648086 -2.34839693453 -2.04371898744 -1.97312949458 -2.91177587349 -1.42208975137 -2.84271281834 -2.32273199439 -2.11450114366 -3.66840357192
