# Number of parameters = 207 Objective function value = -3587.13181806490  Maximum gradient component = 4.54103300979071e-005
# theta[1]:
-0.251218597288
# theta[2]:
7.74251958274
# theta[3]:
7.06035742655
# theta[4]:
7.43871410969
# theta[5]:
0.429995529209
# theta[6]:
4.00000000000
# log_rinit_devs:
 0.0122645745977 -0.00760387808174 0.0748255037347 0.0355622113757 -0.115048411626
# log_rbar_devs:
 1.04714144692 0.870078981098 0.664389064055 0.716795347646 0.607920230142 0.898915116295 0.554782126656 0.481360260501 0.466893505894 0.507008066244 0.450431829962 0.424934191328 0.536668504878 0.627210691545 0.832977272989 0.736357556875 0.805224766133 0.604915368765 0.777710800377 0.566574323713 0.569092048181 0.639546117715 0.569797488863 0.367687424951 0.462320140940 0.505795095688 0.396748644013 0.732135527820 0.270738569596 0.00859644230113 -0.266939687523 -0.222156423964 -0.239064124507 -0.696260207808 -0.986191594869 -1.26402754949 -1.57971235439 -1.65961061771 -1.70957035005 -1.80145985066 -1.80930017837 -1.88527603626 -1.87700424422 -1.88399852520 -1.75509178086 -2.18533657565 -2.26653954533 -2.41468080038 -1.83067189014 -0.371510207320 1.17156764068 -0.141376009503 -1.58068063876 -0.553344469958 1.06159853762 0.320091500747 -0.738363588180 0.137557512008 1.84775070330 0.0233589107399 -1.74354251425 -0.652659421603 1.98107204777 -0.493112398631 -1.22794861830 -0.934080855549 0.545093233944 0.414721593626 1.46893653630 1.49381353911 0.0334292013327 0.812387515865 1.16846467633 0.647397407104 1.96523124916 -0.215767218408 0.433919898491 0.474717113585 0.719571393311 0.841306154362 0.457697141357 0.435347941050 -0.336504949865 -0.679669765592 0.334407287398 -1.52622255818 1.71867986664 -0.677435936972 1.00278121292 0.619833608955 0.373631112663
# mat_params[1]:
 6.98314304061 10.0937864957
# mat_params[2]:
 6.40149316466 9.45710641716
# mat_params[3]:
 6.05212430234 9.06721758281
# log_m_devs:
 -0.0584279619092 0.112476320693 -0.172535041452 0.118486682668
# log_slx_pars[1]:
 0.343746491655 -5.11880101455
# log_slx_pars[2]:
 1.49338317871 -0.410609019566
# log_slx_pars[3]:
 1.73034328656 -0.294261619686
# log_ft_pars:
 -2.13365252084 -2.18798982038 -2.54469400167 -2.40689239889 -2.11105701395 -2.11557022024 -2.14670075805 -2.52613673572 -2.15244578998 -2.96858897127 -3.07977365215 -6.18473756427 -5.50395370051 -6.44780731608 -4.53883209850 -3.56902534286 -2.23753824156 -1.78657382136 -1.63801455497 -2.55415928900 -2.67611502406 -2.72973124095 -2.95618825705 -2.41221366856 -2.71881287609 -3.34899934816 -2.76988308178 -2.07789795202 -2.05247037399 -1.50132538781 -0.971590032817 -0.913925882494 -1.19991055120 -1.55337379161 -1.47857076587 -0.683927890579 -1.17045876475 -1.52330696646 -4.23128370850 -4.22439730894 -3.38188784270 -2.87446622974 -3.12392303768 -3.30920366869 -3.11011615019 -3.03489372884 -1.98361338758 -2.53641941681 -9.30126156033 -4.57591975487 -2.97636682793 -2.74037542990 -3.15319058271 -2.60721470966 -2.62878233217 -2.74053097616 -2.49706080274 -2.68466638070 -3.26904700745 -2.59765299307 -2.19421887305 -3.10446062676 -3.97017131813 -3.26030706555 -2.50335096357 -2.98263208071 -3.36758204486 -2.23772117729 -2.54422951001 -3.34164281349 -3.10753551990 -3.76374403926 -2.77436404067 -2.93989399424 -3.55369454873 -3.17719147042 -3.01139101887 -2.87332012337 -2.58401861028 -2.35691588905 -2.54456935014 -2.38309091046 -2.24846785719 -2.34525325947 -3.18495449015 -1.90890107666 -2.05393144765 -1.74069604451 -1.51464382958 -3.07700604187
