# Number of parameters = 206 Objective function value = -3646.37416399054  Maximum gradient component = 0.000957740404509721
# theta[1]:
-0.327136306232
# theta[2]:
7.00194174845
# theta[3]:
6.70112442668
# theta[4]:
7.16718727742
# theta[5]:
0.641620040478
# theta[6]:
4.00000000000
# log_rinit_devs:
 0.168176944432 0.0767967745013 0.0934393657284 -0.0213822010016 -0.317030883660
# log_rbar_devs:
 0.913900949110 0.718990239581 0.496270445688 0.577184102612 0.472451145265 0.773989649954 0.399212907318 0.310258131229 0.304552075315 0.333390214627 0.297537010927 0.290353002490 0.430528770590 0.628320166350 0.941466136022 0.995408796554 1.23508733657 1.01312748769 1.19354162566 0.968036575783 0.970501207684 1.04718962973 0.976865760263 0.764811782860 0.874170934915 0.932524097194 0.837052724709 1.21967155432 0.748486308966 0.489614480405 0.217230467791 0.297964544474 0.304459142040 -0.169739460735 -0.452631173531 -0.719904669249 -1.03812085850 -1.10809725265 -1.15282106714 -1.25044269012 -1.25439087842 -1.35102471546 -1.36156701402 -1.39382290566 -1.30977483293 -1.91288416459 -2.20475281056 -2.59603539330 -2.29142795816 -0.828465708489 0.613322194004 -0.620340730462 -2.04576482949 -1.02787503779 0.546076293319 -0.174590474736 -1.21569697183 -0.334124655441 1.32941528192 -0.471926860224 -2.21612655707 -1.10893840114 1.49046876375 -0.917458919120 -1.63452572257 -1.32030642016 0.150905905126 0.0134249511732 1.04662312909 1.07549463191 -0.342336883474 0.436157577981 0.806198291066 0.327087590376 1.62667729651 -0.430914669894 0.277186922150 0.402062960196 0.777640351187 1.12016722118 0.688181312691 0.629616811675 -0.287515453484 -0.734341377931 0.251237824342 -1.80241540375 1.42676847488 -0.967687395811 0.874890331525 0.706476036626 0.458560760525
# mat_params[1]:
 6.91339697887 10.0261501267
# mat_params[2]:
 7.30771142805 10.4178304056
# mat_params[3]:
 5.39076992439 8.23308772599
# mat_params[4]:
 5.13797834366 7.46533499379
# log_m_devs:
 -0.101563445881 0.114074250951 -0.0125108050697
# log_slx_pars[1]:
 0.562697420514 -4.42011271914
# log_slx_pars[2]:
 1.50479076435 -0.370280531224
# log_ft_pars:
 -1.60273669809 -1.64863855942 -2.00680636299 -1.88450960899 -1.58769250748 -1.59067160606 -1.60764704877 -1.98426764373 -1.60608408628 -2.43080913744 -2.57292694105 -3.20879663941 -5.06192141070 -3.09419268439 -4.24961209629 -3.40602342438 -2.12881206127 -1.65890980348 -1.50472048581 -2.41513229846 -2.53057415085 -2.58226911464 -2.80900084889 -2.25830627070 -2.56319388764 -3.20042216250 -2.63068360471 -1.96808235366 -1.96100545023 -1.41852177858 -0.891736526397 -0.846182217244 -1.16136848274 -1.53091625130 -1.46029843110 -0.678042379208 -1.16107713432 -1.51729699146 -4.22491214831 -4.21835740483 -3.37805863361 -2.87116067255 -3.12106380171 -3.29245455408 -3.06621058746 -2.95222323619 -1.81666265569 -2.23626192732 -8.82101456576 -4.00119569592 -2.18457992633 -1.98515660880 -2.49207365088 -2.02979651944 -1.96436966050 -2.05773520275 -1.84753849910 -2.08605296330 -2.58394106923 -1.90498158588 -1.55357556677 -2.56082697256 -3.33963793556 -2.61512265150 -1.92876821978 -2.51818746234 -2.92987899499 -1.74739277943 -1.95163391361 -2.73313410917 -2.55885652657 -3.29285195561 -2.32510906565 -2.50291035051 -3.07837490238 -2.73799022748 -2.65168656289 -2.61167751456 -2.40383505431 -2.27736278112 -2.38110682894 -2.16510432629 -1.97461832129 -1.99341343393 -2.74776196363 -1.38165980908 -2.13009597391 -2.07934336191 -1.92363912485 -3.51036651201
