# Number of parameters = 205 Objective function value = -3563.62720941819  Maximum gradient component = 0.00105645778054570
# theta[1]:
-0.192649400834
# theta[2]:
7.18231638461
# theta[3]:
7.58290592827
# theta[4]:
8.01816221030
# theta[5]:
0.419041882229
# theta[6]:
4.00000000000
# log_rinit_devs:
 0.229887454064 0.121808615380 0.100817526605 -0.0722604908672 -0.380253105182
# log_rbar_devs:
 0.268064870574 0.116744745832 -0.0378205412671 0.112347515359 0.0533431573937 0.471510091174 0.190124403180 0.237855019396 0.342937765620 0.545283370917 0.563740607241 0.514024593940 0.468091156041 0.562182034303 0.714137449030 0.751474471510 1.00129034091 0.792321187575 1.00188646702 0.755413462040 0.742318614617 0.805707948407 0.712162281749 0.467064155475 0.557653350339 0.584626915387 0.446314045827 0.818616293177 0.297186377076 0.0310870301359 -0.214999950922 -0.0891952478242 -0.0640614369370 -0.544388811058 -0.793843003480 -1.00067328633 -1.28054062934 -1.35273466517 -1.43020667423 -1.56800049547 -1.60205805288 -1.71282863198 -1.72765136178 -1.75893352259 -1.64207629724 -2.14641071565 -2.25490571467 -2.43814893076 -1.90763273940 -0.448356241053 1.10236532568 -0.235236211747 -1.64064607964 -0.623930175766 0.968107698738 0.244979709772 -0.800100523479 0.0596693876041 1.73490232975 -0.0384643113426 -1.74260785517 -0.712617106142 1.86525787754 -0.549476864399 -1.28332048374 -0.993951713113 0.455581810515 0.346940536717 1.38660637734 1.41638439963 -0.00271097928916 0.785357826483 1.14708939649 0.683116986680 1.97709768171 -0.0653640007123 0.647728353867 0.775403382720 1.14036509038 1.43908503796 1.00849001822 0.956855427859 0.00671495693805 -0.506204166096 0.355690663020 -1.75560568692 1.27185553992 -1.09381665422 0.603325025868 0.321375521082 0.433663678101
# mat_params[1]:
 7.20541766611 10.1475714179
# mat_params[2]:
 6.89306690177 9.90292960135
# mat_params[3]:
 6.07446118800 9.00013363030
# log_m_devs:
 -0.198488006348 0.0408442801019 0.106960498297 0.0506832279491
# log_slx_pars[1]:
 1.11115504229 -0.338284367339
# log_slx_pars[2]:
 1.59327527208 -0.331014305072
# log_ft_pars:
 -1.42538642966 -1.54898021439 -1.98811208643 -1.91534515939 -1.69561578167 -1.75381680399 -1.93111565787 -2.42667328904 -2.16692660997 -3.10741712943 -3.34244309927 -0.685897128092 -5.54715464592 -0.853381774734 -4.45898210836 -3.65685783036 -2.49643891915 -2.03637658250 -1.89564762445 -2.81032605756 -2.91667253075 -2.95323469769 -3.15526176761 -2.59108943771 -2.88100666795 -3.48350320775 -2.87633137833 -2.17922463970 -2.14391032271 -1.60177961880 -1.09914577182 -1.07361945566 -1.39477882640 -1.77048408452 -1.72422710377 -0.996710553349 -1.55210947795 -1.93051860111 -4.61314410577 -4.55791041368 -3.67555388068 -3.13407330570 -3.34752178872 -3.50212945468 -3.27704896956 -3.17030849214 -2.10310294172 -2.62710964536 -9.33977472915 -4.60742438073 -2.98770455184 -2.74305616908 -3.23844666351 -2.77222985226 -2.72660077450 -2.77588886454 -2.57178145286 -2.81709491320 -3.32777376802 -2.60379122922 -2.27592978023 -3.27759645649 -4.04845702168 -3.24699078496 -2.56328014658 -3.14539222773 -3.50545179336 -2.30211156022 -2.58697966376 -3.37146288682 -3.16162481092 -3.88192396969 -2.90431007022 -3.06757301405 -3.69335523386 -3.31471680422 -3.22489993438 -3.18145742472 -2.96861157577 -2.85821222759 -2.95968289655 -2.73904438152 -2.53596429707 -2.54587694970 -3.25611361041 -1.81688027562 -2.47541715092 -2.32915244272 -2.14662511542 -3.66317469850
