# Number of parameters = 200 Objective function value = -3624.62492167992  Maximum gradient component = 0.000151491792745644
# theta[1]:
-0.400158721288
# theta[2]:
7.53998541945
# theta[3]:
6.64714442437
# theta[4]:
7.06431112233
# theta[5]:
0.802761355825
# theta[6]:
4.00000000000
# log_rinit_devs:
 0.110266359887 0.108467767918 0.129753462906 -0.0141507851928 -0.334336805518
# log_rbar_devs:
 1.29605261333 1.12935625670 0.954302457471 0.964976669400 0.797279929770 1.02286432205 0.656043167410 0.564741104120 0.525892135826 0.602091907975 0.538679584302 0.486978035766 0.533367328190 0.589393002691 0.803336991787 0.791936888910 0.918220986093 0.716980694181 0.860404577309 0.659832963957 0.669939365257 0.747548756487 0.696961122665 0.519717695316 0.627489524655 0.697563091255 0.632816889676 0.979792865920 0.574207941800 0.338030937252 0.0646729169930 0.0928651649799 0.0724055565229 -0.357716562737 -0.631768137482 -0.919680798541 -1.24873115995 -1.32145983815 -1.34385788387 -1.39888438709 -1.37325874775 -1.43384028826 -1.42001456969 -1.42546487009 -1.32969364882 -1.85763468165 -2.11303873063 -2.45791491033 -2.08000290211 -0.623917066992 0.841466747675 -0.386903061586 -1.83528610461 -0.817688406327 0.782535671835 0.0444646608778 -1.01142832770 -0.127941311329 1.57550437038 -0.267723553178 -2.05734217764 -0.939971471810 1.70012101970 -0.771706877198 -1.49999349697 -1.20137320567 0.293776975434 0.142561884013 1.18359251391 1.20958485823 -0.246265571946 0.528778644946 0.892189809475 0.363388364281 1.69820551809 -0.473300277021 0.212804155167 0.273198276810 0.543158199363 0.686349881386 0.269622014544 0.224996520085 -0.589852574577 -0.963535313174 0.0423045465343 -1.85459795554 1.36089386489 -0.838170890254 1.02711702465 0.872020723485 0.324580068896
# mat_params[1]:
 7.37406782663 10.4988262564
# mat_params[2]:
 5.29014012827 7.92143264357
# log_m_devs:
 0.0271480219944 0.133681712322 -0.160829734317
# log_slx_pars[1]:
 1.43758791401 -0.363705122320
# log_ft_pars:
 -1.14001093027 -1.20217742507 -1.62859844881 -1.48741304146 -1.17286898873 -1.01065479692 -1.06446325716 -1.45058333464 -1.03261843970 -1.79437495917 -1.93484622481 -1.12754252739 -4.25353080059 -0.876695701658 -3.10353721862 -2.25760440782 -1.98181480300 -1.50624704868 -1.33357920794 -2.24177488723 -2.36206380476 -2.42772985486 -2.67069935309 -2.12667124262 -2.44667740623 -3.11090279126 -2.56029719756 -1.91036135764 -1.90705269053 -1.35078121588 -0.812402991757 -0.767175899622 -1.08410241691 -1.44664289842 -1.36412261866 -0.562555196945 -1.03322439976 -1.39531561954 -4.13541026101 -4.16822711907 -3.36531205701 -2.89477790665 -3.18685696070 -3.38906605162 -3.18422758810 -3.09354216199 -1.98314775031 -2.44062846508 -9.08130280867 -4.32541824699 -2.63664494534 -2.34621380688 -2.71048019249 -2.18202834633 -2.27052984820 -2.37400062715 -2.08475143257 -2.28007556644 -2.92955655093 -2.23116267806 -1.76242979181 -2.67726551392 -3.63272839080 -2.90609526212 -2.09145541262 -2.57669067898 -3.03454821878 -1.91780017901 -2.19801166700 -2.98166302486 -2.72311204046 -3.37702114957 -2.42173196546 -2.58418241184 -3.21055664172 -2.82844733265 -2.64821494664 -2.54404094581 -2.29732073197 -2.09309053815 -2.25721474096 -2.06893722393 -1.90970608492 -1.96853966179 -2.80490830213 -1.50007167107 -2.35142784940 -2.37029804978 -2.27473805280 -3.95992350891
