# Number of parameters = 204 Objective function value = -3532.77226312573  Maximum gradient component = 0.000739632296423855
# theta[1]:
0.0478353202828
# theta[2]:
9.53123596650
# theta[3]:
9.00102248692
# theta[4]:
9.33009347249
# theta[5]:
0.552544785617
# theta[6]:
4.00000000000
# log_rinit_devs:
 -0.119644496223 -0.0637151823529 0.0845098708241 0.0570937234014 0.0417560843501
# log_rbar_devs:
 0.720201175815 0.568900550632 0.380274321337 0.425646714784 0.304055955977 0.636059907107 0.320144588085 0.283188589742 0.300896876325 0.409594988148 0.366410880447 0.334744265553 0.405173771538 0.477462654339 0.691669876372 0.628786638458 0.766934971580 0.581785877055 0.770772824340 0.537835281151 0.506382253165 0.544227191346 0.442511299101 0.197974237947 0.256306056540 0.257114314792 0.119028278216 0.436207323291 -0.0188792586959 -0.220782235978 -0.380212565294 -0.203836304046 -0.137075119151 -0.522692120274 -0.675514122322 -0.790180481397 -1.00543467988 -1.06961588504 -1.15190715823 -1.29568967775 -1.33471277668 -1.44813221611 -1.47368248096 -1.51249921050 -1.42511616958 -1.88751873515 -1.97470324904 -2.15642457743 -1.66008649203 -0.223486700572 1.40054487889 0.0572430392500 -1.34382245677 -0.339690195715 1.25958708112 0.529709605136 -0.507333006100 0.327981370699 2.03432696146 0.258909792550 -1.48324685575 -0.466803649799 2.09021864011 -0.332423189882 -1.08407196187 -0.834743130813 0.596383183145 0.505083596801 1.54056987948 1.56884901674 0.140176122323 0.901282933398 1.22672672966 0.720525829261 2.04624218866 -0.173494974703 0.405827082227 0.386870546637 0.629202510503 0.855659900377 0.425942959536 0.362396302863 -0.658716886631 -1.15446703263 -0.185560398185 -2.28737474951 1.00486236404 -1.40294126087 0.396646707282 0.166965522554 0.313845557452
# mat_params[1]:
 8.31120447126 11.2217424903
# mat_params[2]:
 6.52700390660 8.83436158787
# mat_params[3]:
 6.49635493088 8.82135380425
# log_m_devs:
 -0.0720367333335 0.00453885885196 0.0674978744815
# log_slx_pars[1]:
 1.70708453339 -0.209664127255
# log_slx_pars[2]:
 1.75990575426 -0.505475284671
# log_ft_pars:
 -1.74879326998 -1.82510885290 -2.26613212358 -2.14022904720 -1.85885561365 -1.75961196106 -1.87913971572 -2.33119273890 -1.98705104841 -2.78220466331 -2.90358321554 -3.34591119479 -5.29071759165 -1.80416840524 -4.17087891911 -3.26238930882 -2.96953997574 -2.50982082776 -2.38424405802 -3.29998552544 -3.38699324609 -3.41341213660 -3.59753233739 -3.00980370768 -3.29149704931 -3.88172774147 -3.25028156626 -2.55034483059 -2.49913673381 -1.95368289343 -1.51008547559 -1.59333742489 -2.00618295903 -2.41985860140 -2.41142910625 -1.78819188029 -2.45911197535 -2.88792057296 -5.57472250805 -5.50065042841 -4.61020875092 -4.06916178899 -4.28954713902 -4.43927799820 -4.19977262747 -4.07657006918 -3.02822422814 -3.57419247709 -10.3037436265 -5.66025814366 -4.18500672004 -3.77715030366 -4.16894765604 -3.72658133024 -3.82523082533 -3.80404430373 -3.52905236813 -3.79651379038 -4.44858555398 -3.62045601441 -3.21869527959 -4.22153619575 -5.12235561931 -4.18569294975 -3.41043936178 -3.99526556253 -4.39759757810 -3.18216147205 -3.53783733674 -4.29929106490 -3.99411553307 -4.68992744239 -3.73223435838 -3.84592302689 -4.53216666976 -4.05012308610 -3.88177856192 -3.77861980519 -3.43113498334 -3.17340214401 -3.14620741710 -2.85600756439 -2.59908547112 -2.56139010108 -3.28382614394 -1.82485697212 -2.00003943887 -1.86003027096 -1.81190856085 -3.46128246488
