# Number of parameters = 200 Objective function value = -3494.25955549566  Maximum gradient component = 4.26827810961288e-005
# theta[1]:
-0.203800228603
# theta[2]:
8.20297124295
# theta[3]:
7.47261089027
# theta[4]:
7.89450963054
# theta[5]:
0.393955689335
# theta[6]:
4.00000000000
# log_rinit_devs:
 -0.0524481885824 -0.0154664613747 0.0948846879893 0.0553692614041 -0.0823392994363
# log_rbar_devs:
 0.985660910674 0.821329572537 0.634200474500 0.656746232438 0.508660090697 0.784149558338 0.441788599564 0.381729340331 0.367653560171 0.466450808176 0.429206129773 0.420951302303 0.511453291883 0.601806919252 0.826828992943 0.788060695313 0.928777588443 0.735740890123 0.900497435461 0.676503362000 0.656385832154 0.702965133672 0.613177763412 0.391697990609 0.459643521656 0.476835328267 0.352674904474 0.663991425199 0.206272789460 -0.0426341324379 -0.289959647850 -0.221684666388 -0.225383406831 -0.658151341247 -0.900327061663 -1.11841890075 -1.39618485429 -1.47493173497 -1.54543252276 -1.66095533002 -1.68848609290 -1.78326423337 -1.79561611508 -1.82320155550 -1.72206382934 -2.17388676423 -2.27818905841 -2.45873731221 -1.93867830643 -0.477056955057 1.09390868109 -0.241907060914 -1.65343661273 -0.634182209269 0.959365124910 0.238360943125 -0.797987141947 0.0598612033303 1.72082135488 -0.0410431549573 -1.75486315917 -0.719847646971 1.83854843806 -0.566543740359 -1.29482852684 -1.01012048210 0.442393319673 0.333172780921 1.37641535400 1.40255434231 -0.0141953699957 0.762476991186 1.13044578383 0.662443401327 1.95377143060 -0.0866719639574 0.628326324546 0.757052134625 1.12304563416 1.42428821840 0.989767809644 0.934374945697 -0.00590125694971 -0.517737051344 0.339822218677 -1.76577611887 1.25827252663 -1.15592916344 0.502569089966 0.188663509782 0.421652476343
# mat_params[1]:
 6.81882773787 9.86729442389
# mat_params[2]:
 5.79154135315 8.59186574231
# log_m_devs:
 -0.104221562738 0.0107487513779 0.0934728113603
# log_slx_pars[1]:
 1.51056520474 -0.316480552511
# log_ft_pars:
 -1.51600278229 -1.57779096422 -2.00984924474 -1.86977599762 -1.56966709546 -1.43101898003 -1.51941542574 -1.94183659330 -1.56086386142 -2.33801249338 -2.46952139464 -2.40218136328 -4.87659388087 -1.90575896193 -3.80369855403 -2.92236504739 -2.63913002670 -2.17053488887 -2.02138241575 -2.93226009068 -3.02708854845 -3.05863139113 -3.25928302214 -2.68652487873 -2.97230613590 -3.57999050260 -2.97332303269 -2.27205681550 -2.22629597692 -1.65641015442 -1.13560488149 -1.11833667925 -1.44787616452 -1.81362668893 -1.74369507919 -1.00185638029 -1.56362407125 -1.94945036611 -4.64704397572 -4.60869309293 -3.74183543227 -3.21629119176 -3.45342764803 -3.61751278102 -3.39051844133 -3.28791917315 -2.22306508770 -2.75385952972 -9.49729520655 -4.85705176428 -3.33451690639 -3.02307260778 -3.39621296757 -2.86767892208 -2.95033849941 -3.02202658234 -2.74885967627 -2.95877339878 -3.58383991600 -2.85045010821 -2.41452354183 -3.34488120911 -4.27176035842 -3.48760655176 -2.69239375401 -3.18869636570 -3.62769952816 -2.50681593445 -2.84954708572 -3.63545970435 -3.36282803811 -4.02405635379 -3.06949103043 -3.24457856371 -3.91550991931 -3.51241122195 -3.36059833777 -3.30111480855 -3.13287659552 -3.05760467272 -3.15084097630 -2.89742465402 -2.66717169670 -2.64395570004 -3.35401370597 -1.92898370458 -2.68937105087 -2.49908170480 -2.21996997708 -3.68386577426
