# Number of parameters = 204 Objective function value = -3652.57840830845  Maximum gradient component = 0.000236578081639474
# theta[1]:
-0.158635776543
# theta[2]:
8.75512900739
# theta[3]:
7.77131944779
# theta[4]:
8.13631973478
# theta[5]:
1.11751671525
# theta[6]:
4.00000000000
# log_rinit_devs:
 -0.0850117572508 -0.0281110758369 0.101808041356 0.0336440997571 -0.0223293080257
# log_rbar_devs:
 1.21494255811 1.03980608481 0.827190874775 0.829391619915 0.656450970238 0.946312352982 0.571701103585 0.489818043497 0.476344404280 0.562682842060 0.502000210558 0.446528418644 0.494903046672 0.551501326078 0.761875668026 0.684088693416 0.786338753401 0.593951257075 0.795290124978 0.583801118853 0.585493792716 0.658230445797 0.589041317696 0.376617073141 0.478681980725 0.526895784364 0.428908719707 0.786764743727 0.321204860555 0.0822688268784 -0.129835815673 0.0232173186212 0.0824989873277 -0.328019551952 -0.507090619874 -0.639218428755 -0.845150234091 -0.858324136052 -0.881204683573 -0.972017914609 -0.958704295838 -1.04059637754 -1.03563530131 -1.04600677505 -0.952332101135 -1.48985502786 -1.68703788725 -1.99628067002 -1.67300059896 -0.278380843026 1.25361925547 0.00260385480186 -1.42409294187 -0.424295059749 1.16600613360 0.433738039986 -0.621885545804 0.230926534222 1.95233973203 0.121057676924 -1.65932098210 -0.604334399202 2.00570745701 -0.475246392762 -1.23220311491 -0.974415754547 0.481495527087 0.366184761321 1.39165350951 1.41638230930 -0.0299655288962 0.739844288772 1.07578799697 0.536536209064 1.96443878327 -0.366712735532 0.203159928769 0.0455700987676 0.0743409759618 0.00119337126950 -0.400339549343 -0.462361216629 -1.37462925861 -1.80848557858 -0.834807207548 -2.79155537096 0.392467770436 -1.84455945586 0.0428886575155 -0.0552246027580 0.0504397629776
# mat_params[1]:
 8.05679557615 10.7977317306
# mat_params[2]:
 7.19840563387 10.3602099075
# mat_params[3]:
 5.25452042696 7.76668289277
# log_m_devs:
 0.104094291172 0.145448900556 -0.249543191727
# log_slx_pars[1]:
 1.62878766326 -0.213605457764
# log_slx_pars[2]:
 1.61666124277 -0.343657035835
# log_ft_pars:
 -1.30665024683 -1.37463886902 -1.79709886439 -1.64277469024 -1.31656615058 -1.17598352976 -1.24735055871 -1.64959494138 -1.25005243982 -2.01425890218 -2.13070608434 -1.82776003964 -4.47846474060 -1.04941341130 -3.31865424535 -2.42113362334 -2.11414633895 -1.65182902545 -1.52128170240 -2.44383865738 -2.55842001963 -2.61536453408 -2.83793834124 -2.27618831773 -2.58706236778 -3.22439422493 -2.64087946693 -1.98658063346 -1.96242260818 -1.41028245044 -0.910370542320 -0.938516223645 -1.33999613449 -1.75180793690 -1.72781136421 -1.05557477553 -1.69016793375 -2.14247340511 -4.88689269487 -4.87880284327 -4.04939623892 -3.56079555555 -3.83672396033 -4.02414062282 -3.80709828635 -3.69999523817 -2.62574212764 -3.11294822173 -9.74666355060 -4.97861665606 -3.34303940027 -2.97590262527 -3.37408783812 -2.91567999941 -3.00195025295 -3.01810789523 -2.75013180932 -2.99611600377 -3.63500850364 -2.84342270279 -2.44061056196 -3.41736080071 -4.30544550455 -3.42148193228 -2.64796486904 -3.20017789767 -3.59302979344 -2.38516452964 -2.69576857767 -3.45325907802 -3.16448469375 -3.85081422742 -2.88777866595 -3.00980482422 -3.70256332237 -3.26092396945 -3.09467170628 -2.94942903782 -2.52042867968 -2.06176609000 -2.15973877291 -1.98169956074 -1.83890104608 -1.91674661130 -2.71729194315 -1.32313201752 -1.91500863672 -1.81680063846 -1.76157514030 -3.44818184818
