# Number of parameters = 204 Objective function value = -3516.63170555907  Maximum gradient component = 0.000104872225892975
# theta[1]:
-0.137364495406
# theta[2]:
8.04722314102
# theta[3]:
7.57237339682
# theta[4]:
7.97741011760
# theta[5]:
0.433661194831
# theta[6]:
4.00000000000
# log_rinit_devs:
 0.0213514626195 0.0303957565982 0.109335107578 -0.0222006240209 -0.138881702775
# log_rbar_devs:
 0.899604464776 0.729125533761 0.534960759860 0.594911645159 0.452810872487 0.835431923044 0.480267790165 0.463930665136 0.515101969865 0.670788358009 0.651923311703 0.671259605263 0.808884658776 0.906956331749 1.12475044565 0.996054276176 1.04758468782 0.841716400418 1.06036171510 0.789021626418 0.767418596701 0.830518500751 0.729629351003 0.466942213906 0.557792524274 0.586838215367 0.447786469947 0.855779580101 0.323834927553 0.0745836827821 -0.160731018115 -0.0155215918109 0.0208061901444 -0.463802102355 -0.698866562737 -0.902523541519 -1.20440414384 -1.29790860820 -1.39721949066 -1.55568693883 -1.60643980219 -1.73728004253 -1.76890739147 -1.81507376208 -1.70271996738 -2.24065966326 -2.37994320996 -2.60425695018 -2.11396713369 -0.637549209131 0.909289228909 -0.423530835266 -1.79999006602 -0.792005423039 0.775950971743 0.0690477278224 -0.965583098605 -0.108562044850 1.52834159865 -0.207128316255 -1.87689962919 -0.882833649466 1.63943398235 -0.717248356828 -1.44893753092 -1.15895090624 0.273094262919 0.170857456643 1.19273554186 1.21619062246 -0.178372577997 0.598895126201 0.958015205656 0.502735119435 1.77235240672 -0.232889145038 0.467704472756 0.600694303023 0.966530816504 1.25611199267 0.829188570349 0.767169874234 -0.165907078338 -0.651744816599 0.268478954522 -1.75565056092 1.42647653004 -0.940871564794 0.777913674546 0.502717190356 0.403263806061
# mat_params[1]:
 7.43395232657 10.1081122633
# mat_params[2]:
 6.84094847558 9.94455195570
# mat_params[3]:
 6.00698501989 8.66176809496
# log_m_devs:
 -0.0558824953725 -0.00771889639359 0.0636013917661
# log_slx_pars[1]:
 1.53774752160 -0.273516190041
# log_slx_pars[2]:
 1.71123320146 -0.396659205625
# log_ft_pars:
 -1.13616826577 -1.23598060724 -1.69238011502 -1.56973056204 -1.27696466788 -1.18673781215 -1.31963894689 -1.78232248227 -1.44180778504 -2.28070886054 -2.46738417829 -1.44728421792 -4.90855499751 -1.40813977653 -3.91143587666 -3.04848781069 -2.74754578332 -2.28076460057 -2.13618377530 -3.04011733663 -3.12745867376 -3.15348520593 -3.34800863843 -2.76892782314 -3.04674281351 -3.64761118380 -3.03966239161 -2.36696202526 -2.33481982993 -1.78151057135 -1.27945851016 -1.28359012136 -1.64062837054 -2.01895786235 -1.95676411849 -1.23668989198 -1.80359531177 -2.17408484432 -4.83641205369 -4.75836252152 -3.85597811635 -3.29664146361 -3.50010920025 -3.63599677886 -3.38976497086 -3.26217020027 -2.17075507109 -2.66150864714 -9.36268070126 -4.74026484590 -3.19621745124 -2.89107986083 -3.30207465496 -2.81509897302 -2.86592021006 -2.91978640153 -2.66169829259 -2.89558763033 -3.48063654047 -2.73382679997 -2.32791808965 -3.30253066330 -4.17765791975 -3.36499718816 -2.59778685670 -3.14485962543 -3.58374837818 -2.43445663932 -2.74438481753 -3.51863114792 -3.25975626659 -3.94971361131 -2.99830615007 -3.17172554652 -3.82372348069 -3.42029676560 -3.29054214913 -3.25183537729 -3.07729585522 -2.98713326436 -3.07633358791 -2.83283670210 -2.61441094700 -2.60994719937 -3.34530625945 -1.93832389951 -2.00627632947 -1.76755295999 -1.62124166300 -3.20649696616
