# Number of parameters = 206 Objective function value = -3556.13089122717  Maximum gradient component = 0.000610663047342790
# theta[1]:
-0.235543385527
# theta[2]:
7.75238737862
# theta[3]:
7.19992626435
# theta[4]:
7.56817148873
# theta[5]:
0.489382464338
# theta[6]:
4.00000000000
# log_rinit_devs:
 0.0914712809303 0.0868921850126 0.115322587174 -0.0302791155452 -0.263406937571
# log_rbar_devs:
 0.968833377387 0.812544765054 0.645995432196 0.678863858908 0.535279070844 0.815221254350 0.490605944091 0.453087163139 0.475531197632 0.597196149246 0.570083973297 0.578552237161 0.691334803821 0.765315588789 0.933553666747 0.813068334775 0.826588896503 0.646937912210 0.817054917083 0.600773869131 0.592176945302 0.652503744582 0.576688258529 0.369381813700 0.451843681761 0.485334158347 0.373905257312 0.699248066698 0.245141230459 -0.00419017701555 -0.263791764680 -0.213597306106 -0.229118938842 -0.669645989427 -0.929240299749 -1.17613914189 -1.47691850114 -1.56174279080 -1.62511888807 -1.72800532708 -1.74654601500 -1.83197897126 -1.83562699551 -1.85310211190 -1.73783636637 -2.16842403065 -2.25806406816 -2.42063504425 -1.85714825758 -0.399258109370 1.15549762419 -0.154202474854 -1.58600885217 -0.562433199951 1.04920668537 0.312274693468 -0.742254248065 0.129048260862 1.83270835585 0.0192780785251 -1.74401370124 -0.668304167457 1.94625304565 -0.516959676415 -1.25432386627 -0.968469818743 0.505590996460 0.381884438290 1.43155155505 1.45473639674 -0.000707409712463 0.773274547086 1.12825143665 0.606293360131 1.91926885592 -0.259147834581 0.389773886358 0.429727750686 0.677449369865 0.800313712457 0.415785553900 0.394191722936 -0.372925119308 -0.715046176327 0.300152374468 -1.55354386920 1.69287526509 -0.703880856391 0.966324929604 0.563508296172 0.350483604672
# mat_params[1]:
 7.43566898428 10.2578648238
# mat_params[2]:
 6.53263812335 9.60406854636
# mat_params[3]:
 6.24938948738 9.36079343527
# log_m_devs:
 -0.0376835777365 -0.0297849448103 0.115979024168 -0.166618491903 0.118107990281
# log_slx_pars[1]:
 1.47716587786 -0.335317807064
# log_slx_pars[2]:
 1.74183596217 -0.287277804429
# log_ft_pars:
 -1.11664739360 -1.19911155327 -1.64363718998 -1.51563234223 -1.21902279473 -1.09573507485 -1.19705471402 -1.63279746575 -1.27068981492 -2.09253704019 -2.27130771703 -1.19427770136 -4.66783039394 -1.35154846583 -3.64366049220 -2.76782850490 -2.44337643219 -1.98418876972 -1.83191256799 -2.74329082637 -2.84933169580 -2.89359248188 -3.10919656489 -2.55109179033 -2.84898282979 -3.47303227554 -2.88433216264 -2.19691123009 -2.16203907591 -1.59765564820 -1.07267156199 -1.03975199290 -1.35204303060 -1.70715575314 -1.62734061252 -0.858360373019 -1.38730672514 -1.75947958914 -4.46324688939 -4.43945675079 -3.58423630790 -3.06774585659 -3.31324321384 -3.48722158964 -3.27231800589 -3.18118657421 -2.12334834136 -2.66812875733 -9.43723187410 -4.79422594730 -3.26786321808 -2.94326980639 -3.27887503080 -2.72938536395 -2.85842872122 -2.94237426409 -2.64592324338 -2.83799522522 -3.51679070440 -2.78936437775 -2.31779551140 -3.21458222611 -4.20134034631 -3.43262231689 -2.60142131630 -3.06077879718 -3.50973240745 -2.40326517068 -2.75010103991 -3.53531405103 -3.24360377146 -3.87784857307 -2.91603468036 -3.07354012861 -3.73129836986 -3.31057767666 -3.10604512959 -2.97391035751 -2.70547465867 -2.49349931220 -2.67092968249 -2.49521615671 -2.35131081050 -2.43689698069 -3.28821424037 -2.01316863385 -2.09437492365 -1.77958291815 -1.55308044111 -3.11685139517
