# Number of parameters = 203 Objective function value = -3574.53555566975  Maximum gradient component = 5.89181795952164e-005
# theta[1]:
-0.0959486826394
# theta[2]:
8.75721847694
# theta[3]:
8.12774149965
# theta[4]:
8.40236385425
# theta[5]:
0.792236580859
# theta[6]:
4.00000000000
# log_rinit_devs:
 -0.0884811236503 -0.0350000684434 0.0928148793403 0.0506407727102 -0.0199744599568
# log_rbar_devs:
 0.836590199894 0.676154074642 0.483929758142 0.501255900491 0.355411720439 0.641068489308 0.306311140058 0.248044224166 0.244494191795 0.345054854471 0.312817109028 0.302056579283 0.387436554545 0.472148705954 0.690113674830 0.639117728438 0.772186489988 0.587826578010 0.766033204909 0.548734788637 0.531594036477 0.581208329611 0.495553815061 0.275310867775 0.347134678369 0.365676818362 0.246170869623 0.562725026885 0.114515255188 -0.107788352132 -0.304754199225 -0.174419337166 -0.132828731965 -0.525982394571 -0.704243493256 -0.845262901877 -1.06575916782 -1.12036063334 -1.18490312663 -1.30471791253 -1.32837822854 -1.42317268068 -1.43436253974 -1.45961640715 -1.35800534959 -1.79148278718 -1.86323243462 -2.01861769593 -1.47860631712 -0.0389918609771 1.56306445747 0.226363956595 -1.19960809592 -0.188500559924 1.42903099723 0.683078818074 -0.372847300727 0.477704701787 2.20980113265 0.386507220193 -1.38828582043 -0.342666552238 2.27148894652 -0.216743768881 -0.971025757461 -0.713230631310 0.743118704707 0.637979808197 1.68902361206 1.71600664957 0.254116269005 1.02299712617 1.35474422551 0.815270220697 2.23045749459 -0.105338079944 0.436665563197 0.276275992815 0.297300273436 0.215047382601 -0.203081149422 -0.277380777517 -1.18867384528 -1.63063651517 -0.665619952353 -2.62767634998 0.548724368834 -1.68275650720 0.153894725592 0.00488624708587 0.159333656812
# mat_params[1]:
 7.70707459368 10.6815736294
# mat_params[2]:
 5.77395650386 8.40742136436
# log_m_devs:
 -0.0426900698478 0.0423443387782 0.160767290143 -0.160421559073
# log_slx_pars[1]:
 1.60499691658 -0.244440827374
# log_slx_pars[2]:
 1.69054252984 -0.310447295420
# log_ft_pars:
 -1.53144048172 -1.59657860390 -2.02718236439 -1.88548421215 -1.58241438726 -1.45255239264 -1.54434171671 -1.97018226751 -1.59559132755 -2.37489654389 -2.50115573907 -2.92748098547 -4.91221533622 -1.89975581989 -3.82858003909 -2.93465235185 -2.64501455070 -2.18199892342 -2.04771065488 -2.96368951307 -3.06105715420 -3.09721966706 -3.29824443690 -2.72585448728 -3.01831211069 -3.62810724314 -3.02083844908 -2.33392183383 -2.29299249950 -1.74079668412 -1.26149648625 -1.30374567273 -1.69085537587 -2.09257247691 -2.06342836676 -1.39952311898 -2.04204327372 -2.47132251019 -5.17682713005 -5.12895886931 -4.26019981397 -3.73798168642 -3.98054796933 -4.14620747825 -3.91849044945 -3.81575342572 -2.77792078023 -3.33469783455 -10.0988668988 -5.47788146425 -4.01477798370 -3.61206024790 -3.94576517606 -3.42429962206 -3.57596990463 -3.59787122132 -3.29891112905 -3.51547323427 -4.22563960207 -3.42680911393 -2.97383454270 -3.89017966674 -4.87787307370 -4.00431250841 -3.18378630872 -3.66581467726 -4.07931852384 -2.92716898701 -3.31842511836 -4.08866332507 -3.76398488775 -4.41047527204 -3.44401077298 -3.56609012906 -4.29815808205 -3.82889504573 -3.61799502625 -3.42453631561 -2.98232643249 -2.23975128540 -2.29647887299 -2.09983305011 -1.94525902791 -2.01957280000 -2.80843328943 -1.39298490866 -1.98092904101 -1.85012551308 -1.79005331519 -3.47792375710
