# Number of parameters = 205 Objective function value = -3598.88602801300  Maximum gradient component = 0.000215251035173100
# theta[1]:
-0.0541956262144
# theta[2]:
8.76193566145
# theta[3]:
8.29566057758
# theta[4]:
8.57488835682
# theta[5]:
0.892539789946
# theta[6]:
4.00000000000
# log_rinit_devs:
 -0.0504200428876 -0.0190394499851 0.0960562547091 -0.000412664422874 -0.0261840974134
# log_rbar_devs:
 0.789344718534 0.632609880001 0.440940003866 0.488629491738 0.353574434956 0.718655362119 0.388764100110 0.368207913773 0.420572278910 0.559802366490 0.542410026286 0.557603877889 0.676209640633 0.749786874618 0.926876748337 0.750559106407 0.724536704696 0.547733272248 0.769144104607 0.533485103929 0.519053444379 0.580981787209 0.490860773537 0.247844085807 0.333795662138 0.358429006234 0.228490411668 0.596928893635 0.108284820151 -0.111459837794 -0.295008215621 -0.112398360804 -0.0407630337325 -0.459530213212 -0.630126562334 -0.760231296708 -0.991888520441 -1.05000161687 -1.12463238140 -1.26292329053 -1.29219499909 -1.40089343616 -1.41582667143 -1.44459250478 -1.32850877528 -1.79455788211 -1.86810682027 -2.03116349075 -1.49267192745 -0.0615638683471 1.53113685914 0.205528631240 -1.20519592438 -0.203715957516 1.39845287817 0.656997636996 -0.402899868375 0.446227214404 2.17904675247 0.355843288327 -1.41095369063 -0.379174884967 2.22830929951 -0.247473962777 -1.00948809808 -0.753043960446 0.693113279669 0.591689698811 1.62920568636 1.65499044856 0.199189410794 0.969495020525 1.29290642588 0.749403446949 2.15694739598 -0.195984231269 0.323371425712 0.160704303725 0.190159723007 0.129138973445 -0.274969908734 -0.344674283329 -1.28314941395 -1.72968059290 -0.763070908152 -2.72897426382 0.456506908788 -1.78001745395 0.0591354254362 -0.0891230532015 0.109019132781
# mat_params[1]:
 7.94054490047 10.4008519796
# mat_params[2]:
 7.96546027728 11.0433554738
# mat_params[3]:
 5.86277011509 8.51470819389
# log_m_devs:
 0.0509201122416 0.0109141698482 0.119005347822 -0.180839629912
# log_slx_pars[1]:
 1.64569263060 -0.219347718396
# log_slx_pars[2]:
 1.71285828444 -0.287049513316
# log_ft_pars:
 -1.17063010797 -1.27271776865 -1.72412801206 -1.59869279984 -1.30445127922 -1.22174862241 -1.35015316543 -1.80834216968 -1.46946179651 -2.30053447043 -2.46916834057 -1.74019704064 -4.91207142660 -1.24767765133 -3.86266917612 -2.95908648991 -2.61441530192 -2.17393953653 -2.05120526996 -2.97271017592 -3.07631509431 -3.11800777278 -3.32069683111 -2.74924243518 -3.04230962972 -3.64942999017 -3.03897987043 -2.36006123350 -2.32537362294 -1.78511460334 -1.32126619310 -1.37671185038 -1.77932650759 -2.19390434410 -2.18067300668 -1.53434854155 -2.18416545578 -2.60903161663 -5.30214540393 -5.23853237576 -4.35607794451 -3.82110010332 -4.04790482656 -4.20521734884 -3.97768610068 -3.86853014368 -2.82725083793 -3.38123724957 -10.1297268895 -5.47633886800 -3.97971805086 -3.58186387936 -3.94967671222 -3.46877666260 -3.58547042629 -3.58893956193 -3.30429011778 -3.54161566318 -4.21769760349 -3.40918528863 -2.98689806253 -3.94345195749 -4.87525502418 -3.97534595403 -3.18155345508 -3.71279698192 -4.10938027927 -2.91827723841 -3.27789800655 -4.04023768049 -3.72787397294 -4.39842900009 -3.43143033541 -3.54552189348 -4.25379093898 -3.78180902484 -3.58677208909 -3.41270425145 -2.95649105598 -2.24634006984 -2.28118120066 -2.07896881697 -1.92853631115 -2.00664994286 -2.79881557890 -1.37738980933 -1.95868083892 -1.81444134688 -1.74925712686 -3.44529987290
