# Number of parameters = 202 Objective function value = -3577.03724613727  Maximum gradient component = 0.000422635765387319
# theta[1]:
-0.193046367965
# theta[2]:
8.13771452057
# theta[3]:
7.47470155602
# theta[4]:
7.84184502582
# theta[5]:
0.428306594368
# theta[6]:
4.00000000000
# log_rinit_devs:
 -0.0238323069472 -0.0238417458668 0.0690798350068 0.0249294590231 -0.0463352412159
# log_rbar_devs:
 0.972083477446 0.793512260381 0.593902061972 0.646264455165 0.520515064598 0.838150858050 0.485766779338 0.427548419041 0.414543384852 0.493851490029 0.447785687785 0.445840811605 0.564679178299 0.658758388750 0.861883336522 0.742116393896 0.806888769274 0.608985989431 0.805633729308 0.582802076500 0.579477859058 0.646902255259 0.566574048521 0.345418847075 0.437653353087 0.470531428089 0.344807239792 0.691373811580 0.197779952049 -0.0691847535321 -0.326141279660 -0.235879551762 -0.229454761685 -0.695325363805 -0.957956370865 -1.18304529817 -1.46167600866 -1.52845830181 -1.59054488398 -1.70641275659 -1.72798489361 -1.82036137225 -1.82320713212 -1.84152662920 -1.72064201314 -2.17896335174 -2.26386509320 -2.41816118454 -1.84971914167 -0.405825428704 1.14750718078 -0.171709121857 -1.60174748988 -0.579385091848 1.02936910667 0.292541824889 -0.763777254777 0.104278671678 1.81342909011 -0.000466131223296 -1.75194411127 -0.679942771129 1.94065593524 -0.524778565370 -1.26318679200 -0.976193166979 0.491463902224 0.370117067915 1.41799451695 1.44652296886 -0.00582088088057 0.777017649234 1.12858321137 0.619349808779 1.93361748770 -0.230133482195 0.427551863507 0.476440343710 0.738979812153 0.888144492814 0.494542662318 0.464696707178 -0.334967309476 -0.698812818505 0.308463233684 -1.55573077722 1.69309498883 -0.504903176910 1.28973656140 1.02972510343 0.361978914044
# mat_params[1]:
 7.25792781519 10.1811731267
# mat_params[2]:
 6.76588763537 9.80678596795
# log_m_devs:
 -0.0159223191437 0.119607743812 -0.103685424668
# log_slx_pars[1]:
 1.12811906303 -0.252291911443
# log_slx_pars[2]:
 1.56709140803 -0.353290496202
# log_ft_pars:
 -1.99977946406 -2.08220376774 -2.46328644238 -2.31211611710 -2.01629263357 -1.98709253915 -2.06806202875 -2.45722449422 -2.08062297365 -2.89597013755 -3.02392963015 -4.87880789781 -5.45436241334 -5.42740506270 -4.47986940596 -3.53150667026 -2.32862973612 -1.88333423796 -1.74551999735 -2.66423563202 -2.78268731308 -2.83078653310 -3.04620807942 -2.49464579125 -2.79561469953 -3.41149590556 -2.81692954170 -2.12003512177 -2.08689129248 -1.54219078712 -1.03016337911 -0.991221077996 -1.29617842204 -1.66264355927 -1.60805570123 -0.858229215326 -1.39667147340 -1.77521638970 -4.47484326966 -4.44151677297 -3.57790403884 -3.05330976365 -3.28375754440 -3.45407753528 -3.24314225663 -3.15224029239 -2.09967460128 -2.64689844910 -9.39015826749 -4.64220647338 -3.02873642982 -2.77688587304 -3.23755272107 -2.73668023822 -2.72213994392 -2.79340058488 -2.57586144135 -2.79617674466 -3.34664102861 -2.63973898092 -2.28637095952 -3.24459710925 -4.05668842298 -3.28538501034 -2.57718910031 -3.11060828869 -3.46549251250 -2.28546991554 -2.58776252150 -3.37486163117 -3.14981986328 -3.84030791562 -2.84935762469 -3.00115426868 -3.62011280711 -3.22818090995 -3.09721981906 -2.98624604298 -2.69064925412 -2.47047436876 -2.64623360871 -2.49089325128 -2.35514572126 -2.44806357020 -3.26919971534 -1.95731980197 -2.82653424324 -2.84295082245 -2.80633950820 -4.43804518005
