# Number of parameters = 203 Objective function value = -3469.97603076429  Maximum gradient component = 0.000149962299032808
# theta[1]:
-0.653393607566
# theta[2]:
6.73384642761
# theta[3]:
5.65138223812
# theta[4]:
6.19721542190
# theta[5]:
0.658321891942
# theta[6]:
4.00000000000
# log_rinit_devs:
 0.205326928538 0.118583433481 0.121324316769 0.0327043449047 -0.477939023693
# log_rbar_devs:
 1.64183107488 1.45287866249 1.23977386104 1.24771831909 1.13389467981 1.28285569781 0.902682264926 0.716331755307 0.613993547192 0.442921751409 0.315552483435 0.207408948191 0.353190939731 0.488028604883 0.728688529447 0.742648903949 0.853239187000 0.743735681442 0.807050012413 0.509872003728 0.509245267928 0.569942272615 0.540874549222 0.435373344462 0.490227491919 0.546214660392 0.555853147392 0.894259909165 0.617472325438 0.544925127327 0.392373442055 0.297307212339 0.119052269036 -0.297748970506 -0.461918952077 -0.633917339672 -1.25166533447 -1.58684206526 -1.86662475882 -1.86912088612 -1.80129957888 -1.81483098653 -1.80648738469 -1.80873944925 -1.67577721136 -2.04253104876 -2.22902561286 -2.69277944705 -2.39226628658 -0.823649753099 0.667003376996 -0.501072919189 -1.91951375833 -0.903301794477 0.633484406470 -0.0602524813650 -1.05087908529 -0.220537825258 1.39185757855 -0.297399139810 -2.06769162483 -1.05444515335 1.46735352201 -0.830978959406 -1.48874938080 -1.25745861645 0.207040565026 0.110969448477 1.11308285751 1.12816049055 -0.255813378149 0.475665142103 0.896858606285 0.415097728569 1.66585552610 -0.293035211965 0.428837405362 0.585721987516 0.964670239037 1.25060947055 0.864371470106 0.835702229169 -0.0335464467883 -0.479960766675 0.494364846350 -1.49836901169 1.59298083931 -0.930673132321 0.856186419491 0.682381529941 0.533230139142
# mat_params[1]:
 6.09069114442 9.55044275744
# mat_params[2]:
 3.92610630612 5.75697278198
# mat_params[3]:
 4.15623914283 6.26189968956
# log_m_devs:
 -0.0101015530317 0.0101015530317
# log_slx_pars[1]:
 0.615515679125 -3.35948222587
# log_slx_pars[2]:
 1.67918823405 -0.0624070774472
# log_ft_pars:
 -1.48307266973 -1.49942318217 -1.85530640400 -1.69886976721 -1.37219394224 -1.23905318709 -1.18352833679 -1.47440027159 -0.975998763739 -1.63442573847 -1.66969883083 -4.85051915415 -4.12674424711 -4.60225322477 -3.21955822939 -2.29360040661 -1.95885641894 -1.46723201511 -1.29024217768 -2.14405875677 -2.26101741672 -2.35162570477 -2.60219782641 -2.04849796952 -2.39317036499 -3.09596283373 -2.56503577920 -1.98352958736 -1.92608592263 -1.35517262121 -0.829171504033 -0.807148020625 -1.09972072900 -1.36736021611 -1.26147083650 -0.443407519140 -0.788939798738 -1.01890864987 -3.70497486197 -3.77531772584 -3.01663900503 -2.57052155158 -2.89901573133 -3.12185426204 -2.94102892343 -2.80719072576 -1.71558531788 -2.14225236594 -8.90021751699 -4.58013934579 -3.12475682056 -2.33572437345 -2.34668824716 -1.94719105335 -2.57069270916 -2.40991733791 -1.83474225124 -2.18493947077 -3.28270898979 -2.16126070757 -1.31296600639 -2.30478010712 -3.96728906438 -2.79741078383 -1.68470762028 -2.19884623122 -3.16576885905 -2.06101813209 -2.53225811864 -3.21208531528 -2.66185892317 -3.34464851316 -2.57564149891 -2.67748729591 -3.57441324567 -2.87907842566 -2.68521584568 -2.76163143245 -2.72892306486 -2.68950455529 -2.65956011218 -2.38240994172 -2.08335882880 -2.02063849662 -2.97805622132 -1.50221003149 -1.35663180137 -1.10567396083 -0.893645592660 -2.52264220656
