# Number of parameters = 202 Objective function value = -3628.85224027310  Maximum gradient component = 0.000134225942421325
# theta[1]:
-0.312367213577
# theta[2]:
8.33367558222
# theta[3]:
6.87412975123
# theta[4]:
7.26316840523
# theta[5]:
0.867608293505
# theta[6]:
4.00000000000
# log_rinit_devs:
 -0.0701445370728 -0.0159103956854 0.0944291310666 0.0402150032755 -0.0485892015840
# log_rbar_devs:
 1.66962565158 1.48049875004 1.26396871006 1.23206053553 1.03524067703 1.26656900587 0.847203058355 0.703296209937 0.611070594768 0.645767927298 0.584448479930 0.579523997181 0.689338842197 0.785012395604 0.993308902725 0.897040867516 0.961684633690 0.756319527123 0.925081189694 0.715079735463 0.724337563726 0.804122341808 0.746189339586 0.552600952180 0.662577755348 0.728139710382 0.651707241877 1.01693043951 0.580011398389 0.334814737036 0.0706513014826 0.139525006930 0.142925189957 -0.298679402644 -0.556337353549 -0.801723747689 -1.09579703334 -1.14812130420 -1.17360143961 -1.24739767501 -1.23129994492 -1.30791995422 -1.30416799116 -1.31832685130 -1.23350868114 -1.80861784880 -2.09105655458 -2.46752973556 -2.14674516258 -0.701133588824 0.759657216142 -0.463992873570 -1.89988624191 -0.886886872453 0.703928317151 -0.0262933394924 -1.07816162351 -0.199474524312 1.49253744052 -0.338252904232 -2.10478489921 -1.01270622128 1.60556164415 -0.852387124805 -1.58357860775 -1.28940029289 0.190530127349 0.0442506582662 1.07544346234 1.10043450052 -0.345815328308 0.426466027304 0.783566967978 0.260283458124 1.58629096024 -0.572452674588 0.115235273909 0.176541218062 0.452933568147 0.602457678721 0.184311907565 0.143111019221 -0.659719790709 -1.03670976093 -0.0785305732795 -2.02249998378 1.05317338956 -1.21692302724 0.554024342928 0.299959416574 0.193049668825
# mat_params[1]:
 7.52445321614 10.4911592173
# mat_params[2]:
 5.48811226831 8.19038084697
# mat_params[3]:
 5.28906328356 8.44196336843
# log_m_devs:
 0.136253668690 0.0722079345307 -0.208461603220
# log_slx_pars[1]:
 1.48896117914 -0.311367263575
# log_ft_pars:
 -1.46319082092 -1.51746569282 -1.91861680465 -1.73857946866 -1.39016091123 -1.21244310177 -1.24339947379 -1.58819439061 -1.12179982491 -1.81737001854 -1.89591180723 -4.19980357706 -4.30274714201 -2.94647721262 -3.26978209166 -2.35220323765 -2.01015930202 -1.54394700877 -1.38872095370 -2.29873618801 -2.41699830130 -2.47950015483 -2.71649977401 -2.16716255244 -2.48214568830 -3.13723735494 -2.57829352594 -1.93352177665 -1.92648650522 -1.37152711854 -0.838986509901 -0.809492099669 -1.14938219486 -1.52293107019 -1.44969294840 -0.677689830964 -1.19095863754 -1.57876229559 -4.31594622398 -4.33008852519 -3.51265876658 -3.02961018999 -3.30991781902 -3.49932007456 -3.28109622625 -3.17374799118 -2.05143518137 -2.48503231537 -9.08718114037 -4.31735445577 -2.60461354311 -2.31469722755 -2.71854618505 -2.22097426010 -2.27753602727 -2.36232434855 -2.09706644994 -2.31432967667 -2.92654135696 -2.21064918889 -1.78337629001 -2.73304296232 -3.63185777870 -2.86922956961 -2.09163572071 -2.61288468821 -3.04797320030 -1.89648473243 -2.16140368404 -2.93476488612 -2.68671739603 -3.36484408296 -2.40359278409 -2.55813499329 -3.17641557365 -2.78607087708 -2.63113287421 -2.54000705540 -2.28676131582 -2.07927583795 -2.24609062700 -2.07294018832 -1.92593480390 -1.99948423268 -2.83589174908 -1.51387798271 -2.25461185721 -2.18316951304 -2.03186211028 -3.64013598231
