# Number of parameters = 207 Objective function value = -3707.55239350111  Maximum gradient component = 0.00248522299210924
# theta[1]:
-0.378429431107
# theta[2]:
7.80194925587
# theta[3]:
6.75533313084
# theta[4]:
7.19801775866
# theta[5]:
0.594548158301
# theta[6]:
4.00000000000
# log_rinit_devs:
 0.0115628163122 -0.0130132615648 0.0669462044138 0.0217161378254 -0.0872118969865
# log_rbar_devs:
 1.37704249416 1.17437456664 0.961316727411 0.990764448517 0.843644480417 1.11352514601 0.718285037573 0.622843000229 0.554244315240 0.576491183164 0.493018100028 0.465497078790 0.587260882793 0.704112804093 0.941641644178 0.861123030275 0.935266401584 0.733334797453 0.892692757563 0.668531907460 0.669724044702 0.744135032399 0.678537820879 0.469413818130 0.564520465055 0.621991729438 0.539661634953 0.908721693642 0.485464051571 0.265498053898 -0.000636065821658 0.0423986009296 0.0320555123332 -0.397685385305 -0.634849755926 -0.905817621452 -1.24708964609 -1.34194726301 -1.38745584639 -1.46718581407 -1.45806936759 -1.54241554867 -1.54640313453 -1.57208176026 -1.47208444049 -2.01223846463 -2.23616524315 -2.53580242044 -2.07730388430 -0.631854163294 0.809064535088 -0.444139381586 -1.89663991551 -0.869287550194 0.737537284870 -0.000105157767565 -1.05223380326 -0.177994046140 1.52976779941 -0.320649754397 -2.08693422551 -0.943374426853 1.73143322088 -0.755984792350 -1.47238343341 -1.16497922756 0.325543054057 0.181587000752 1.23409405290 1.26626942990 -0.188780216930 0.597326668831 0.964654894702 0.455610951544 1.78031681729 -0.376741849046 0.304589172655 0.363799067652 0.632860051460 0.780575761069 0.366020938785 0.328320648343 -0.472994428218 -0.840007885510 0.154081115126 -1.77438812174 1.37741135818 -0.876989113735 0.932604884483 0.699081544372 0.392009641277
# mat_params[1]:
 7.12050252664 10.1005372042
# mat_params[2]:
 7.29619174673 10.5021424772
# mat_params[3]:
 5.54053027063 8.25911306239
# mat_params[4]:
 5.67420819836 8.94169909877
# log_m_devs:
 0.122464490550 -0.122464490550
# log_slx_pars[1]:
 1.09854865388 -7.29654431988
# log_slx_pars[2]:
 1.33887706423 -0.573005490445
# log_slx_pars[3]:
 1.66994749000 -0.219497125209
# log_ft_pars:
 -1.87867067510 -1.94491703668 -2.30186511878 -2.12789273851 -1.80859054002 -1.73655944228 -1.78266295218 -2.11986031597 -1.69391125647 -2.46068147658 -2.55920605306 -5.66813249984 -4.97022321149 -5.80548302849 -4.02382687357 -3.09886941842 -2.26499751830 -1.80634743845 -1.64976788107 -2.56742463148 -2.67326885841 -2.72776386313 -2.96198201615 -2.40291950176 -2.69846639798 -3.34612491811 -2.78139746758 -2.12602334895 -2.12715049680 -1.55136892441 -1.00687139413 -0.979266726509 -1.32362263434 -1.69891490190 -1.60846081565 -0.826657787678 -1.33383224748 -1.69967960213 -4.41770133934 -4.42240789713 -3.59320116080 -3.10138172166 -3.37536627367 -3.55425767808 -3.32472315432 -3.22505137592 -2.09207860678 -2.54124023306 -8.57147675783 -3.69253651370 -1.78661904046 -1.54015669890 -2.13136549637 -1.79426780780 -1.68732225073 -1.67714380459 -1.47881828858 -1.80569584955 -2.27316604091 -1.50107452075 -1.21316415995 -2.35775659077 -3.10816138280 -2.24867573706 -1.61970811616 -2.35742138472 -2.77242270960 -1.47344554239 -1.58873152317 -2.33788192749 -2.17593077196 -2.98911009989 -2.04713193714 -2.18011584066 -2.72007759712 -2.34226949155 -2.28478018188 -2.28974376860 -2.00159990842 -1.71871846916 -1.83699153785 -1.69767274452 -1.59729857968 -1.72615775609 -2.59782991549 -1.26513350262 -1.89575087085 -1.78188671917 -1.70744721268 -3.40490157364
