# Number of parameters = 205 Objective function value = -3669.80987109384  Maximum gradient component = 3.33460586966944e-005
# theta[1]:
-0.368726502823
# theta[2]:
7.86439944838
# theta[3]:
6.83689528669
# theta[4]:
7.24234907470
# theta[5]:
0.751696219172
# theta[6]:
4.00000000000
# log_rinit_devs:
 0.00103360063474 -0.00622348152452 0.0728441357064 0.0150865959995 -0.0827408508161
# log_rbar_devs:
 1.35439501586 1.15552045194 0.937531986421 0.959751835653 0.805914301128 1.08069976069 0.683019468129 0.576859492737 0.518422871213 0.546862752116 0.476747059977 0.455618214862 0.587093029252 0.717385775027 0.965124462557 0.875758433340 0.939512595163 0.723154489757 0.903522471081 0.692440803279 0.706699710986 0.792934811625 0.735470093925 0.540020790567 0.660195358628 0.729992823837 0.647396242098 1.02550252482 0.567957517758 0.307714359247 0.0325311623312 0.106988595560 0.113262483927 -0.351130491250 -0.635205420793 -0.900491509086 -1.20341751743 -1.25367079491 -1.27577949046 -1.35074070863 -1.33385848841 -1.40845735048 -1.39905831247 -1.41084580672 -1.31342489489 -1.87885885621 -2.12426112631 -2.44774688790 -2.04573930429 -0.602777766471 0.851338359262 -0.385197029953 -1.82855139388 -0.812201212607 0.786568149915 0.0479680545568 -1.01157199455 -0.128029164947 1.57962215076 -0.267606776756 -2.03653753101 -0.931271460156 1.71595623716 -0.763272204221 -1.49374964159 -1.19198337975 0.294461395544 0.144102062297 1.18372668991 1.21252141503 -0.244029771551 0.537226762941 0.893775993290 0.369317463292 1.70379361439 -0.474308244560 0.206391783513 0.259245708693 0.521690570555 0.657247125669 0.246703116271 0.209882717058 -0.583287193430 -0.944590875941 0.0287319463911 -1.90386279174 1.19344811601 -1.07119705171 0.710564049490 0.461147886516 0.269279331049
# mat_params[1]:
 7.28056081287 10.2009472042
# mat_params[2]:
 7.51499454260 10.6343396487
# mat_params[3]:
 5.54197753762 8.23248319931
# mat_params[4]:
 5.52582273016 8.83847765445
# log_m_devs:
 0.146424224572 -0.146424224572
# log_slx_pars[1]:
 1.11874102733 -0.245080642870
# log_slx_pars[2]:
 1.51640402835 -0.369792393070
# log_ft_pars:
 -1.75106904565 -1.81063080334 -2.17265529511 -2.00090753010 -1.67241773867 -1.60115355730 -1.63387088885 -1.97837407632 -1.55162291377 -2.32008584970 -2.42217392907 -5.13014810658 -4.85030723348 -5.30134618631 -3.92329122668 -2.99801225476 -1.91860866261 -1.46353705795 -1.30708659325 -2.21611654540 -2.34436300823 -2.40897898606 -2.64975529162 -2.11147539101 -2.43004602226 -3.08256601165 -2.52637420384 -1.87005547915 -1.87060669829 -1.33378618874 -0.805020198893 -0.753297004081 -1.06523009040 -1.43883141510 -1.37559227129 -0.589163035091 -1.07071213490 -1.43996668076 -4.17163478045 -4.18876449129 -3.37143814229 -2.88741600358 -3.16081459962 -3.35437543528 -3.14900472759 -3.05735869938 -1.95320734542 -2.41468401501 -9.04436039054 -4.21650097194 -2.44745784259 -2.21801339130 -2.68507417016 -2.19192352892 -2.16476276109 -2.26128931902 -2.03926494089 -2.25622898872 -2.79778300292 -2.11703225650 -1.74993624415 -2.71199454947 -3.52344942211 -2.79468353503 -2.08313909367 -2.62185724785 -3.00442592953 -1.82927981448 -2.07003248876 -2.85096498149 -2.64645801809 -3.34502272200 -2.36301155975 -2.51880736934 -3.10856339514 -2.74449575555 -2.61998338522 -2.51932387457 -2.23652161374 -2.00357078741 -2.17994013118 -2.02464926310 -1.89086308441 -1.98170672524 -2.82005177628 -1.50695836322 -2.21623684907 -2.17167545887 -2.05782568175 -3.67216626138
