# Number of parameters = 206 Objective function value = -3629.56108883896  Maximum gradient component = 0.000126331170772635
# theta[1]:
-0.0984492024505
# theta[2]:
8.60656968919
# theta[3]:
8.06944607746
# theta[4]:
8.34615462553
# theta[5]:
0.799668934451
# theta[6]:
4.00000000000
# log_rinit_devs:
 -0.0659451145468 -0.0419879410091 0.0714815637927 0.0190126184832 0.0174388732800
# log_rbar_devs:
 0.814726895883 0.640170602640 0.435502955707 0.493426676217 0.365072872880 0.721068657174 0.367589876163 0.319500333364 0.327130700423 0.427766969104 0.383582973637 0.375813876671 0.485202805228 0.576268261081 0.780065506449 0.653028623460 0.723047502730 0.528663088753 0.751762390279 0.521244822158 0.517326320073 0.588592342362 0.504971721961 0.268523038930 0.365597794904 0.398294065470 0.270562930031 0.644632615336 0.141759581741 -0.0996826441892 -0.307224334305 -0.139199665913 -0.0783509999143 -0.516077294756 -0.708051788162 -0.853280829277 -1.08696496287 -1.13548698352 -1.19844844701 -1.32629291974 -1.34519679910 -1.44483551714 -1.44940156394 -1.46934448753 -1.34188801123 -1.80781095008 -1.87467202883 -2.02528503603 -1.46708097036 -0.0318376645932 1.54951843658 0.217998326704 -1.20217768781 -0.193874091993 1.41672387080 0.670728093564 -0.393519043691 0.460383105655 2.20008196906 0.367643785490 -1.39954864103 -0.358223069466 2.26838386358 -0.222013310126 -0.981806267090 -0.718439118150 0.734625637812 0.627588917746 1.67143597001 1.69940291692 0.237334002969 1.01459815350 1.34149365553 0.802769908080 2.22167321084 -0.118685655958 0.416766735129 0.254386469984 0.271459489635 0.182468709434 -0.226524387048 -0.298364826873 -1.21929945301 -1.66286360915 -0.697790806939 -2.66206502411 0.516075342357 -1.72042075030 0.124823334610 -0.0140296602451 0.136798594692
# mat_params[1]:
 7.76714185411 10.4926766453
# mat_params[2]:
 7.70971541400 10.7439988902
# mat_params[3]:
 5.69370245256 8.32020938905
# log_m_devs:
 0.0274436136445 0.151545502674 -0.178989116318
# log_slx_pars[1]:
 1.40372269685 0.0731181179329
# log_slx_pars[2]:
 1.63766807280 -0.311386536048
# log_slx_pars[3]:
 1.68950907501 -0.294776537673
# log_ft_pars:
 -1.90206250034 -1.99435014949 -2.38327739722 -2.23477014124 -1.93964859509 -1.92574985896 -2.01981281955 -2.42341601787 -2.05889834985 -2.88497118290 -3.01668142068 -3.16235939223 -5.42411332747 -3.07626932567 -4.43194076686 -3.48873658557 -2.37078971298 -1.93282232611 -1.81010827397 -2.73608341004 -2.85373821068 -2.90276902841 -3.11419480403 -2.55726594093 -2.85818185533 -3.46965976519 -2.86815863529 -2.18339860693 -2.15672277048 -1.62697286538 -1.15088426291 -1.16637620733 -1.53348007236 -1.94362111358 -1.93298192990 -1.26503501118 -1.88994652445 -2.31088062336 -5.01198350250 -4.96217848812 -4.09076857789 -3.56479611903 -3.79543607064 -3.96266107764 -3.74738440384 -3.65381912666 -2.61933362016 -3.18062281905 -9.92137875829 -5.19215260637 -3.62895080143 -3.31713548946 -3.76390139783 -3.28581878063 -3.29910400730 -3.32682040547 -3.09851393954 -3.33397650057 -3.91556323767 -3.15917181454 -2.80718100167 -3.77786138129 -4.59107602928 -3.74168452591 -3.02307640433 -3.57411504345 -3.90315746643 -2.68449584761 -3.01065121416 -3.78741394283 -3.53229473382 -4.22377732289 -3.23048720690 -3.35163083138 -4.01880817309 -3.59748992369 -3.44979175132 -3.28509605320 -2.81878670722 -2.20507460788 -2.25963723227 -2.06189334833 -1.90898924008 -1.98479699216 -2.77722531877 -1.36235867174 -1.94555036059 -1.80933941492 -1.74451007815 -3.43575114946
