# Number of parameters = 208 Objective function value = -3653.33931492006  Maximum gradient component = 0.000212961230694673
# theta[1]:
-0.322247279949
# theta[2]:
7.01737527014
# theta[3]:
6.74114437871
# theta[4]:
7.21677005529
# theta[5]:
0.598744239408
# theta[6]:
4.00000000000
# log_rinit_devs:
 0.162750630658 0.0733895039608 0.0942969450419 -0.0207857811903 -0.309651298470
# log_rbar_devs:
 0.891235121696 0.694873227351 0.469884154447 0.555482479547 0.449993307396 0.764647535995 0.385806533731 0.301337485832 0.299292764331 0.337474755491 0.302549300307 0.296656102523 0.423418615051 0.620191865128 0.902337148480 0.950812351046 1.19032542409 0.967558821085 1.15376237959 0.921145405055 0.922197561723 0.999517973871 0.925908751616 0.706172374133 0.814710696552 0.871981868974 0.773532550938 1.16577344466 0.688369321957 0.432011128115 0.160894947726 0.248517061915 0.260035096483 -0.215843919157 -0.490797681633 -0.752830532288 -1.07468464550 -1.14619412631 -1.19271684608 -1.29183932605 -1.29417637670 -1.39148754149 -1.40051286175 -1.43136809252 -1.33826729798 -1.94153789764 -2.22403415860 -2.60555868587 -2.28302943977 -0.817783979183 0.630084981467 -0.607556853735 -2.02908832242 -1.01322745394 0.561822892218 -0.159697857522 -1.20471246833 -0.321661643879 1.34608519969 -0.454644397804 -2.19618869309 -1.09838182239 1.50280990457 -0.906607304464 -1.62752226762 -1.31397846005 0.158774030077 0.0238929150344 1.05671433802 1.08468045040 -0.335538494385 0.445071461942 0.813731021756 0.333219690343 1.63056456690 -0.437353034864 0.276171094809 0.413961880288 0.810204904099 1.18329737015 0.743643593845 0.695642685621 -0.202665490235 -0.637822631825 0.351425568792 -1.68388859157 1.54548402431 -0.792004290600 1.07394620250 0.915951857396 0.469615296172
# mat_params[1]:
 6.90786781317 10.0164097985
# mat_params[2]:
 7.30652316484 10.4319416465
# mat_params[3]:
 5.43974160881 8.29004939356
# mat_params[4]:
 5.34136660844 7.72872284041
# log_m_devs:
 -0.104256924387 0.105709172413 -0.00145224802527
# log_slx_pars[1]:
 -0.0839856845641 -6.61854202842
# log_slx_pars[2]:
 1.48791727702 -0.368354127247
# log_slx_pars[3]:
 1.60350882565 -0.419405194771
# log_ft_pars:
 -1.61777998391 -1.66585830050 -2.02396360376 -1.90326235639 -1.60774164738 -1.61914090025 -1.63930005076 -2.01899642899 -1.64482906673 -2.47526424296 -2.61967358476 -2.90022016901 -5.09372222858 -2.54035249793 -4.24816135971 -3.40223972777 -2.16843200180 -1.69967777395 -1.54832395367 -2.46136165809 -2.57477007846 -2.62550474394 -2.85124794326 -2.29634276977 -2.59766002643 -3.23335939220 -2.66084993403 -1.99972093016 -1.99223385288 -1.44335037724 -0.911159634359 -0.869456657036 -1.19429998456 -1.56763615017 -1.49573456597 -0.715846195830 -1.20711558548 -1.56716840032 -4.27491858053 -4.26672153396 -3.42558181247 -2.91862044126 -3.17033981761 -3.34179480240 -3.11577540351 -3.00301846367 -1.86937391012 -2.29134746309 -8.88435297333 -4.08884209373 -2.31384192212 -2.09517852737 -2.56752439914 -2.08813455753 -2.05719576722 -2.15590523223 -1.92775455674 -2.15489327802 -2.68498590823 -2.00482758593 -1.62672122433 -2.61275299929 -3.43005450209 -2.70962493270 -1.99373027534 -2.55924707542 -2.98213293354 -1.81981077419 -2.04672302494 -2.83087007607 -2.63740005857 -3.35265487386 -2.38838252597 -2.56808981366 -3.15683416636 -2.80895010606 -2.70343428482 -2.65645985873 -2.46211537892 -1.99954112852 -2.10991108313 -1.95310178279 -1.81091949773 -1.88363213075 -2.65841569660 -1.27652423892 -1.88400768686 -1.81393621938 -1.75735726377 -3.38437207528
