# Number of parameters = 94 Objective function value = -327.364521474921  Maximum gradient component = 8.54882555799923e-005
# theta[1]:
-0.603405568111
# theta[2]:
3.30957718636
# theta[3]:
5.88546916252
# theta[4]:
6.24927239202
# theta[5]:
0.843825028028
# theta[6]:
4.00000000000
# log_rinit_devs:
 3.17419145341 1.83541574467 0.0397933263961 -2.37026440383 -2.67913612065
# log_rbar_devs:
 -0.743718595931 -2.05675886251 -1.03887017516 0.540765073491 -0.229074471962 -1.40183155001 -0.450409315425 1.30871012263 -0.607031877307 -2.17680869343 -1.24874365847 1.48232181843 -0.886488497486 -1.67449838789 -1.27140249654 0.176071639907 0.0445977222374 0.966404038439 0.991519821479 -0.391830456619 0.493999004474 0.814935696020 0.409987466623 1.68856248597 -0.248072910340 0.391322378744 0.587698456279 0.958041048183 1.19712661020 0.862177240224 0.809636488171 -0.142547764811 -0.583008985630 0.353425158096 -1.63190651981 1.47557087943 -0.861636372530 0.907952830445 0.816033350945 0.367780261423
# mat_params[1]:
 4.35605212188 6.54230036820
# log_m_devs:
 0.00000000000
# log_slx_pars[1]:
 1.56101661962 -0.218772532993
# log_ft_pars:
 -1.19521676673 -1.78199668470 -1.42281764914 -1.30972549085 -1.33795239887 -1.10510253532 -1.37953585688 -1.84917957432 -1.11753222614 -0.787233527707 -1.87822156028 -2.67446260236 -1.90060923827 -1.25768771588 -1.98111656313 -2.46684093905 -1.22728822736 -1.26235411831 -1.97093067636 -1.81275330706 -2.64156428686 -1.73118982102 -1.92692616982 -2.49001747807 -2.17072453707 -2.14877116311 -2.20757644974 -2.02867304136 -1.86428131807 -1.93247486664 -1.73588346807 -1.58706844563 -1.66095913077 -2.47079144258 -1.09086423676 -1.65959041396 -1.50073935362 -1.32223900601 -2.95133494559
