# Number of parameters = 204 Objective function value = -3662.33030471739  Maximum gradient component = 6.50483304477668e-005
# theta[1]:
0.0542672819488
# theta[2]:
10.1533262466
# theta[3]:
9.07038615167
# theta[4]:
9.44171456424
# theta[5]:
1.06299771937
# theta[6]:
4.00000000000
# log_rinit_devs:
 -0.221101070722 -0.136091943748 0.0654648419265 0.0651808390918 0.226547333451
# log_rbar_devs:
 1.21196674843 1.00981452655 0.756805799566 0.767393204220 0.592154946599 0.956642358160 0.548960876604 0.460143869871 0.457551898201 0.548389885443 0.467515430364 0.395568071833 0.445642268169 0.492690570607 0.701416214187 0.569991423168 0.670679004302 0.479782365310 0.737953675678 0.499292299646 0.495694651547 0.575993485522 0.494198944689 0.237196002451 0.342032046261 0.385694837973 0.268255179509 0.681916143682 0.186443024294 -0.00719065643727 -0.143401784916 0.134787626457 0.273418768192 -0.125912920214 -0.241380028012 -0.310695565296 -0.506358184816 -0.522122349582 -0.563044869134 -0.690213451329 -0.686025155056 -0.791506881429 -0.788377913144 -0.768007253616 -0.625512397480 -1.22062084601 -1.46301918974 -1.88564315606 -1.73083406479 -0.326321511129 1.25804985892 -6.47730138955e-005 -1.39683733559 -0.400236445209 1.17271286594 0.452561389265 -0.595101634578 0.241968243717 1.96799290135 0.159172909349 -1.62032322750 -0.581495171482 1.99715038159 -0.443165905699 -1.21444269873 -0.974680835727 0.450577868120 0.357638859636 1.36307937758 1.38433648509 -0.0520912628015 0.704919625467 1.01250378794 0.450921660413 1.78104067590 -0.576896714154 -0.0927056934527 -0.216427807446 -0.100424263001 -0.0348850624684 -0.408501776281 -0.466463355117 -1.46089339262 -1.90297992701 -0.926186126476 -2.89003881511 0.333449116505 -1.91050375380 -0.0782490634665 -0.258881542860 0.0646026075290
# mat_params[1]:
 8.36554573468 10.7041683827
# mat_params[2]:
 8.97664986538 12.4394678383
# mat_params[3]:
 6.47998534672 9.18914844491
# log_m_devs:
 0.142318378777 0.0178348748806 -0.160153253657
# log_slx_pars[1]:
 1.76600635002 -0.197567174901
# log_slx_pars[2]:
 1.79738188611 -0.262144505802
# log_ft_pars:
 -1.59137212294 -1.65943261701 -2.06444962234 -1.89706572625 -1.56368987712 -1.45449663838 -1.53578617677 -1.93709341275 -1.54522484176 -2.30590150174 -2.39680484868 -3.87171964509 -4.72520223526 -1.46487575360 -3.57157951618 -2.63125706281 -2.30176876729 -1.85884851095 -1.77005274961 -2.70398839501 -2.81292803448 -2.86928223826 -3.08043659091 -2.50221252679 -2.80574730719 -3.42803896513 -2.82362082242 -2.19035511246 -2.16429814974 -1.62937109498 -1.19137589127 -1.31551513081 -1.80586288593 -2.25768168322 -2.27632123317 -1.68388253710 -2.37793135997 -2.83959253388 -5.56229553723 -5.51904424960 -4.66490223824 -4.15508343901 -4.41585428469 -4.59816442408 -4.38906940362 -4.27653020276 -3.21214953876 -3.68023099465 -10.2401474276 -5.46586338622 -3.81988785927 -3.45701421550 -3.93470220743 -3.59525936983 -3.63504945209 -3.58948385231 -3.34414062756 -3.65767778193 -4.23138008357 -3.40197670941 -3.06570571550 -4.15685207687 -4.94077923005 -3.95850756219 -3.22721059570 -3.91931018832 -4.30417906369 -2.99108792864 -3.21380855802 -3.95291394560 -3.68874562623 -4.43482129507 -3.47636174353 -3.57172963302 -4.16177133519 -3.68629689623 -3.53141761433 -3.44271209466 -2.99828162949 -2.36274062575 -2.31938346309 -2.09888506371 -1.96094487652 -2.05735107361 -2.86115496772 -1.43197701401 -2.01533647243 -1.84643362418 -1.77957192888 -3.49830932153
