# Number of parameters = 208 Objective function value = -3717.63435335662  Maximum gradient component = 0.000139914405825509
# theta[1]:
-0.272017410159
# theta[2]:
7.56049197279
# theta[3]:
7.09470933915
# theta[4]:
7.49382623663
# theta[5]:
0.800234281583
# theta[6]:
4.00000000000
# log_rinit_devs:
 0.131817783843 0.104179237758 0.114235121130 -0.0322328472911 -0.317999295441
# log_rbar_devs:
 0.910573302771 0.745609406422 0.576401757214 0.629727746267 0.496303246011 0.776740391043 0.445564827751 0.405774193509 0.417688680130 0.533216022764 0.483896605463 0.412773741290 0.435110946109 0.469696750870 0.669219568879 0.686382971593 0.867884606040 0.681056363158 0.839409376822 0.618705895416 0.610517886319 0.671937635504 0.599142851487 0.389873998681 0.469561569560 0.511151866922 0.423890995287 0.767997127967 0.354368704088 0.144433096237 -0.0926529446889 -0.0268279038230 -0.0211978579645 -0.422615802978 -0.619078730023 -0.819334512819 -1.10278991879 -1.16966654930 -1.21365519451 -1.29692921171 -1.28940564257 -1.37149949961 -1.37686246685 -1.40500698389 -1.31593667573 -1.81925426653 -1.98268594985 -2.21815340637 -1.71819903432 -0.301318145619 1.18659168771 -0.0854639689224 -1.54167953022 -0.517721326676 1.10293003368 0.363304993030 -0.691264567527 0.164333288674 1.89634998848 0.0456117287015 -1.73232475941 -0.612840891133 2.06388927518 -0.453151114533 -1.18594334599 -0.905820673685 0.576757419018 0.441625774853 1.49478674735 1.52708776976 0.0603086282669 0.845419631438 1.19905123771 0.667926755422 2.07226965538 -0.202343725691 0.407689659402 0.305995289611 0.368468272013 0.300220521551 -0.0969701934371 -0.143715013038 -0.962136085595 -1.33288929308 -0.306152928860 -2.19256287854 1.08549612156 -1.38980967472 0.375876390028 0.0956256737400 0.243631994878
# mat_params[1]:
 7.57962437444 10.6512352814
# mat_params[2]:
 6.31747108396 9.21251210214
# mat_params[3]:
 5.02177086699 7.43534890299
# log_m_devs:
 -0.0504350211254 0.101228625576 0.165512434495 -0.274274658794 0.0579686198488
# log_slx_pars[1]:
 1.34880192418 -0.381555385604
# log_slx_pars[2]:
 1.75772348947 -0.194653774170
# log_slx_pars[3]:
 1.57642902971 -0.377548857709
# log_ft_pars:
 -1.28559253200 -1.37034156963 -1.79455670815 -1.66066454432 -1.36942084300 -1.27016100686 -1.37390550043 -1.79467709766 -1.43085681271 -2.25986612419 -2.43265127477 -1.00440731481 -4.70683815431 -0.810220109274 -3.53751684430 -2.70758835789 -2.46259799347 -1.98733943341 -1.84315364763 -2.75806825556 -2.85367999664 -2.90351835668 -3.12424391054 -2.54699647855 -2.84141384689 -3.48315129629 -2.90200832651 -2.25388518438 -2.22709753775 -1.63763867361 -1.10413157249 -1.12368364962 -1.51296157785 -1.89222771784 -1.81409365658 -1.08616038172 -1.67009852341 -2.08476201908 -4.81699780274 -4.81132151224 -3.98013468108 -3.48860464606 -3.77080074831 -3.94801919871 -3.71140050480 -3.59258751736 -2.49081263475 -2.97567817536 -8.72750353291 -3.82681307706 -1.95543314015 -1.66597668534 -2.24926427607 -1.95710561106 -1.88238192498 -1.82542453363 -1.61103187770 -1.96597397412 -2.45213042621 -1.63494146472 -1.34864340728 -2.53110405400 -3.28457041298 -2.34298131001 -1.68590881872 -2.46296083166 -2.87878478071 -1.52723498823 -1.62638036745 -2.36666359501 -2.17972056188 -2.99864764079 -2.06636433939 -2.17798879899 -2.73449399441 -2.33698946370 -2.27039165818 -2.27270087689 -1.90414796799 -1.91933218800 -2.05022211838 -1.88867314189 -1.75765336810 -1.85984930115 -2.70193641924 -1.37580535931 -2.06295527943 -1.83234066983 -1.59484678423 -3.08362526754
