# Number of parameters = 205 Objective function value = -3644.09916505118  Maximum gradient component = 0.000216185272874212
# theta[1]:
-0.356138286922
# theta[2]:
6.91733023464
# theta[3]:
6.55752643387
# theta[4]:
7.04332393969
# theta[5]:
0.629565809968
# theta[6]:
4.00000000000
# log_rinit_devs:
 0.184001164988 0.0856438776342 0.0964197039544 -0.0229950362999 -0.343069710277
# log_rbar_devs:
 0.995791336947 0.796468526056 0.569213600031 0.646057751457 0.538313221686 0.831789709998 0.446997448052 0.346269560131 0.332236384276 0.344179936649 0.302835039291 0.291598307213 0.451165434196 0.651220095041 0.982843611971 1.03217118483 1.25871888531 1.03633092722 1.21303121608 0.987250060586 0.991004069548 1.06933196235 1.00110116915 0.791523190738 0.902437018811 0.964186242425 0.872148300256 1.25743141948 0.790866962545 0.534049139011 0.256808655969 0.327325894718 0.327532795531 -0.149083567849 -0.441001825396 -0.727585249052 -1.06511363765 -1.14516186120 -1.19096421293 -1.28513219929 -1.28777970184 -1.38304211064 -1.39298136227 -1.42528652858 -1.33914317679 -1.94715769695 -2.25315996060 -2.65378114087 -2.32795359428 -0.846855266040 0.573013068078 -0.659570049628 -2.08437918169 -1.06743340095 0.504942630421 -0.219080603573 -1.26101841617 -0.375908029137 1.28463855126 -0.522227163372 -2.26567314268 -1.15549701496 1.45368022076 -0.954397838718 -1.66729250567 -1.34624698060 0.131889556619 -0.00979811890646 1.02550842539 1.05659891639 -0.359628133462 0.422814276086 0.800120669591 0.329296700213 1.62416613234 -0.400025214836 0.328643633403 0.478951272347 0.853627933731 1.14490754965 0.717323180744 0.653772262942 -0.262088946688 -0.710996667266 0.265824300942 -1.78495881482 1.45681691402 -1.02700320127 0.753286922575 0.513151378167 0.481202963401
# mat_params[1]:
 6.82696909587 9.94931475121
# mat_params[2]:
 7.20783228223 10.3652161654
# mat_params[3]:
 5.09442546633 7.68074904367
# log_m_devs:
 -0.101191896414 0.108849312975 -0.0267946808267 0.0191372642663
# log_slx_pars[1]:
 0.631565106403 -4.21501105716
# log_slx_pars[2]:
 1.48393229943 -0.381442146314
# log_ft_pars:
 -1.54810792320 -1.58960138709 -1.94571789455 -1.82004133474 -1.51799371736 -1.50959401864 -1.51681876993 -1.88394355593 -1.49390902602 -2.30612463674 -2.44378989212 -3.63350524473 -4.95349544765 -3.63722904099 -4.16353797478 -3.31823757550 -2.10652573370 -1.63686025259 -1.47908679576 -2.38839100717 -2.50468908885 -2.55825564920 -2.78788250276 -2.23888905554 -2.54489730957 -3.18580424317 -2.61983382895 -1.95916635033 -1.95454839450 -1.41076720617 -0.880466762124 -0.829390610375 -1.13815328249 -1.50292417805 -1.42623937067 -0.630484306589 -1.09255755130 -1.43467156430 -4.13987633988 -4.13796991206 -3.30046504383 -2.79477384492 -3.04565307726 -3.21818525959 -2.99332020830 -2.87948044104 -1.73496531191 -2.14506991690 -8.73109404504 -3.92720402973 -2.10784597409 -1.90711665960 -2.40221112194 -1.93085426436 -1.86983845470 -1.97051106599 -1.74882651361 -1.98060261805 -2.48866495191 -1.81559047796 -1.44393150219 -2.44385218507 -3.24474918824 -2.53993383645 -1.84178851266 -2.42501503767 -2.85247338900 -1.68285747659 -1.88443797806 -2.67023595280 -2.49722035193 -3.22994459703 -2.26917522605 -2.45543679346 -3.03386892646 -2.70235547864 -2.61765173439 -2.59214537640 -2.41164836682 -2.29840305039 -2.39856673196 -2.17311327165 -1.97743425127 -1.99326367701 -2.74562505433 -1.38293843762 -2.12093943476 -2.04341542112 -1.82637302786 -3.34833207335
