# Number of parameters = 204 Objective function value = -3668.50479911333  Maximum gradient component = 7.80060471183623e-005
# theta[1]:
-0.321471376046
# theta[2]:
7.73029351039
# theta[3]:
6.54959582397
# theta[4]:
7.12621346003
# theta[5]:
0.472820667829
# theta[6]:
4.00000000000
# log_rinit_devs:
 0.0287092383140 0.0244988346371 0.0932684777547 0.0281846870877 -0.174661237794
# log_rbar_devs:
 1.50046593025 1.30276166558 1.09643286511 1.11103532712 0.944582991841 1.18629902460 0.782543389109 0.670343899977 0.582552087479 0.611211036336 0.525304932817 0.472899540653 0.538927023319 0.573948744904 0.738950436163 0.672841574805 0.763098975813 0.571693605080 0.708324428442 0.474587271718 0.479022912767 0.555921158944 0.501570090172 0.306886601498 0.400121124557 0.466137169073 0.406164804283 0.779352582479 0.387149085545 0.198191641240 -0.0599051505511 -0.0519063153997 -0.0940573757559 -0.520771936475 -0.739188398172 -1.03019753646 -1.43519622142 -1.57220223003 -1.62998754554 -1.68396816209 -1.65236832263 -1.71637561241 -1.70657296178 -1.71961037401 -1.60030329847 -2.09848451670 -2.29579393943 -2.58280166193 -2.10476300971 -0.652694239144 0.773957500789 -0.486216416907 -1.93147567810 -0.904828535705 0.688843875808 -0.0406209476019 -1.08133487938 -0.213045676147 1.46538288268 -0.363079974608 -2.11112727631 -0.966224051400 1.68845542396 -0.763795383771 -1.46725398917 -1.15050068242 0.335760642491 0.199489343187 1.25337454733 1.28954698816 -0.138680401907 0.652463069936 1.03928802931 0.572385315328 1.87705605183 -0.164677894972 0.568486413824 0.711438119760 1.08158350287 1.36904410043 0.931149217625 0.876669143445 -0.0410407388034 -0.510177279084 0.445858234563 -1.63583728013 1.57103528320 -0.896428093855 0.891040652086 0.650373183701 0.571490544393
# mat_params[1]:
 7.03986361666 10.2607410512
# mat_params[2]:
 5.40990970534 8.11759339927
# mat_params[3]:
 5.13679627561 7.65032596530
# log_m_devs:
 -0.0235391634850 -0.00918953081443 0.0327286942994
# log_slx_pars[1]:
 1.22338867728 -0.596016775431
# log_slx_pars[2]:
 1.67290904875 -0.204933356619
# log_ft_pars:
 -1.64009470902 -1.70485521460 -2.08808312186 -1.91133302868 -1.58377850671 -1.44771635779 -1.49657136372 -1.83846457436 -1.39043784424 -2.12653860841 -2.22309768934 -2.19890512118 -4.55797473994 -1.53854429360 -3.41295737970 -2.50123855994 -2.15751587997 -1.68554576520 -1.52242365439 -2.43438568458 -2.54092651315 -2.60932252976 -2.85200848864 -2.28792200463 -2.59507938600 -3.26464396782 -2.70862540049 -2.07819046323 -2.06910417549 -1.47649006194 -0.920221681500 -0.893879179666 -1.23933046079 -1.59274056253 -1.48936479478 -0.685387401873 -1.15243608405 -1.49668551852 -4.22519879530 -4.25411518008 -3.44981815616 -2.97774902146 -3.27664387755 -3.47394138408 -3.26063392939 -3.15920210419 -2.03584397053 -2.50361847133 -8.44036357133 -3.55704392873 -1.60043440637 -1.36268553702 -1.98066766604 -1.66813670975 -1.54142223727 -1.51814131185 -1.31621785863 -1.65994525421 -2.10625201230 -1.32282465362 -1.03388483752 -2.21149814716 -2.95923839735 -2.09743349213 -1.47764571569 -2.25110037000 -2.69684685066 -1.39660425042 -1.48133780265 -2.23040454443 -2.08838970976 -2.93085131719 -2.00789780645 -2.16297277778 -2.70391418724 -2.34707062266 -2.32139023492 -2.38049081007 -2.17048239993 -1.99107943510 -2.05216485256 -1.85894791939 -1.70494781594 -1.77237096015 -2.56102247340 -1.16437199378 -1.74652305314 -1.53621966084 -1.35229826080 -2.93583483418
