# Number of parameters = 204 Objective function value = -3591.19613046217  Maximum gradient component = 0.00182622276976668
# theta[1]:
0.110728347607
# theta[2]:
9.80178615680
# theta[3]:
9.38247379288
# theta[4]:
9.69180048261
# theta[5]:
0.600898232132
# theta[6]:
4.00000000000
# log_rinit_devs:
 -0.160906128722 -0.115567140003 0.0584081108247 0.0214047351643 0.196660422737
# log_rbar_devs:
 0.699132432058 0.515540686131 0.284478459612 0.390373251894 0.266440072549 0.765706254805 0.366120799881 0.336688815976 0.380174881387 0.520198439363 0.460327466225 0.433923727123 0.550387385217 0.636195227571 0.877008824970 0.713534134418 0.808947560366 0.590076237324 0.884485219292 0.585009071423 0.562151327234 0.637921880497 0.519426268167 0.199450995693 0.301351302640 0.325398657243 0.164285603969 0.651655047841 0.0797015409599 -0.124178831854 -0.271354530066 0.0411473157401 0.184623146411 -0.296240920679 -0.451800566646 -0.563524099245 -0.833629569658 -0.906949026416 -1.01007108017 -1.20022108550 -1.24279933714 -1.39322183374 -1.42162154008 -1.46247585725 -1.31837174427 -1.91049251255 -2.02363355765 -2.24661942743 -1.75409411972 -0.293008126776 1.32018511450 -0.0432997565856 -1.39798758820 -0.408208266763 1.16733902815 0.441990140582 -0.609182835942 0.229111333018 1.93524597864 0.166823244616 -1.52212845546 -0.563794983251 1.97978009214 -0.403703482247 -1.17026614867 -0.909777207889 0.498016429160 0.414190412424 1.42394145833 1.44930417081 0.0314033610011 0.802903629312 1.10720411418 0.600357542653 1.87307352301 -0.333841311604 0.210519296042 0.210407572571 0.464672777201 0.684277737166 0.286592746698 0.233162075313 -0.775971332448 -1.24310546597 -0.285447106142 -2.29470551210 0.939578523322 -1.36030436108 0.400194327095 0.173459810793 0.270435108484
# mat_params[1]:
 7.97997045745 10.3657265432
# mat_params[2]:
 8.69306004321 11.6439135395
# mat_params[3]:
 6.86134381296 9.27782585521
# log_m_devs:
 0.00000000000
# log_slx_pars[1]:
 1.68054693945 0.122880909680
# log_slx_pars[2]:
 1.73066095587 -0.284950517374
# log_slx_pars[3]:
 1.88021172797 -0.313092146862
# log_ft_pars:
 -2.18074946138 -2.30270450277 -2.70470423719 -2.57224993412 -2.29421336222 -2.34829993728 -2.47259833373 -2.89802873695 -2.55464420740 -3.39757245120 -3.52824782701 -3.48965344070 -5.91780693105 -2.19357934909 -4.91463309842 -3.97255582431 -3.02377077139 -2.59813008760 -2.50178326708 -3.43177033576 -3.53084127298 -3.56521292841 -3.75022303261 -3.16250962293 -3.43897632385 -4.01789533601 -3.38121560177 -2.71304907050 -2.69098572101 -2.17986031340 -1.75864902754 -1.85267044807 -2.29600609439 -2.74425452359 -2.76662881981 -2.15790566622 -2.81276052344 -3.21363663089 -5.86507395323 -5.75668371436 -4.83745157923 -4.26899712993 -4.45944786348 -4.59130302378 -4.34970709549 -4.22240972025 -3.16380152406 -3.68201351198 -10.3533599338 -5.66715976712 -4.13449001840 -3.81271475028 -4.31474000146 -3.93122545873 -3.91071404278 -3.87813093891 -3.66063776442 -3.95514542817 -4.48516133240 -3.68359692090 -3.37231929448 -4.43918548689 -5.18007423370 -4.23936312129 -3.54779146405 -4.21544163375 -4.56063841234 -3.27713018679 -3.55465082657 -4.31625166836 -4.07297884440 -4.81501732201 -3.84004583590 -3.94864509618 -4.54975223854 -4.09770655172 -3.96681200561 -3.88925237009 -3.50917905268 -2.46207356832 -2.33807506494 -2.08647294489 -1.93207424402 -2.01998682844 -2.80654755226 -1.35730370133 -1.93899389389 -1.73137922019 -1.62823496411 -3.32529710432
