# Number of parameters = 206 Objective function value = -3666.93722197482  Maximum gradient component = 0.000374200275052346
# theta[1]:
0.0639763022335
# theta[2]:
9.86772513489
# theta[3]:
8.94117291650
# theta[4]:
9.31092021937
# theta[5]:
1.06087498519
# theta[6]:
4.00000000000
# log_rinit_devs:
 -0.185467943311 -0.112729190219 0.0729717468286 0.0535680675518 0.171657319149
# log_rbar_devs:
 1.09833519387 0.908894971018 0.670323861977 0.692418933691 0.527723555781 0.893940182792 0.505021165362 0.432202848822 0.443197878607 0.545411023497 0.474284550535 0.406960990874 0.462169801262 0.519756056046 0.743407392804 0.637558933265 0.758597768364 0.566589652363 0.815628509969 0.577160451107 0.569906546195 0.645160990245 0.561021079246 0.305469176308 0.405619840467 0.445619566761 0.327017367095 0.730978717886 0.238213026304 0.0407148545404 -0.101551605995 0.163721126168 0.293303282558 -0.106619372444 -0.227973346226 -0.303516278276 -0.501354444760 -0.520571561324 -0.564099105827 -0.691938678843 -0.691506067537 -0.798903099894 -0.800248191344 -0.788181448536 -0.656655419893 -1.25012585512 -1.49368047739 -1.91206872271 -1.75039233795 -0.346999049217 1.23125899731 -0.0227361302900 -1.42204913299 -0.425223804570 1.14859655065 0.428532470680 -0.618520517872 0.219301955170 1.94331657357 0.134142534116 -1.64618959472 -0.605890233237 1.97322607849 -0.469265334949 -1.23918707055 -0.999010349035 0.428172132576 0.333933375257 1.34081459662 1.36180254249 -0.0747420820771 0.681771231443 0.991452359419 0.430558517029 1.77456361250 -0.594790568590 -0.107001316174 -0.238449537752 -0.130568588165 -0.0792651165506 -0.446781796033 -0.488761461527 -1.42469861903 -1.83076533001 -0.812511231527 -2.74001673340 0.558206383990 -1.89027541692 -0.152922726132 -0.492704931191 0.0727334794912
# mat_params[1]:
 8.33488359920 10.7067539605
# mat_params[2]:
 8.78377976175 12.2342841123
# mat_params[3]:
 6.36529383388 9.02182290964
# log_m_devs:
 0.0958335795979 0.120170348152 -2.37373164076e-006 -0.211805942757 -0.00419561126100
# log_slx_pars[1]:
 1.75522635612 -0.195030804744
# log_slx_pars[2]:
 1.78807630126 -0.270851785886
# log_ft_pars:
 -1.45836479024 -1.53501640177 -1.95258576716 -1.79811692478 -1.47608217303 -1.37327385134 -1.46586611513 -1.88145405384 -1.50343821423 -2.27932007568 -2.38558803281 -2.79826430659 -4.73042584483 -1.21727806241 -3.58550791473 -2.66589491884 -2.35689675863 -1.90803550820 -1.81261884895 -2.74270308115 -2.84786782973 -2.90006218999 -3.10795379555 -2.52763177283 -2.82817197110 -3.44769640882 -2.84142317306 -2.20319401616 -2.17423415400 -1.63599667619 -1.19292757233 -1.30987692039 -1.79195368848 -2.23839020420 -2.25129549858 -1.65206682991 -2.34072204271 -2.79916879861 -5.51961144712 -5.47495153993 -4.61866711395 -4.10653842066 -4.36451558537 -4.54256196570 -4.32726098309 -4.21013467249 -3.14010473616 -3.60450224722 -10.1650538637 -5.39142494812 -3.74568632432 -3.38204656633 -3.85314207561 -3.50365317076 -3.54725242341 -3.50746963745 -3.26156816073 -3.56987257792 -4.14859749324 -3.32194817633 -2.98097956544 -4.06260960041 -4.85314257948 -3.87858402005 -3.14504392810 -3.82524745714 -4.20868176378 -2.90420624498 -3.13643663971 -3.87690819938 -3.61018579271 -4.35104001896 -3.39105845439 -3.48761791004 -4.08826967504 -3.61498607123 -3.45895281966 -3.36304569799 -2.91388330285 -2.26518819167 -2.24198773595 -2.03910827407 -1.91859313240 -2.03403930873 -2.86422606861 -1.47026079381 -2.11590422711 -1.80148735023 -1.58281505698 -3.13925576975
