# Number of parameters = 210 Objective function value = -3706.51981501426  Maximum gradient component = 0.000204711396226364
# theta[1]:
-0.142930353934
# theta[2]:
7.60376070837
# theta[3]:
7.83505495546
# theta[4]:
8.19274401713
# theta[5]:
1.17406266983
# theta[6]:
4.00000000000
# log_rinit_devs:
 0.152928877506 0.0972017817475 0.110646119338 -0.0692835698851 -0.291493208706
# log_rbar_devs:
 0.341097484774 0.191094640646 0.0249910847179 0.154294149633 0.0752500067124 0.499941713173 0.210841763547 0.252551910655 0.360802409989 0.541365567607 0.513913609429 0.435319629979 0.408168952812 0.486738722982 0.693551423894 0.783061950244 1.10061183229 0.888619090633 1.11714296056 0.880397129996 0.877665163177 0.954300810194 0.873611441860 0.632580785834 0.741029371475 0.787082600171 0.672010521085 1.07256929915 0.559812029777 0.314117368887 0.107238339396 0.304224297035 0.382806193307 -0.0645994975129 -0.250489607509 -0.384403983983 -0.609759186059 -0.636879508984 -0.680951030622 -0.803018833426 -0.807729600021 -0.916778071161 -0.927484631919 -0.950055964356 -0.856327484414 -1.45965858135 -1.69356437215 -2.04688583353 -1.76173357062 -0.356070292680 1.16117296354 -0.0894589595922 -1.50731629281 -0.504443364052 1.08343229274 0.354915583074 -0.701082239122 0.152182539607 1.87320877979 0.0461113239536 -1.71723037825 -0.671006742540 1.93858885066 -0.531255055893 -1.28966143250 -1.02792237896 0.419851066754 0.304193440609 1.32391822385 1.34940178086 -0.0928499470220 0.680491749910 1.01051124011 0.474906824371 1.88657453652 -0.434932728856 0.127984623840 -0.0187468204249 0.0249546408870 -0.0394543924489 -0.424121143305 -0.465224367245 -1.32809267513 -1.72078745351 -0.698745442582 -2.59941781148 0.682225393819 -1.78840425739 -0.0245383417746 -0.322878248195 0.0705304128706
# mat_params[1]:
 7.89643437280 10.6266112616
# mat_params[2]:
 8.02228187891 10.6973310539
# mat_params[3]:
 7.19437233472 10.3562510568
# mat_params[4]:
 5.39427316594 7.91188470637
# log_m_devs:
 -0.0613193049651 0.184552106918 0.122608236288 -0.271337277877 0.0254962396363
# log_slx_pars[1]:
 1.40087119466 0.0938220610097
# log_slx_pars[2]:
 1.66926342641 -0.280761299151
# log_slx_pars[3]:
 1.64873072853 -0.316885153660
# log_ft_pars:
 -1.20310428040 -1.32390662380 -1.75733455923 -1.67004954401 -1.42681890867 -1.47379448053 -1.63716526509 -2.12818217778 -1.86090405469 -2.78778967932 -2.99576398782 -0.657856550754 -5.22984847381 -0.320032943457 -4.06193738174 -3.29229164604 -2.19541092701 -1.73267403439 -1.60807731090 -2.52821337660 -2.63976636965 -2.68872556362 -2.90129009381 -2.33780414170 -2.64017958631 -3.26072121733 -2.66748335975 -2.01140170923 -1.99334036972 -1.46187706636 -0.979848261919 -1.00330692659 -1.39870246893 -1.81702730037 -1.80510413740 -1.13938241859 -1.75829281843 -2.18840103040 -4.90316216003 -4.86711484120 -4.01156074474 -3.49775684523 -3.74325945658 -3.91096069249 -3.68222729015 -3.56435879487 -2.47436059967 -2.93731405419 -9.52065165343 -4.68600491943 -2.95197721589 -2.66782628130 -3.18130772015 -2.78120798565 -2.74680580890 -2.75594895379 -2.55421042935 -2.83455573669 -3.35131774143 -2.58526967491 -2.28004537660 -3.32859938815 -4.06185973317 -3.17555929782 -2.49716367126 -3.13483734269 -3.46986562652 -2.18773258363 -2.42168302833 -3.18084404554 -2.95900369197 -3.69850969442 -2.71778143410 -2.83413080023 -3.45388598396 -3.04927882519 -2.94203394213 -2.83899689673 -2.39801953320 -1.99108792081 -2.08869460218 -1.92513761994 -1.80500350487 -1.91233875255 -2.75062232073 -1.39470143280 -2.06177439872 -1.78381980119 -1.55084500368 -3.05675753963
