# Number of parameters = 210 Objective function value = -3723.11164320163  Maximum gradient component = 0.000384824516974840
# theta[1]:
-0.279704422133
# theta[2]:
7.37524327202
# theta[3]:
7.04878634078
# theta[4]:
7.46262424296
# theta[5]:
0.819386092505
# theta[6]:
4.00000000000
# log_rinit_devs:
 0.188824171156 0.134859496060 0.112332963484 -0.0716322392147 -0.364384391485
# log_rbar_devs:
 0.855897996724 0.687127842751 0.520828786583 0.582791327793 0.449867669622 0.744060570485 0.411641650643 0.383126653388 0.415630069523 0.552850594873 0.519369400528 0.460930912633 0.508184248063 0.558075811485 0.747465785039 0.726518042224 0.843566421261 0.661761132699 0.828744207882 0.605967077031 0.599058086906 0.663551533386 0.590443368631 0.378140335420 0.460953365091 0.504005360599 0.414461292542 0.767689911638 0.344834175164 0.132274550112 -0.107451558745 -0.0389758183721 -0.0327199654402 -0.443236725695 -0.644239713204 -0.849773063153 -1.14126132877 -1.21110858969 -1.25686289897 -1.34157263856 -1.33416978307 -1.41721808398 -1.42250827214 -1.45264927620 -1.36081501778 -1.86453475095 -2.01630731520 -2.23312324852 -1.69830917127 -0.281698166371 1.20240474529 -0.0691705279088 -1.52338024581 -0.500500234911 1.11867409311 0.378613123946 -0.677824604998 0.179379263217 1.91190265804 0.0592794582782 -1.71627971670 -0.599263181138 2.07898228327 -0.437710875833 -1.17146954969 -0.889587729366 0.592692871762 0.456947401694 1.50858134712 1.54067550412 0.0740784771761 0.860469525481 1.21351335423 0.682862148837 2.08704527548 -0.185836719101 0.424521589328 0.324499115038 0.387904852442 0.319861979697 -0.0762160464273 -0.122630441673 -0.941814638393 -1.31243887032 -0.285817381968 -2.17181038638 1.10594378006 -1.36997069151 0.396728954286 0.118915028401 0.255962217198
# mat_params[1]:
 7.53246991544 10.3685631488
# mat_params[2]:
 7.64761408810 10.8642879480
# mat_params[3]:
 6.28863836557 9.18393352087
# mat_params[4]:
 4.99605730912 7.40082770600
# log_m_devs:
 -0.0282995961386 0.0780202406291 0.167299563062 -0.275703731995 0.0586835244420
# log_slx_pars[1]:
 1.34683198964 -0.382674118892
# log_slx_pars[2]:
 1.75200210527 -0.196738381084
# log_slx_pars[3]:
 1.57509400934 -0.374327205408
# log_ft_pars:
 -1.10752718480 -1.19798433494 -1.62574977670 -1.49905646468 -1.20911064442 -1.11955670278 -1.22886795428 -1.65748079287 -1.30638478645 -2.16071862373 -2.36003121762 -0.816514318668 -4.65016563306 -0.767907156646 -3.53582977699 -2.71042908567 -2.44462938780 -1.97122811024 -1.82644586377 -2.74232547442 -2.84090958497 -2.89250057662 -3.11496920521 -2.54018396307 -2.83488821368 -3.47621519135 -2.89543142511 -2.24610245632 -2.22076740892 -1.63274265404 -1.09750445775 -1.11106559529 -1.49509536269 -1.87377826869 -1.79561200054 -1.06275839216 -1.63977721080 -2.04968383992 -4.77948707912 -4.77331591596 -3.94108012973 -3.44839247295 -3.72760306612 -3.90447690232 -3.67012595453 -3.55305365203 -2.45288265234 -2.94532986294 -8.73933138796 -3.83343450217 -1.95968966265 -1.67263235888 -2.25588082756 -1.95989493810 -1.88287560716 -1.82882639983 -1.61582942168 -1.96807990302 -2.45290133748 -1.63852018698 -1.35296513413 -2.53166599783 -3.28342858284 -2.34625872784 -1.69106843482 -2.46428773477 -2.87731732938 -1.52812167732 -1.62913806987 -2.36961523603 -2.18328128712 -3.00079755809 -2.06701173092 -2.17914013678 -2.73653150351 -2.34055456116 -2.27435812814 -2.27467607240 -1.90560797680 -1.90829163593 -2.03917031098 -1.87776628350 -1.74736007479 -1.84987757929 -2.69333206348 -1.36786979505 -2.05436552050 -1.82327036805 -1.58435138978 -3.07434662831
