# Number of parameters = 202 Objective function value = -3575.86206362074  Maximum gradient component = 1.43614646825260e-005
# theta[1]:
-0.0715850622087
# theta[2]:
9.04946865148
# theta[3]:
8.63746657973
# theta[4]:
8.90834510734
# theta[5]:
1.01353477462
# theta[6]:
4.00000000000
# log_rinit_devs:
 -0.0957089202370 -0.0610024631873 0.0925558406155 0.000404498574457 0.0637510442344
# log_rbar_devs:
 0.771624959155 0.597375053728 0.377172105987 0.451937754383 0.314447995355 0.776702675779 0.404678301580 0.394017359267 0.470166199035 0.641531892846 0.626923381571 0.649771523102 0.797770329885 0.896481108760 1.12550989244 0.943914889411 0.962731181297 0.750222233257 1.01696254347 0.723130783966 0.702231046399 0.777713789512 0.673666917124 0.381046517936 0.490525217349 0.529888471778 0.389115854087 0.868651339553 0.311235301428 0.101567239430 -0.0634579776590 0.211959797585 0.330708267749 -0.148727749504 -0.320793514943 -0.451774020128 -0.724628535601 -0.803679872270 -0.908887613863 -1.09353294231 -1.14287909038 -1.29084367724 -1.32466786215 -1.37132225021 -1.24415855255 -1.81856615698 -1.93980680612 -2.16009255940 -1.66729453707 -0.202896681545 1.39330635492 0.0396977362595 -1.32165845713 -0.332863481124 1.24428200254 0.517907071851 -0.534893143738 0.304076150789 2.00445235262 0.222556928334 -1.47100670677 -0.516114195769 2.03558412806 -0.369002936698 -1.13312808533 -0.874705249563 0.541762296343 0.453027556809 1.46841758251 1.49155398165 0.0673322730299 0.838372713591 1.15163609127 0.624711383417 1.99436453207 -0.309758326367 0.172271716379 0.00212899450317 0.00539012501312 -0.0958867986907 -0.468969846854 -0.536396953500 -1.47677939310 -1.90060350310 -0.915945343999 -2.83038804880 0.388314898375 -1.98467543724 -0.254600184218 -0.515362164103 0.0982198614868
# mat_params[1]:
 7.95387431374 10.2694541015
# mat_params[2]:
 8.06336252169 11.0141151834
# mat_params[3]:
 6.05065118822 8.79303711444
# log_m_devs:
 0.137725411336 -0.151705839279 0.0139804279432
# log_slx_pars[1]:
 1.70139790969 -0.211727874938
# log_ft_pars:
 -1.10540958572 -1.22176401878 -1.68226301594 -1.56492610577 -1.27210439374 -1.21760608324 -1.36594963606 -1.84076251992 -1.51618268881 -2.35815645272 -2.53476093322 -1.99913204221 -5.01130893872 -1.25859688451 -4.00638150420 -3.11948948294 -2.80013990431 -2.34684510802 -2.22422460646 -3.13137860592 -3.21786223760 -3.24785951493 -3.43693290379 -2.85119419063 -3.13376921696 -3.73216291626 -3.11750148775 -2.47684074383 -2.45809745668 -1.93891031361 -1.50225807168 -1.58883738962 -2.02760348580 -2.45570589651 -2.45058078485 -1.81796180398 -2.45275841632 -2.84855114953 -5.50158597303 -5.39754783500 -4.47998097629 -3.91131349899 -4.10621336291 -4.23583841594 -3.98788631088 -3.85135801554 -2.78071832221 -3.28798671005 -9.97925273869 -5.36165965559 -3.86770983191 -3.49426075436 -3.92443132125 -3.50268947100 -3.55636832618 -3.53573778064 -3.27697398949 -3.54897153434 -4.14991049498 -3.33308724126 -2.95926998588 -3.98319859840 -4.81723586020 -3.88187264414 -3.12902478395 -3.74057202825 -4.12917800707 -2.89045319414 -3.19980157654 -3.95545843375 -3.67225273135 -4.38444408089 -3.42188392916 -3.53522043266 -4.20064367101 -3.73752464710 -3.57452661003 -3.44419597558 -2.98357793330 -2.50953146368 -2.52705108668 -2.29533854826 -2.12189513699 -2.18607614481 -2.97902669874 -1.57489313371 -2.29563595075 -2.03568200921 -1.83494773120 -3.38661648443
