# Number of parameters = 204 Objective function value = -3545.61749187585  Maximum gradient component = 0.00285445625272757
# theta[1]:
0.135919486740
# theta[2]:
10.2947733125
# theta[3]:
9.35097060540
# theta[4]:
9.68010395929
# theta[5]:
0.500869739400
# theta[6]:
4.00000000000
# log_rinit_devs:
 -0.219471086324 -0.126274674080 0.0686066641848 0.0887701820298 0.188368914188
# log_rbar_devs:
 1.01845815674 0.830546770708 0.599414392137 0.609806832390 0.457477475258 0.795854637177 0.425973039172 0.352035791648 0.334687241131 0.409528969628 0.331808892014 0.281583855167 0.342255276167 0.393286165701 0.577725127892 0.453157635088 0.545240760242 0.366534380331 0.588513757981 0.353390510232 0.331290977435 0.382714173210 0.282801540150 0.0275780886682 0.0962733939178 0.103427972287 -0.0354195324112 0.314166866739 -0.152138737432 -0.343208572020 -0.486746145454 -0.272163249126 -0.178770279415 -0.567901723690 -0.706778279592 -0.807400318554 -1.02312695079 -1.08256077475 -1.16270054949 -1.30984986573 -1.34289800315 -1.45672608634 -1.47574146971 -1.50717286515 -1.40243243750 -1.87373624470 -1.94971410631 -2.12101078227 -1.60859613259 -0.180996604121 1.44521424555 0.100198370824 -1.29380165383 -0.299650863174 1.29629380251 0.561947398154 -0.482637335130 0.352654761614 2.07361092586 0.288370891616 -1.45531833850 -0.446992537002 2.12031359283 -0.310403365279 -1.06889240945 -0.821664767072 0.606563587132 0.517063372208 1.54926861837 1.57883292882 0.142130805156 0.905319135716 1.22055556599 0.702962593252 2.00846620156 -0.245292328995 0.326940108598 0.329035321076 0.610660778219 0.881934856407 0.470093529524 0.437304717281 -0.533202284543 -0.994455937589 -0.0287305225895 -2.07996702556 1.16788607018 -1.22852149232 0.513951414591 0.221297597218 0.302916701833
# mat_params[1]:
 8.51918389610 11.3557002703
# mat_params[2]:
 6.79284056812 9.03156671588
# mat_params[3]:
 6.94839967623 9.34866701674
# log_m_devs:
 -0.0569565259593 0.0208020071551 0.0361545188042
# log_slx_pars[1]:
 1.71874715338 -0.213434558148
# log_slx_pars[2]:
 1.86876719489 -0.364737809151
# log_ft_pars:
 -2.20286312176 -2.25820036391 -2.66573144184 -2.50154994000 -2.18516656821 -2.06663881681 -2.15847932940 -2.57478128577 -2.19395607271 -2.94952587736 -3.03059819948 -5.73478020562 -5.35525214372 -5.05122193220 -4.22731080567 -3.27239109280 -2.93317155092 -2.49724659823 -2.39725475733 -3.33051621115 -3.43119656346 -3.46974457156 -3.66270045778 -3.07947545309 -3.36560120385 -3.95907620714 -3.32950579669 -2.64041568616 -2.59731871902 -2.05956925138 -1.62679755200 -1.73028463550 -2.16798454110 -2.59883621354 -2.60422329528 -1.99595340874 -2.68012400296 -3.11392684983 -5.80165816796 -5.72615921144 -4.83628677633 -4.29663261904 -4.52053942312 -4.67382198471 -4.43971587916 -4.32224038690 -3.28298073288 -3.83551252588 -10.5750048925 -5.93979312864 -4.47974089069 -4.04861589098 -4.41914911558 -3.96874774642 -4.08836894417 -4.05962262101 -3.77174198662 -4.03429900035 -4.71441156750 -3.87390081123 -3.45707558837 -4.44803445541 -5.37757958982 -4.42965137526 -3.63959948941 -4.21141543739 -4.61561095036 -3.40518756421 -3.77796524594 -4.53706826164 -4.21556472442 -4.90236105151 -3.94391970702 -4.04902396139 -4.73532986588 -4.23142014623 -4.04315742649 -3.92650154600 -3.57928118514 -2.39565663508 -2.30214665537 -2.07754362320 -1.94096707666 -2.03450101009 -2.82427671502 -1.38400752255 -1.98505022777 -1.77630531941 -1.64827728637 -3.30736961793
