# Number of parameters = 206 Objective function value = -3683.19462267637  Maximum gradient component = 0.00144546804329134
# theta[1]:
-0.319670236216
# theta[2]:
7.55132326235
# theta[3]:
6.61697624903
# theta[4]:
7.16658340689
# theta[5]:
0.485571630688
# theta[6]:
4.00000000000
# log_rinit_devs:
 0.0543457428286 0.0171970143122 0.0784292776647 0.00931792789302 -0.159289962699
# log_rbar_devs:
 1.33799958856 1.13439966512 0.916686230246 0.956085051467 0.809727735395 1.08648472485 0.683205290326 0.579492137466 0.518211694997 0.539779660445 0.465824642618 0.435109257169 0.551460714330 0.667352034149 0.886327572333 0.811084133051 0.883968346891 0.680412812193 0.837262095182 0.607201185043 0.610390495701 0.688491172230 0.625533969547 0.416212255210 0.514866183252 0.578114869451 0.500189974333 0.880806168347 0.458021495448 0.242940203820 -0.0290710440374 0.00236286764421 -0.0176205749132 -0.456987758602 -0.699176367501 -0.997676126049 -1.37613392890 -1.49143483657 -1.53937032977 -1.61041542353 -1.59280637299 -1.67112507060 -1.66887712384 -1.69096798325 -1.57791711517 -2.10773482866 -2.31862022372 -2.60501070855 -2.12809042913 -0.676065095933 0.747198994533 -0.512306363993 -1.95285229303 -0.928052115124 0.664194184311 -0.0643944234991 -1.10727017492 -0.237960567843 1.44267985744 -0.384380424408 -2.12642112541 -0.990434066999 1.66374738320 -0.787081976384 -1.49377129111 -1.17690480769 0.307075166784 0.172463428910 1.22379119411 1.25955898795 -0.168319052282 0.624571300230 1.00830046818 0.541452042451 1.84466173332 -0.196375836910 0.535351318371 0.677869159415 1.04816829507 1.33602899435 0.898245701196 0.843988707373 -0.0797606887332 -0.554150033223 0.393158437054 -1.69758044004 1.48896347490 -0.946580497150 0.854785436402 0.632675042981 0.544763985135
# mat_params[1]:
 6.99184354242 10.0096664082
# mat_params[2]:
 7.14215047701 10.4357031126
# mat_params[3]:
 5.45519212978 8.17553447737
# mat_params[4]:
 5.16495300239 7.71703757199
# log_m_devs:
 0.00000000000
# log_slx_pars[1]:
 1.02755292278 -0.645952403388
# log_slx_pars[2]:
 1.30499517017 -0.613162980862
# log_slx_pars[3]:
 1.67443150649 -0.207389509517
# log_ft_pars:
 -1.71155144573 -1.76989123305 -2.13192714097 -1.96863793525 -1.64722650749 -1.57993872368 -1.61103994396 -1.95534535095 -1.52845037194 -2.29958782314 -2.40566613962 -3.12281989191 -4.81752920522 -2.86707810941 -3.85310028925 -2.93144470268 -2.20299730881 -1.74161796708 -1.57896427919 -2.49844871927 -2.60639551418 -2.66549147640 -2.90462402044 -2.34630661086 -2.64418826737 -3.29858253385 -2.73767326700 -2.08445983963 -2.08857201622 -1.50742256773 -0.953279256574 -0.913891846380 -1.24942870830 -1.61924657848 -1.52250836067 -0.719330615430 -1.19310665325 -1.53753746952 -4.25507153898 -4.27087088744 -3.45040356629 -2.96497447162 -3.24462385854 -3.43058954173 -3.20977303951 -3.11632707592 -1.98310698708 -2.44075425684 -8.45335262386 -3.57376981262 -1.62299210975 -1.38523923522 -2.00206322385 -1.68877840974 -1.56341597628 -1.54072080697 -1.33980476455 -1.68331429391 -2.13021079348 -1.34701094921 -1.06034362719 -2.23714097077 -2.98297316014 -2.11906782145 -1.49892373940 -2.27126908964 -2.71384185387 -1.41240192225 -1.49963941343 -2.24867671012 -2.10502009714 -2.94584651089 -2.02156182142 -2.17563886176 -2.71723844315 -2.35912877276 -2.33238804166 -2.39010843204 -2.17886156602 -1.99986366342 -2.06181107610 -1.86879666268 -1.71438715578 -1.78018912594 -2.56538967483 -1.16320145714 -1.73141779045 -1.54083618803 -1.37983835392 -2.98780645209
