# Number of parameters = 208 Objective function value = -3678.52595925602  Maximum gradient component = 0.113432744710880
# theta[1]:
-0.415345364012
# theta[2]:
7.20528676116
# theta[3]:
6.31425207590
# theta[4]:
6.87686166211
# theta[5]:
0.489852681115
# theta[6]:
4.00000000000
# log_rinit_devs:
 0.100598159713 0.0422680951307 0.0848425929726 0.0170092983068 -0.244718146123
# log_rbar_devs:
 1.36514632859 1.17084344634 0.949723587536 0.985914088861 0.865285356648 1.09695341690 0.718761357981 0.588542117565 0.535173154993 0.489312972256 0.408425141810 0.355682636450 0.492385151212 0.616044953967 0.855128858873 0.823151257426 0.894559643736 0.713376927365 0.808031832456 0.590489412399 0.592140146741 0.660105504362 0.616023190780 0.428019536081 0.508137255488 0.575509579717 0.525352681786 0.862987182051 0.509052877520 0.346412426760 0.0830769921207 0.0390595546678 -0.0369400500896 -0.439992521323 -0.621291219295 -0.979003047653 -1.41184922435 -1.61034552404 -1.67023131884 -1.71746649984 -1.68996539011 -1.75682692971 -1.75366732557 -1.76833915482 -1.65379972832 -2.10711646953 -2.32362175297 -2.63494623614 -2.17004940206 -0.706217254349 0.713912601578 -0.538610404279 -1.99908138775 -0.967031503450 0.635720719805 -0.100085926516 -1.14460212114 -0.276487545474 1.41505156867 -0.438927795636 -2.22569068989 -1.03485366217 1.64756511220 -0.821886951544 -1.52110540293 -1.19994591443 0.302462504783 0.165306904373 1.22774463637 1.25931262378 -0.176301791622 0.609255423447 1.00055777269 0.521502084476 1.81970319943 -0.249349713129 0.461460531447 0.601813785618 0.981914983225 1.31480102765 0.882246550612 0.820391739990 -0.0619984890327 -0.487377425520 0.501571600954 -1.53062828736 1.70408020641 -0.657668834534 1.21663833111 1.05644382685 0.555036588511
# mat_params[1]:
 6.74758257362 9.90876551002
# mat_params[2]:
 6.78799604153 10.1617642428
# mat_params[3]:
 5.09979807691 7.79595274509
# mat_params[4]:
 5.09365840754 7.47752878136
# log_m_devs:
 0.00000000000
# log_slx_pars[1]:
 3.08453395396 13.8992730290
# log_slx_pars[2]:
 1.10074738557 -4.92807685540
# log_slx_pars[3]:
 1.70422358955 -0.0870438184557
# log_slx_pars[4]:
 1.55794375661 -0.443970855176
# log_ft_pars:
 -1.03061195131 -1.06126856065 -1.40865007310 -1.25811510515 -0.938509220957 -0.883815793093 -0.868233511624 -1.20449208375 -0.775670221380 -1.53362722543 -1.62233893817 -4.81647786387 -4.07253119273 -4.91443191410 -3.15921267849 -2.22536997150 -2.21398627446 -1.75829608010 -1.56973819663 -2.49330498227 -2.58855249107 -2.65168756150 -2.90055948181 -2.34593779548 -2.63877196526 -3.30979616231 -2.76185235598 -2.10000290715 -2.12374599005 -1.52395872375 -0.978852991796 -0.931496752456 -1.24659253128 -1.60332739452 -1.48784822556 -0.676619367640 -1.11195125625 -1.41610116000 -4.12412049199 -4.15656208639 -3.34705019240 -2.87524810294 -3.16625542117 -3.36061481091 -3.13802761278 -3.07120691982 -1.91590236355 -2.38919951290 -8.23690118390 -3.37940286060 -1.40934099231 -1.12123067256 -1.71190405528 -1.42375934832 -1.33956565490 -1.30168926398 -1.05843681853 -1.41482912646 -1.90658808831 -1.09595949964 -0.762299228842 -1.96195578477 -2.78155076347 -1.90342933501 -1.24391134909 -2.03895808763 -2.54961740833 -1.26400150036 -1.31273732996 -2.04194697531 -1.88171296150 -2.73537234801 -1.84169518747 -2.00278458841 -2.53108263781 -2.15462332292 -2.11246583918 -2.18249741853 -1.98163480236 -2.03297342504 -2.13215773030 -1.95074143329 -1.78969627158 -1.85210079846 -2.62534545404 -1.25909150799 -1.86763908995 -1.82105976690 -1.74778229854 -3.36257031219
