# Number of parameters = 206 Objective function value = -3713.35049200719  Maximum gradient component = 0.000197202212152269
# theta[1]:
-0.268903457806
# theta[2]:
7.53337577156
# theta[3]:
7.05858985636
# theta[4]:
7.47200601744
# theta[5]:
0.719099356230
# theta[6]:
4.00000000000
# log_rinit_devs:
 0.132665656774 0.102922066166 0.114227273606 -0.0315544208577 -0.318260575688
# log_rbar_devs:
 0.926773638259 0.758176673675 0.585511422873 0.640659743993 0.505636767527 0.791942052743 0.453269951157 0.411771201840 0.421209841440 0.537475765608 0.487029092979 0.413138672222 0.434487427112 0.465387744602 0.662750702774 0.676935580866 0.858554442703 0.669532133400 0.831054974861 0.606243346218 0.598553779615 0.661872209554 0.588519762068 0.376061140289 0.457592231330 0.500743315547 0.413103576621 0.765664949982 0.346986106073 0.136802903443 -0.103032291539 -0.0367023767346 -0.0315850436743 -0.439793868773 -0.638841183348 -0.845016559472 -1.13799782125 -1.20873053823 -1.25425370011 -1.33788976105 -1.32928770388 -1.41178082289 -1.41594375907 -1.44233666680 -1.34810732308 -1.86050570753 -2.03300812311 -2.27916534904 -1.78533134630 -0.359343606922 1.12718585208 -0.143001459896 -1.59613324705 -0.570641796382 1.04597722410 0.306311865407 -0.748723025307 0.115644123180 1.84072060005 -0.00710454274449 -1.78018481933 -0.664043598166 2.00343350919 -0.502627596357 -1.23380903127 -0.947301151399 0.534321214039 0.397276529583 1.44862810651 1.48144714049 0.0177717221472 0.802571750791 1.15742981848 0.631928290289 2.02162280341 -0.230662778805 0.402110431698 0.334595357764 0.450557712025 0.439688223696 0.0332117390525 -0.000855275476082 -0.806121991071 -1.16892713720 -0.127150114879 -2.00688672287 1.27936279288 -1.17556429056 0.579514822151 0.274450866898 0.299188484297
# mat_params[1]:
 7.52771448980 10.6151588650
# mat_params[2]:
 6.21866735313 9.10922170330
# mat_params[3]:
 5.24839219665 7.76054728330
# log_m_devs:
 -0.0647285855042 0.0849684301793 0.143837939530 -0.250353047719 0.0862752635140
# log_slx_pars[1]:
 1.33689431645 -0.396533205675
# log_slx_pars[2]:
 1.69797229128 -0.246299966422
# log_ft_pars:
 -1.29521281876 -1.38035506065 -1.80322562564 -1.66821573467 -1.37611755831 -1.27770435130 -1.38129674284 -1.79982773211 -1.43374054672 -2.26138849275 -2.43370527719 -1.00678393111 -4.70385650297 -0.803458241392 -3.52825126156 -2.69784117369 -2.45134839095 -1.97647299226 -1.83226338707 -2.74765170159 -2.84337144060 -2.89393996344 -3.11554026119 -2.53777891802 -2.83145710009 -3.47395410290 -2.89338732813 -2.24722868916 -2.22184812082 -1.63074940412 -1.09369354303 -1.10990318994 -1.49815700482 -1.87637638419 -1.79567528157 -1.06211352864 -1.63851071092 -2.04836831798 -4.77924956371 -4.77408818782 -3.94308305810 -3.45145533643 -3.73362705734 -3.91167361594 -3.67712798477 -3.55904432426 -2.45289667428 -2.93165031670 -8.83803938635 -3.94974500679 -2.10693574784 -1.84942568624 -2.42977350294 -2.08840188747 -1.99413254100 -1.97400481593 -1.78217714496 -2.10668628494 -2.58032205519 -1.80038653900 -1.52346653005 -2.65678652275 -3.38639692360 -2.49578221846 -1.86023967278 -2.58615284830 -2.96162632907 -1.63966719920 -1.78797413467 -2.54316575677 -2.36439399470 -3.16145482361 -2.20533496639 -2.32203404100 -2.89016763628 -2.50552986070 -2.44020361891 -2.41465725364 -2.04593604353 -1.64755659910 -1.75445005589 -1.61925787931 -1.53008413589 -1.67266546418 -2.55857590676 -1.23479006190 -1.87190311775 -1.56085798315 -1.31834802406 -2.86514051677
