# Number of parameters = 205 Objective function value = -3637.18613941893  Maximum gradient component = 8.01396375507439e-005
# theta[1]:
-0.341811367696
# theta[2]:
7.61788479583
# theta[3]:
6.73322948587
# theta[4]:
7.11587069056
# theta[5]:
0.881887557859
# theta[6]:
4.00000000000
# log_rinit_devs:
 0.0970574824347 0.0974630407767 0.124941404033 -0.0158473490223 -0.303614578222
# log_rbar_devs:
 1.28170935823 1.11464098056 0.937267907152 0.949505383274 0.783123465884 1.02002021905 0.654304289233 0.568037423971 0.537012863293 0.620527542670 0.568572184531 0.534917541959 0.606001006669 0.688841704652 0.924646001422 0.925987637685 1.07983739486 0.881547746844 1.03484092217 0.826985669763 0.829461150618 0.900648276711 0.840237425124 0.649313675892 0.748264255143 0.806998492039 0.730496857835 1.07805081144 0.658685501201 0.423072742194 0.160126641594 0.207848972095 0.197616148476 -0.232064269079 -0.487700269835 -0.744345494573 -1.05247267240 -1.12257401636 -1.15832992314 -1.23443959941 -1.22606249238 -1.30626655574 -1.31005995165 -1.33092194413 -1.25303790446 -1.81906591681 -2.11180555488 -2.50195152937 -2.17935435513 -0.716252681806 0.742155547287 -0.480390961686 -1.92138222704 -0.904071619249 0.691883774803 -0.0407362989135 -1.09237539372 -0.210052670825 1.48385752934 -0.349191808688 -2.12848018612 -1.02260637787 1.60228236756 -0.856562471991 -1.58503521729 -1.28769515702 0.199510553088 0.0511146674496 1.08748129444 1.11157989164 -0.336869328642 0.434299823998 0.795656452333 0.270336144236 1.59526770983 -0.559779659201 0.128893245004 0.194581206806 0.472075119492 0.624530473341 0.208485165227 0.165744044898 -0.649495431945 -1.02832087968 -0.0499452758530 -1.99871932642 1.15561093801 -1.09075162154 0.753050728303 0.572279970839 0.269342202696
# mat_params[1]:
 7.42520258530 10.4720210128
# mat_params[2]:
 5.30798222726 7.94733819336
# mat_params[3]:
 5.22000307485 8.10437734580
# log_m_devs:
 0.00545728613008 0.140773497785 0.0668173765312 -0.213048160446
# log_slx_pars[1]:
 1.44727478634 -0.343273147737
# log_slx_pars[2]:
 1.68076931948 -0.256434544509
# log_ft_pars:
 -1.14385218293 -1.20987673269 -1.63668902622 -1.49495324095 -1.18030790247 -1.02488692207 -1.08458866163 -1.47501416718 -1.06310713253 -1.83201152575 -1.97723971750 -1.25466153396 -4.32990464853 -1.05532655708 -3.23960503370 -2.40284414823 -2.14524280947 -1.66969871754 -1.50831001404 -2.41654049051 -2.52713476137 -2.58368417840 -2.81529993613 -2.26119945077 -2.57071272711 -3.22167988948 -2.65888294207 -2.00856640506 -1.99697239303 -1.43620508818 -0.904924195780 -0.878128531791 -1.21321455379 -1.57875018445 -1.49649551523 -0.720787030656 -1.22889049876 -1.60676743966 -4.33469795710 -4.34326240516 -3.51972605306 -3.03077441235 -3.30572937807 -3.48851384842 -3.26247441790 -3.14914032709 -2.01532379504 -2.43826589714 -9.03926807609 -4.29669104656 -2.60581333765 -2.31440069174 -2.68991812118 -2.17378766743 -2.25767012715 -2.35646844342 -2.07335764584 -2.27850147438 -2.91809938762 -2.21226090111 -1.75342661668 -2.68350032630 -3.62223398673 -2.88195359090 -2.07544559797 -2.57568187041 -3.03283793245 -1.90508566633 -2.17769454102 -2.95715677233 -2.70114400580 -3.36405147973 -2.40872582182 -2.56941304204 -3.19061080890 -2.80478915243 -2.63295650155 -2.53850579156 -2.29710160107 -2.09833045626 -2.25945288582 -2.07279050337 -1.91567426486 -1.97656280294 -2.81096608245 -1.49604345930 -1.67540480749 -1.52719701020 -1.45639159565 -3.18490714504
