# Number of parameters = 56 Objective function value = -1194.35396957484  Maximum gradient component = 6.07812999585368e-005
# theta[1]:
-0.455587123509
# theta[2]:
4.48630209542
# theta[3]:
6.19413218743
# theta[4]:
6.42055974178
# theta[5]:
1.08956554291
# theta[6]:
4.00000000000
# log_rinit_devs:
 2.82259070999 1.62340457951 -0.0488431229963 -2.15926506706 -2.23788709944
# log_rbar_devs:
 -0.209492320076 -1.56684869720 -0.581876058321 1.01172407560 0.217618903157 -0.997479099612 -0.0409838828124 1.80820654776 -0.205260657072 -1.84246550543 -0.885128484905 1.97441775161 -0.599936986429 -1.43451726174 -1.09017184619 0.349268943134 0.0857978764604 0.955476623426 0.792579972562 -0.838610021079 0.0921751534464 0.443559849439 0.0407402153123 1.26497551369 -0.603137750777 0.0277369439084 0.218167549451 0.571048218887 0.790225073865 0.470097730191 0.428881546122 -0.419377141738 -0.783840479063 0.245341057541 -1.70867880918 1.59709282160 -0.709344488463 0.963453167519 0.168563955411
# mat_params[1]:
 4.87292836302 7.39645690099
# log_m_devs:
 0.162649602092 -0.246795627069 0.0841460249776
# log_slx_pars[1]:
 1.58814245868 -0.250584444077
# log_ft_pars:
 -13.5000000000 -13.5000000000 -13.5000000000 -13.5000000000 -13.5000000000 -13.5000000000 -13.5000000000 -13.5000000000 -13.5000000000 -13.5000000000 -13.5000000000 -13.5000000000 -13.5000000000 -13.5000000000 -13.5000000000 -13.5000000000 -13.5000000000 -13.5000000000 -13.5000000000 -13.5000000000 -13.5000000000 -13.5000000000 -13.5000000000 -13.5000000000 -13.5000000000 -13.5000000000 -13.5000000000 -13.5000000000 -13.5000000000 -13.5000000000 -13.5000000000 -13.5000000000 -13.5000000000 -13.5000000000 -13.5000000000 -13.5000000000 -13.5000000000 -13.5000000000
