# Number of parameters = 205 Objective function value = -3703.16352509493  Maximum gradient component = 0.000338400154103048
# theta[1]:
-0.352586892906
# theta[2]:
7.20333268052
# theta[3]:
6.78701956046
# theta[4]:
7.23151185011
# theta[5]:
0.615861781229
# theta[6]:
4.00000000000
# log_rinit_devs:
 0.210115837796 0.143943427720 0.117938393478 -0.0482938275363 -0.423703831459
# log_rbar_devs:
 0.944107342067 0.773861506582 0.611150242839 0.671713247631 0.543773033277 0.810300365275 0.477058831202 0.437824209772 0.444830826099 0.566911743634 0.536999967295 0.465686105797 0.500442499746 0.545175558854 0.745782671878 0.792058940121 0.999367890793 0.814452997841 0.958605711758 0.734650952717 0.723964051294 0.782252252921 0.710815794372 0.504888204048 0.579398318562 0.620677593953 0.538099971892 0.877942102413 0.476549514521 0.275299306984 0.0296282175869 0.0626315107134 0.0410525168602 -0.368225989880 -0.576912116210 -0.816467360669 -1.14739857211 -1.24921235636 -1.30904981352 -1.39235822465 -1.38989018003 -1.47664473349 -1.48948671861 -1.52166479119 -1.43606063718 -1.95939929867 -2.18077233194 -2.48646578967 -2.02760634124 -0.583501051234 0.870524970580 -0.386894968099 -1.84830319891 -0.816403432213 0.799588760606 0.0587552722755 -0.992808537642 -0.119915553259 1.59502466285 -0.260610946770 -2.03788869286 -0.884962583410 1.79715154020 -0.704241935449 -1.41990933493 -1.11681494101 0.377395995454 0.231455960297 1.28945434972 1.32202062205 -0.141466510349 0.642036604972 1.00833144017 0.488772738544 1.82002430779 -0.367379253233 0.304137905358 0.342621240314 0.587127789424 0.705012592506 0.306032861948 0.287312469151 -0.477526153438 -0.809070316582 0.237890897096 -1.62510228877 1.63623209172 -0.786877793086 0.935275859153 0.574028204039 0.393129609150
# mat_params[1]:
 7.27138851228 10.4167327239
# mat_params[2]:
 5.61846275298 8.34111157954
# mat_params[3]:
 5.60257984037 8.50533626041
# log_m_devs:
 -0.0807430258660 0.122742025319 -0.179509082828 0.137510083376
# log_slx_pars[1]:
 1.27577200733 -0.498161764630
# log_slx_pars[2]:
 1.67767836682 -0.228306690796
# log_ft_pars:
 -1.21476036704 -1.29458363155 -1.71652776737 -1.58886642688 -1.30269371617 -1.20069079292 -1.29962824422 -1.71660889008 -1.35420486762 -2.19055375500 -2.38097164913 -0.914649858442 -4.65628677765 -0.839775304056 -3.52094374693 -2.71366418301 -2.49025229412 -2.01231416212 -1.86056138281 -2.77107970158 -2.86216418472 -2.91108566217 -3.13175586497 -2.55338889118 -2.84518598098 -3.48892909241 -2.90974121880 -2.26161523835 -2.23506177640 -1.64008858545 -1.10171696009 -1.10572673681 -1.47304646825 -1.83352356773 -1.73651118080 -0.979479078149 -1.51925984135 -1.90232963876 -4.62140854193 -4.61494738639 -3.78036896836 -3.28339141826 -3.55911999011 -3.73116801479 -3.48952950996 -3.36259897192 -2.22658892619 -2.67139074476 -8.57694865326 -3.69436076608 -1.79963723356 -1.55625581887 -2.15186911158 -1.81645652679 -1.70637446256 -1.69360650521 -1.50014328046 -1.82918842300 -2.29456173119 -1.52206433686 -1.24063139485 -2.38701966357 -3.13077716912 -2.26702550908 -1.64314634256 -2.38257394869 -2.78822109438 -1.48171043763 -1.59912420837 -2.34961878747 -2.18820948154 -3.00083035452 -2.05507500175 -2.18139775590 -2.71777061091 -2.33622854069 -2.27538222365 -2.27208797417 -1.96331974578 -1.65239114853 -1.78391479925 -1.66271464205 -1.58331129091 -1.73791450264 -2.64025684297 -1.34323466117 -2.04985123688 -1.78269337408 -1.55815147738 -3.10169027424
