# Number of parameters = 203 Objective function value = -3527.94564811298  Maximum gradient component = 0.000165359463661846
# theta[1]:
0.158326411979
# theta[2]:
10.6272524138
# theta[3]:
9.46191967153
# theta[4]:
9.78575912205
# theta[5]:
0.528374833124
# theta[6]:
4.00000000000
# log_rinit_devs:
 -0.293341116850 -0.176879886624 0.0636554075411 0.103937037349 0.302628558584
# log_rbar_devs:
 1.21812267648 0.993631822964 0.716507076282 0.723437419384 0.547392469002 0.964067105565 0.523801119739 0.438624914896 0.421706072035 0.507864831386 0.411153907745 0.346320628521 0.416179200008 0.476253077690 0.702495549597 0.559160320899 0.682338942339 0.475930063202 0.754927580416 0.476891921848 0.458255864521 0.530985494556 0.420669772674 0.119668173197 0.212620487810 0.234299322634 0.0834282840169 0.532129970081 -0.00530753092155 -0.202387971374 -0.346607082500 -0.0605351431760 0.0690051831947 -0.382906304646 -0.531714566572 -0.639161567247 -0.893481617162 -0.963311561420 -1.06015965880 -1.23879090923 -1.27866387438 -1.41894620627 -1.44448927961 -1.48272508406 -1.35424645164 -1.92009423083 -2.03095808226 -2.24504420651 -1.76408515047 -0.303774406368 1.31963131802 -0.0590312164950 -1.40672821310 -0.426373844550 1.14520497650 0.423544033072 -0.617828041155 0.212090814934 1.89896383340 0.151974991652 -1.51806186667 -0.582091537157 1.93646850817 -0.427122867274 -1.18568287021 -0.930552581509 0.473727102075 0.392927103112 1.40455535590 1.43009466492 0.0224773565703 0.788009359864 1.09608275745 0.598688337177 1.87231339924 -0.317128587190 0.236318723267 0.238633973056 0.499016083742 0.726969183314 0.328996423168 0.283422908673 -0.693012719831 -1.14072627251 -0.168218315744 -2.16398740979 1.09412873979 -1.27794721083 0.436608914010 0.155711610118 0.297454715567
# mat_params[1]:
 8.46970891221 11.2357858204
# mat_params[2]:
 6.86260387627 9.19273694426
# mat_params[3]:
 6.97082502359 9.37277342516
# log_m_devs:
 -0.0248958206954 0.0248958206954
# log_slx_pars[1]:
 1.73412744592 -0.215238761467
# log_slx_pars[2]:
 1.88838724135 -0.331362644805
# log_ft_pars:
 -2.32346486660 -2.36884758782 -2.76165358448 -2.58093866461 -2.24363911900 -2.12850650566 -2.21536251786 -2.62319227085 -2.23221233340 -2.97677816624 -3.04902308280 -6.45130367192 -5.35690554708 -6.19339153525 -4.24116941271 -3.29550293532 -2.97088779568 -2.54018986773 -2.45648838614 -3.39031210806 -3.48996396106 -3.53005625890 -3.72169663666 -3.13120974716 -3.41084402787 -4.00046409853 -3.36957318245 -2.71271010027 -2.68100739130 -2.15126469579 -1.72102250988 -1.83387247142 -2.29503080312 -2.73285807738 -2.73730893432 -2.12385690968 -2.78637636085 -3.19705808098 -5.86029909746 -5.76126567636 -4.85151445317 -4.29191476691 -4.49962637085 -4.63821166760 -4.39581985340 -4.26385519475 -3.20419144220 -3.72036809466 -10.4189541613 -5.82351427855 -4.36830306036 -3.96309456734 -4.37544310850 -3.95563442856 -4.02423147926 -3.98646979766 -3.71581407712 -3.99453605304 -4.61406946969 -3.77850980784 -3.39270703002 -4.42150502181 -5.28167144436 -4.32559984929 -3.56222715760 -4.18025228179 -4.58546929271 -3.35628399673 -3.69222553083 -4.44756955536 -4.14982267480 -4.86115535337 -3.90605547542 -4.01818596803 -4.67468975779 -4.18721628488 -4.02150303008 -3.93125230313 -3.58437980764 -2.41587310709 -2.29741678425 -2.05481939373 -1.90961445727 -2.00688284137 -2.80441326060 -1.36967104237 -1.98403913746 -1.73748362503 -1.58802409034 -3.23561782912
