# Number of parameters = 206 Objective function value = -3684.81620614983  Maximum gradient component = 0.000159813224028630
# theta[1]:
-0.294943122204
# theta[2]:
6.97252355164
# theta[3]:
6.94773023279
# theta[4]:
7.34925950042
# theta[5]:
0.824939967634
# theta[6]:
4.00000000000
# log_rinit_devs:
 0.262590640225 0.147958591079 0.104691220144 -0.0814083422900 -0.433832109158
# log_rbar_devs:
 0.689838792712 0.509633477944 0.330321797485 0.426199737381 0.323664588407 0.646867008009 0.314251786870 0.294111167784 0.340609490801 0.481480099889 0.495596791170 0.473073977051 0.494567622209 0.634107426821 0.832364887747 0.916292975587 1.17875297411 0.966491168186 1.15181091842 0.933765588730 0.936648092436 1.01212474247 0.943169081552 0.734100420997 0.842306395048 0.897770271473 0.801927547451 1.17398130116 0.703849750593 0.444738379433 0.183642024817 0.278451714589 0.293878614018 -0.168149136011 -0.431884729203 -0.665267799682 -0.948241468056 -1.00070063926 -1.04015461171 -1.13871381206 -1.14193841271 -1.23784485223 -1.24791578524 -1.27542958038 -1.19919332907 -1.80160034935 -2.08373709245 -2.45342403846 -2.11170649605 -0.667843115333 0.786078278010 -0.447531477301 -1.89009024202 -0.871160822904 0.728133088968 -0.00754430969015 -1.06406298567 -0.181666307396 1.52492293134 -0.318339072034 -2.08489523464 -0.978124676653 1.66501043052 -0.811046746618 -1.54086486928 -1.24058137299 0.241977759684 0.0942917386669 1.13331708355 1.16225852258 -0.292701458254 0.486499362305 0.840763310508 0.315010145682 1.64537597684 -0.540425811874 0.130743792816 0.171510444829 0.418381714044 0.532186587939 0.138387533979 0.117880321379 -0.649643811846 -0.977651959881 0.0795174724042 -1.75022501767 1.57276762117 -0.866893025228 0.860744635619 0.499561122651 0.301483960387
# mat_params[1]:
 7.27657394502 10.2281126157
# mat_params[2]:
 7.55271230137 10.5595978817
# mat_params[3]:
 5.61813639612 8.34843822036
# log_m_devs:
 -0.112448931063 0.149673283247 0.0817675104253 -0.240311956864 0.121320094255
# log_slx_pars[1]:
 1.11088010940 -0.308983530806
# log_slx_pars[2]:
 1.54430358469 -0.351645778712
# log_ft_pars:
 -1.21758063566 -1.29797142482 -1.70421335401 -1.59541270850 -1.32185950612 -1.30001534825 -1.40057773947 -1.83456707259 -1.51115614904 -2.40067028923 -2.61814305576 -0.944999823110 -4.93455684419 -0.911185319039 -3.91386930785 -3.13878249913 -2.11958813854 -1.65282008960 -1.50216159192 -2.41184656800 -2.52788608809 -2.57985042380 -2.80527261840 -2.25535964472 -2.56246543613 -3.19815331910 -2.62659691684 -1.96508867545 -1.95557761509 -1.41753248617 -0.900626117435 -0.867470199727 -1.19479566165 -1.57172134017 -1.51211731527 -0.754848727425 -1.27265365260 -1.65393269617 -4.36901674122 -4.35869788374 -3.51792050765 -3.01295638447 -3.26542016223 -3.43804552901 -3.21098158760 -3.09718534336 -1.97352802522 -2.40426289856 -8.99166432362 -4.15815125341 -2.37194120157 -2.14816645701 -2.64456852195 -2.17492980067 -2.12612570282 -2.21002668633 -2.00407147625 -2.23854541782 -2.75771128429 -2.06721078507 -1.72727391318 -2.71692375138 -3.49705584943 -2.74685805966 -2.06173128115 -2.63035455474 -3.00213614007 -1.80233057518 -2.02930260154 -2.80557424776 -2.61186440023 -3.32892638166 -2.34490807512 -2.49374205967 -3.07265003369 -2.70399137434 -2.59313556821 -2.49883866527 -2.19723810951 -1.93891248776 -2.11779133174 -1.97964771760 -1.86625105688 -1.98386623758 -2.85418126407 -1.57737223204 -2.42549400124 -2.23747137359 -1.99675375758 -3.47430759898
