# Number of parameters = 203 Objective function value = -3674.72250336789  Maximum gradient component = 0.000607600433812134
# theta[1]:
-0.416091752271
# theta[2]:
6.88096688997
# theta[3]:
6.52499846384
# theta[4]:
7.09847781509
# theta[5]:
0.533714606766
# theta[6]:
4.00000000000
# log_rinit_devs:
 0.296947930498 0.178836832115 0.114293326784 -0.0857178311425 -0.504360258255
# log_rbar_devs:
 1.01385251107 0.826125820793 0.657471013802 0.730164813404 0.601160535059 0.881780117273 0.523589810291 0.483392098442 0.490706213519 0.625845837513 0.616575038873 0.533177481765 0.573016356221 0.606620824695 0.765218986992 0.771502499134 0.911449522544 0.730115819551 0.878530024766 0.646315154940 0.642566630401 0.711483036100 0.646891661242 0.441900603870 0.526037660483 0.579371221210 0.504851171947 0.870518962955 0.464686503241 0.270395859439 0.0155826451711 0.0321276824160 -0.00597681546352 -0.437167554352 -0.655338784423 -0.935537302527 -1.32924720816 -1.46639059886 -1.53549199304 -1.60721342843 -1.59257028263 -1.67163955015 -1.67653257149 -1.70446365064 -1.59838879890 -2.11208417092 -2.32066412868 -2.61757915392 -2.13016201783 -0.672541525976 0.751227977086 -0.509532315380 -1.95515794087 -0.927089543365 0.668209615239 -0.0628302560778 -1.10504384406 -0.234852141598 1.44610707362 -0.386791437611 -2.13719150266 -0.988123498752 1.67191924072 -0.782518379500 -1.48557798202 -1.16659191570 0.321619723145 0.184932706010 1.23951536988 1.27564259778 -0.152979820226 0.638942645912 1.02631407100 0.559427707077 1.86407481383 -0.177843201939 0.554214955256 0.697321024360 1.06633095349 1.35113317307 0.913098513908 0.854441262879 -0.0613592106286 -0.520324151538 0.455652765315 -1.60422931614 1.63562503069 -0.791765855341 1.01957569113 0.784751775070 0.565689044225
# mat_params[1]:
 7.03012031024 10.0019718990
# mat_params[2]:
 7.06302776448 10.4304609357
# mat_params[3]:
 5.35584585051 8.04326850267
# log_m_devs:
 -0.0738984079726 0.0738984079726
# log_slx_pars[1]:
 1.22127933655 -0.603096871660
# log_slx_pars[2]:
 1.67103768666 -0.202611936529
# log_ft_pars:
 -1.07619824168 -1.15511794613 -1.57298565918 -1.45018094484 -1.16323932726 -1.06804854614 -1.16219899949 -1.57287564469 -1.20928940568 -2.05971892193 -2.27515813701 -0.710548915660 -4.53065213600 -0.701186998909 -3.39379896724 -2.58747351819 -2.33467500764 -1.85914413768 -1.70141300946 -2.61382060124 -2.71342629333 -2.77288634301 -3.00488752814 -2.43392901451 -2.73149353943 -3.38658822429 -2.81733675681 -2.17554250512 -2.15700280011 -1.56031332118 -1.00917384410 -0.989597366431 -1.33677644514 -1.68761127231 -1.58170098098 -0.789146209132 -1.27322566652 -1.62074466420 -4.33576915186 -4.34462642801 -3.52164560201 -3.03257000056 -3.31312848755 -3.49444583197 -3.26711871659 -3.15102141256 -2.01271484751 -2.46567373219 -8.40287665046 -3.52474371942 -1.57118670154 -1.33515276613 -1.95421317759 -1.64174130806 -1.51427769529 -1.49222487461 -1.28955193873 -1.63348383912 -2.08092805623 -1.29824378840 -1.00812958589 -2.18656968795 -2.93704380744 -2.07813985474 -1.45907202601 -2.23367622234 -2.68247142803 -1.38379760386 -1.46536832608 -2.21373276706 -2.07298181029 -2.91705045653 -1.99560240169 -2.15178677017 -2.69139054976 -2.33540183932 -2.31024372584 -2.37017427324 -2.16073666210 -1.97964163308 -2.03849174369 -1.84363202607 -1.68858014036 -1.75547797121 -2.54674322055 -1.15512556535 -1.76441127772 -1.60811145480 -1.47647994669 -3.10009752325
