# Number of parameters = 204 Objective function value = -3658.43893945932  Maximum gradient component = 0.000149589580301613
# theta[1]:
0.173693585586
# theta[2]:
10.5393004875
# theta[3]:
9.68678123762
# theta[4]:
10.1101383206
# theta[5]:
0.764901767424
# theta[6]:
4.00000000000
# log_rinit_devs:
 -0.223714536848 -0.142221970965 0.0616451628601 0.0614217718171 0.242869573136
# log_rbar_devs:
 0.995114887302 0.796872827632 0.547378771862 0.581652363380 0.419479134279 0.814971667398 0.415476801933 0.338991093201 0.351528643252 0.445312143050 0.350546349709 0.258816639988 0.296922626485 0.336817057966 0.550554200139 0.419977604799 0.531615528895 0.343653847209 0.615115351736 0.369948150131 0.364355919476 0.446489797503 0.360922971532 0.0916815773662 0.195693840352 0.237339796253 0.116238768535 0.547084790558 0.0558587774101 -0.116853223873 -0.229581951764 0.0795476160851 0.238771008533 -0.155170776022 -0.256187805292 -0.313890092128 -0.511495853937 -0.531031910470 -0.576906633709 -0.712102174490 -0.708426264419 -0.815973708190 -0.808402219409 -0.766181273248 -0.597434006718 -1.20209057741 -1.45319486344 -1.90471525144 -1.78431237944 -0.364462338206 1.24297767409 -0.0264018246890 -1.41408230317 -0.410118527529 1.16416144353 0.446734763202 -0.598301657624 0.239587118188 1.96729438418 0.169089127836 -1.60665049598 -0.564841935898 2.00048877736 -0.420172985176 -1.19270241136 -0.951291815083 0.467053104211 0.376299785681 1.37788171222 1.39769821881 -0.0409365481267 0.710234001611 1.00707971765 0.440243735160 1.66053570099 -0.626557812704 -0.124622586308 -0.135411138226 0.133504587100 0.392249487961 0.0200019577828 -0.0301013467407 -1.03905265459 -1.46294172925 -0.467527612682 -2.43734327070 0.863775027524 -1.54614255971 0.187906470012 -0.134056414077 0.258143584174
# mat_params[1]:
 8.53485645250 10.7926490240
# mat_params[2]:
 9.78939143090 13.3209856409
# mat_params[3]:
 7.06292665221 9.55610057020
# log_m_devs:
 0.0735903899312 -0.0843776343402 0.0107872444090
# log_slx_pars[1]:
 1.79568282847 -0.207753200697
# log_slx_pars[2]:
 1.88560415526 -0.310292378884
# log_ft_pars:
 -1.69973072736 -1.77705983981 -2.18735801285 -2.03011892787 -1.71059890189 -1.62648305012 -1.72418141135 -2.13916092864 -1.76339535362 -2.53713310740 -2.62781332248 -3.17941399868 -4.93309723805 -1.19471063556 -3.75664436889 -2.81530404207 -2.49058247410 -2.05361398621 -1.97668601414 -2.91561509042 -3.02303688870 -3.07962976464 -3.28795039962 -2.70477248313 -3.00599965114 -3.62403110631 -3.01352603844 -2.38633626877 -2.36212612210 -1.83477376187 -1.41900792619 -1.57640862159 -2.09113590335 -2.55275768962 -2.58154485846 -2.00673795490 -2.71381707992 -3.17526459501 -5.89231212357 -5.84086539200 -4.98127463366 -4.46750550915 -4.72737396152 -4.91448783649 -4.71672346397 -4.60996089103 -3.55451011326 -4.02265941171 -10.5700373888 -5.81127933954 -4.17688880556 -3.82354808857 -4.32679357869 -4.02251253955 -4.05536441863 -3.99666123361 -3.75616678386 -4.08897733212 -4.64609283836 -3.81245560314 -3.49323612295 -4.61663149323 -5.37968878972 -4.37642168739 -3.65327367490 -4.38496393674 -4.78097354459 -3.44591669649 -3.63516474744 -4.36911510385 -4.11551884363 -4.87769691907 -3.92121354047 -4.01120852338 -4.53837615365 -4.04645304651 -3.88660916081 -3.82420870340 -3.43215824850 -2.54203473950 -2.38100536878 -2.12490568048 -1.98669732718 -2.09740260017 -2.90748312231 -1.48130048631 -2.10610190092 -1.82241552422 -1.65041330536 -3.27303709266
