# Number of parameters = 207 Objective function value = -3717.32308939615  Maximum gradient component = 0.000100024823186276
# theta[1]:
-0.288362390462
# theta[2]:
8.31387694735
# theta[3]:
7.27706844599
# theta[4]:
7.65937278029
# theta[5]:
0.835810924463
# theta[6]:
4.00000000000
# log_rinit_devs:
 -0.0704864837828 -0.0442484039410 0.0701067584166 0.0276495487756 0.0169785805316
# log_rbar_devs:
 1.29460510100 1.09459856400 0.866586481457 0.888709283349 0.728175260063 1.03883444046 0.637267964911 0.541213968594 0.499635137568 0.554217960935 0.485791905442 0.461863409815 0.578945761852 0.684728273669 0.916007348276 0.812119040294 0.894035112937 0.685821797659 0.885109623058 0.651967135394 0.651834505439 0.729588260291 0.652511341984 0.421338508720 0.522668760155 0.574290211231 0.473963786342 0.868712622714 0.402232948555 0.168143124923 -0.0759967958453 0.0443749571467 0.0871016893985 -0.347238746687 -0.557515803381 -0.749736517801 -1.02199557437 -1.07165204799 -1.11253523560 -1.21407830573 -1.21159575627 -1.30860923723 -1.31608883273 -1.34680346556 -1.24879199073 -1.81392472269 -2.01138268202 -2.29173517030 -1.87293632863 -0.452824512910 1.03113912163 -0.228696882072 -1.66092044915 -0.644668718244 0.955104073917 0.225858492319 -0.826577992460 0.0331585013711 1.74595377036 -0.0822823707844 -1.83572846690 -0.752220704828 1.88262151542 -0.591772411995 -1.33138199568 -1.04984844346 0.413970038285 0.285733786817 1.32061071415 1.35042128045 -0.0953011231559 0.687565133351 1.03584428710 0.521497576109 1.90661392692 -0.322380788022 0.306036444372 0.236370575858 0.354894580464 0.354871160495 -0.0668328717221 -0.123624986161 -0.997939871407 -1.41885728853 -0.435851991205 -2.38456534498 0.804876379380 -1.41714523546 0.470795388459 0.361694170580 0.209414457246
# mat_params[1]:
 7.54555272971 10.3420269104
# mat_params[2]:
 7.72353566344 10.7197252741
# mat_params[3]:
 6.44962272721 9.46846834487
# mat_params[4]:
 5.21691538053 7.75249003334
# log_m_devs:
 0.170666342456 -0.170666342456
# log_slx_pars[1]:
 1.28034320601 -0.0190474212787
# log_slx_pars[2]:
 1.44697872118 -0.448328383344
# log_slx_pars[3]:
 1.70580091658 -0.234662566746
# log_ft_pars:
 -1.83763779530 -1.90455144154 -2.26694324203 -2.09036214309 -1.76001460126 -1.70372571301 -1.75048475799 -2.10559361345 -1.69076327373 -2.47124179607 -2.57472893041 -5.03789611742 -4.97736850947 -4.91899373841 -4.01114810967 -3.07345658732 -2.33375633502 -1.87894917162 -1.74119740840 -2.66378981079 -2.77180115060 -2.82009981991 -3.04574486897 -2.48242308362 -2.77363607741 -3.40583829004 -2.82973585881 -2.17654999737 -2.17516412733 -1.61426896702 -1.08368244218 -1.08645588028 -1.47292491934 -1.88182019616 -1.82460499084 -1.09864380010 -1.68226624637 -2.09265920455 -4.81284234446 -4.79744297868 -3.95441093116 -3.45241140670 -3.71768350258 -3.88778786009 -3.65157035101 -3.54596505773 -2.43657507157 -2.89462937098 -8.92676430335 -4.04988079846 -2.20974955273 -1.94372272625 -2.51911212505 -2.18753616382 -2.10705455855 -2.08317946645 -1.88711545666 -2.21548468244 -2.69055490947 -1.90303308922 -1.62366943375 -2.76128321760 -3.48504371354 -2.57516089834 -1.92676282462 -2.65786538576 -3.04004419854 -1.71501208947 -1.85844112850 -2.60799310809 -2.42198133775 -3.21881666129 -2.26611003534 -2.38618781248 -2.95988299314 -2.57275793413 -2.50757627370 -2.48915018785 -2.12823116078 -1.73751539302 -1.82093693000 -1.66301854729 -1.55166616274 -1.66474894660 -2.51221895218 -1.13483706646 -1.67204536009 -1.51835927274 -1.45412992262 -3.20005939291
