# Number of parameters = 210 Objective function value = -3734.16754025302  Maximum gradient component = 0.000274587640023635
# theta[1]:
-0.248090444247
# theta[2]:
7.11201341545
# theta[3]:
7.20573655110
# theta[4]:
7.61832289713
# theta[5]:
0.778078276747
# theta[6]:
4.00000000000
# log_rinit_devs:
 0.237266928898 0.138801490479 0.107456857231 -0.0803030748269 -0.403222201781
# log_rbar_devs:
 0.549248414970 0.378243484830 0.203981284134 0.310543410114 0.215813824334 0.568732981946 0.253134145681 0.256109859813 0.327090933269 0.488516197791 0.493206195831 0.451167762025 0.429701288058 0.516665209061 0.648775743933 0.702668867525 0.932137189323 0.729444051680 0.915213614925 0.685774306136 0.680119353072 0.749779400329 0.670916758672 0.444215904363 0.537024911541 0.582659156953 0.481785699432 0.857020421177 0.403610648405 0.172322191543 -0.0734411656329 0.0281498225539 0.0591213198275 -0.367070627045 -0.579006436212 -0.778979073543 -1.05480998379 -1.11037811779 -1.15249967840 -1.24986748804 -1.24769976644 -1.34046715193 -1.34715489570 -1.37742899049 -1.28083916574 -1.82116390798 -1.99355964027 -2.23477888971 -1.74738888091 -0.326556560100 1.16095992133 -0.110242621183 -1.55544977118 -0.534817729312 1.07890375671 0.340134813667 -0.718412069125 0.144167465530 1.87457550075 0.0283224625896 -1.73798883032 -0.638115972758 2.02725003422 -0.477492883387 -1.21551624322 -0.931916618501 0.544436991055 0.412195692391 1.45894787861 1.49155881999 0.0288765017496 0.816400236681 1.16533755262 0.639865728464 2.03337092886 -0.229372761165 0.393122416514 0.314497580949 0.420782091350 0.400173133105 -0.00334898796415 -0.0354735793425 -0.847257814758 -1.21381192376 -0.173891461395 -2.05621538052 1.22985771856 -1.21845309201 0.537418158754 0.231293410669 0.285525011255
# mat_params[1]:
 7.45868827335 10.3768831518
# mat_params[2]:
 7.68596109611 10.7660288329
# mat_params[3]:
 6.40107641748 9.31560789583
# mat_params[4]:
 5.35209887197 7.88703368618
# log_m_devs:
 -0.110649090156 0.101505807426 0.155034212918 -0.235015677883 0.0891247476952
# log_slx_pars[1]:
 1.16875300022 -0.161826665313
# log_slx_pars[2]:
 1.42615371767 -0.464160747456
# log_slx_pars[3]:
 1.71260609378 -0.246073041860
# log_ft_pars:
 -1.22671678909 -1.31862919516 -1.73316224016 -1.63174870861 -1.36844890663 -1.36885850416 -1.49144541784 -1.94683196460 -1.64632157896 -2.55450901063 -2.77375663899 -0.765425416545 -5.03028381550 -0.605123808533 -3.88657116310 -3.09130313128 -2.41658467032 -1.95159784806 -1.80605197070 -2.72778623163 -2.83086395216 -2.87510112553 -3.09665483144 -2.52949518333 -2.81832784500 -3.44829794521 -2.86796075387 -2.20540685771 -2.19837071218 -1.63108056586 -1.09851325223 -1.09880020647 -1.47769866399 -1.87984328420 -1.81757094927 -1.08707169127 -1.66732332788 -2.07537913234 -4.79614816800 -4.78251743474 -3.94070531765 -3.44034452202 -3.70728460843 -3.87917248536 -3.64426468906 -3.54131768521 -2.43783481744 -2.91341238595 -8.90854229080 -4.01978599482 -2.18285490975 -1.91664854451 -2.49409221264 -2.15957337680 -2.07136102467 -2.04353402669 -1.84952604647 -2.17776461567 -2.65469647416 -1.86738236879 -1.59195458180 -2.72975287611 -3.45722605474 -2.55138440464 -1.91167713769 -2.64355343649 -3.01579473147 -1.68483941106 -1.83481421786 -2.58884342456 -2.40465354090 -3.20176077299 -2.24629264568 -2.35979983126 -2.93169051519 -2.54208689747 -2.47418113922 -2.44884458463 -2.07091024594 -1.65980861379 -1.76306787873 -1.62852426834 -1.54218837368 -1.68679318219 -2.57140240529 -1.24268642198 -1.87355784551 -1.55775000729 -1.31790808476 -2.87115821548
