# Number of parameters = 202 Objective function value = -3533.33214312823  Maximum gradient component = 0.000163837588338274
# theta[1]:
-0.0252183866451
# theta[2]:
10.1514274150
# theta[3]:
8.86539113563
# theta[4]:
9.14173566350
# theta[5]:
0.820932869299
# theta[6]:
4.00000000000
# log_rinit_devs:
 -0.303282270016 -0.184386467885 0.0613974890718 0.106286390913 0.319984857916
# log_rbar_devs:
 1.33619742870 1.10800830819 0.823621694337 0.809750090339 0.619427382762 1.03166141469 0.568326358219 0.471820572140 0.447475633735 0.536217308599 0.446801853928 0.394711097021 0.480774507866 0.554512132606 0.793504427484 0.650424140596 0.774480750212 0.562300814711 0.848623743309 0.573140033227 0.565837879953 0.651638778275 0.552386236666 0.260352863775 0.370259614054 0.408237115208 0.266771652021 0.737058067496 0.181777967176 -0.0302339716449 -0.192676370974 0.0879216411010 0.212011237682 -0.258134021176 -0.420364433827 -0.538584745664 -0.798256524743 -0.864000185123 -0.956717030403 -1.13127001892 -1.16729352967 -1.30491727331 -1.32654985815 -1.36223349235 -1.22628399469 -1.80128227372 -1.91540084272 -2.12547289736 -1.63396499259 -0.165249180757 1.44576967849 0.0560943386534 -1.29533051021 -0.314016013176 1.26234396239 0.535567145448 -0.514174513959 0.317533204522 2.00854669168 0.243906025776 -1.42160459811 -0.495230124052 2.04296228583 -0.344114604171 -1.10380367351 -0.845233623660 0.566079618650 0.481543017157 1.49988415690 1.52429788993 0.107568595478 0.880631567595 1.19329690817 0.680840778234 2.04821736444 -0.222728904133 0.262733580021 0.0923356583190 0.0802701555227 -0.0523714925290 -0.435470122326 -0.513663648552 -1.45516378566 -1.87734991630 -0.881723034108 -2.76852567666 0.487159189060 -1.85810198575 -0.134299966376 -0.372514237368 0.180691510057
# mat_params[1]:
 8.02827384194 10.7689000796
# mat_params[2]:
 6.24710838380 9.02671376099
# mat_params[3]:
 6.34450118367 9.04532288592
# log_m_devs:
 0.129258342620 -0.140541569888 0.0112832272680
# log_slx_pars[1]:
 1.71697718534 -0.218263807968
# log_ft_pars:
 -1.97569566517 -2.01324978934 -2.40305153288 -2.21751260439 -1.86831503337 -1.73617876621 -1.80958527141 -2.20543985665 -1.80304887239 -2.53406688461 -2.60806799650 -6.79313861509 -4.93471769492 -6.64053853605 -3.84706130200 -2.91286680702 -2.59367464695 -2.16394646597 -2.07786102300 -3.00960530161 -3.11706704382 -3.16523542649 -3.36763848679 -2.78889733692 -3.07783949151 -3.68037149116 -3.06557475604 -2.42445860789 -2.40241336681 -1.87684174479 -1.43433808797 -1.52339112325 -1.97122722056 -2.40480496878 -2.40413803952 -1.77652481164 -2.42133123006 -2.82849819213 -5.49450653163 -5.40187232100 -4.49683206870 -3.94051525436 -4.15072892787 -4.29250664451 -4.05404093210 -3.92631885068 -2.86503192815 -3.37818059598 -10.0775886726 -5.48122789921 -4.01360412836 -3.62340463323 -4.04456940701 -3.61684712706 -3.66795790336 -3.63623848521 -3.37085209073 -3.64318817009 -4.24820461883 -3.42119774609 -3.04069334499 -4.06495119618 -4.91116748364 -3.96733597699 -3.21014832222 -3.82220483563 -4.21672532206 -2.98417882161 -3.31275313535 -4.07120957546 -3.78195524629 -4.49417962602 -3.53556011042 -3.64948027365 -4.33172815071 -3.86480692894 -3.70333793868 -3.57818643083 -3.12185337054 -2.65078024961 -2.65964675577 -2.41546541715 -2.22724881405 -2.28007655866 -3.06159404359 -1.65174279743 -2.42258514040 -2.18624462406 -2.01365142490 -3.58095655251
