# Number of parameters = 204 Objective function value = -3675.01527683859  Maximum gradient component = 0.000276501488915101
# theta[1]:
-0.324970604675
# theta[2]:
7.23551616919
# theta[3]:
6.65030379489
# theta[4]:
7.21253735045
# theta[5]:
0.483886129049
# theta[6]:
4.00000000000
# log_rinit_devs:
 0.183524672875 0.120515782029 0.113567143331 -0.0297153693212 -0.387892228914
# log_rbar_devs:
 1.08974324474 0.911214762716 0.738028490201 0.796176925064 0.663516175321 0.931572962297 0.579746433139 0.527237410465 0.513623190798 0.619044619897 0.578734184112 0.491134861838 0.506420002529 0.507833366813 0.660139599324 0.675052247064 0.845954876431 0.660273407611 0.801234810439 0.573037856794 0.569790823730 0.637057858112 0.574033394978 0.373699729588 0.456488780183 0.509383798647 0.437820012879 0.793362294635 0.397463531325 0.203354722352 -0.0503860265503 -0.0356409982731 -0.0721016558859 -0.492159403275 -0.706618626048 -0.977502855060 -1.35332051408 -1.47694618168 -1.53687648945 -1.60355598949 -1.58486107948 -1.65851691492 -1.65876109439 -1.68093908091 -1.57467791854 -2.07673688008 -2.27829087462 -2.57326336520 -2.11598992595 -0.671509847031 0.769291309384 -0.490076444123 -1.94040972922 -0.910710804598 0.688219921466 -0.0415795892661 -1.08278442689 -0.215208977281 1.47145875692 -0.358335174510 -2.11692623098 -0.962231504913 1.69420311847 -0.763804315327 -1.46939210075 -1.15635983964 0.329488426418 0.193582483239 1.24858118757 1.28358768173 -0.150547113592 0.637039206300 1.01806157494 0.539905185927 1.84369099001 -0.235244232489 0.479543853880 0.612927471088 1.00183558163 1.34983383851 0.915022110041 0.872899140118 -0.0182282209230 -0.451099950711 0.557393173180 -1.46819791501 1.80870769019 -0.619632521587 1.19322426768 0.943104142553 0.555649327468
# mat_params[1]:
 7.09930963399 10.3139265741
# mat_params[2]:
 5.54918241753 8.38190078869
# mat_params[3]:
 5.47562965574 7.92280751039
# log_m_devs:
 -0.125039315888 0.0189440321118 0.106095283776
# log_slx_pars[1]:
 1.23412422219 -0.572839491434
# log_slx_pars[2]:
 1.68380743419 -0.213228108158
# log_ft_pars:
 -1.32207336593 -1.40048558117 -1.81395312115 -1.67771029181 -1.38636006617 -1.28232916061 -1.37347537867 -1.77499611004 -1.39644859508 -2.21490229150 -2.38812536730 -0.982887828249 -4.63606439080 -0.756454669868 -3.41478697055 -2.57950287809 -2.31974543901 -1.84426366478 -1.68689484607 -2.60040812170 -2.69980915178 -2.75917580493 -2.99119044527 -2.41930560889 -2.71858139056 -3.37541743420 -2.80671870549 -2.16501943587 -2.14594123610 -1.54872395644 -0.997164234706 -0.982059075119 -1.33535045778 -1.69007693067 -1.58754293694 -0.801348027491 -1.29947860241 -1.66047694356 -4.38497493613 -4.39819421205 -3.58034078980 -3.09710672934 -3.38556085058 -3.57162720850 -3.34621490026 -3.23431113518 -2.10721123378 -2.56827870063 -8.45993324700 -3.56578947003 -1.60607864296 -1.37337313820 -2.00064962459 -1.69743940239 -1.56730119084 -1.53923124468 -1.34377014576 -1.69342003285 -2.13404548288 -1.34972167646 -1.07310694307 -2.25850481060 -2.99410449911 -2.12229460477 -1.50916337002 -2.29114984945 -2.73000971343 -1.41956491955 -1.49810865099 -2.24488327646 -2.10465783011 -2.94927748911 -2.02319790978 -2.17072557762 -2.70076225200 -2.33752300533 -2.30628855088 -2.35693702735 -2.12744362426 -1.93737923580 -2.00620658556 -1.82849599538 -1.69033512324 -1.77247019114 -2.58243369739 -1.20938827920 -1.88883236888 -1.70541125061 -1.55608675752 -3.15655750674
