# Number of parameters = 201 Objective function value = -3528.51705485151  Maximum gradient component = 0.000555246467064888
# theta[1]:
-0.102489309248
# theta[2]:
8.94780452126
# theta[3]:
8.40036924121
# theta[4]:
8.72853511633
# theta[5]:
0.490403685010
# theta[6]:
4.00000000000
# log_rinit_devs:
 -0.0931488602506 -0.0598350826064 0.0821763180441 0.00601792534272 0.0647896994702
# log_rbar_devs:
 0.873385290893 0.702956982672 0.492768094192 0.551464434910 0.413163841864 0.829696977236 0.468116906287 0.445328028496 0.499671735728 0.656784889570 0.649322131637 0.686594811724 0.836257395800 0.929889605431 1.13592780579 0.957305339465 0.968363984899 0.761543072869 1.00117658167 0.719465010722 0.694740353864 0.758822906411 0.654417303278 0.376358783666 0.470882555731 0.497851230121 0.353045116141 0.781395434197 0.237050650868 0.00691271669724 -0.186630626415 0.0254109217652 0.0996109694361 -0.378716966005 -0.578355557063 -0.737196281022 -1.01567179742 -1.10540707798 -1.21650596430 -1.39791230395 -1.45821083370 -1.60447322442 -1.64475179368 -1.69732017364 -1.59008414522 -2.14763797906 -2.28019064952 -2.50093320093 -2.01055854599 -0.551785787969 1.02779603862 -0.313259658884 -1.68598695751 -0.684996689073 0.893546715878 0.178450577821 -0.863319651773 -0.0172149863559 1.65704418698 -0.0977102464410 -1.78053617670 -0.800806429259 1.73672612605 -0.646737238554 -1.39400492036 -1.12311092277 0.302073716438 0.206872369885 1.22570157475 1.25101839068 -0.161193884027 0.613198822859 0.946402302936 0.458652509520 1.73051533438 -0.381542489740 0.248978208827 0.293803220547 0.544932996068 0.673431404162 0.337369614193 0.377124744723 -0.315197235141 -0.631050514070 0.339937971464 -1.58625691237 1.50407614532 -0.895366560626 0.743712836982 0.345475548468 0.308111160365
# mat_params[1]:
 7.72476626365 10.1365118104
# mat_params[2]:
 7.49964770057 10.4475662784
# mat_params[3]:
 9.36876729038 14.1230881445
# log_m_devs:
 0.114251624387 -0.114251624387
# log_slx_pars[1]:
 1.66820578294 -0.214635848334
# log_ft_pars:
 -1.23871686067 -1.34429290758 -1.79979896195 -1.67647559922 -1.38228086738 -1.30901527743 -1.44491596525 -1.90790101463 -1.56994891811 -2.39711037629 -2.56468717707 -2.56448264477 -5.05114527905 -1.78684816166 -4.05395803118 -3.15380763432 -2.82285394370 -2.36388953017 -2.23118629612 -3.13382600842 -3.21762314949 -3.24288249206 -3.42942276717 -2.84423704070 -3.12371886185 -3.71826695215 -3.10016210301 -2.43716792321 -2.40471806443 -1.86991452957 -1.41050854038 -1.46189266420 -1.85826495491 -2.25818318589 -2.22772749048 -1.56338760661 -2.17282246914 -2.55646069444 -5.20630488554 -5.10311608998 -4.18252369229 -3.60929956688 -3.79813584340 -3.92311235940 -3.66870200954 -3.52764986957 -2.44545254110 -2.94478061726 -9.63536529108 -5.00354718870 -3.48317942471 -3.13003303641 -3.56504193057 -3.13204889509 -3.17946680010 -3.17836253412 -2.92697540033 -3.19651593611 -3.78744223160 -2.98868766506 -2.61475063371 -3.63563446586 -4.48296857584 -3.58135892502 -2.83658719380 -3.44013494496 -3.84477458076 -2.63051736149 -2.94215316347 -3.70362365113 -3.43192293825 -4.14522841304 -3.18782719670 -3.32109147383 -3.96470281634 -3.51386818531 -3.37470683027 -3.30868437570 -3.01757165730 -2.78353640506 -2.95843907222 -2.83571374850 -2.75126999751 -2.90668078486 -3.79696793615 -2.52400351216 -3.36358628116 -3.25627915877 -3.11798605802 -4.66319441774
