# Number of parameters = 56 Objective function value = -973.785836074426  Maximum gradient component = 6.23307477995516e-005
# theta[1]:
-1.02823201013
# theta[2]:
2.69640388434
# theta[3]:
5.17533407889
# theta[4]:
5.44133542631
# theta[5]:
1.03579782009
# theta[6]:
4.00000000000
# log_rinit_devs:
 3.13232734328 1.70465850248 -0.137089834651 -2.07360249026 -2.62629352084
# log_rbar_devs:
 -0.555762296878 -1.89835922940 -0.905497634671 0.559912727589 -0.107498792103 -1.13163644209 -0.288738902817 1.26809826063 -0.347228104889 -1.89035977965 -1.12246952448 1.26853534176 -0.813959785309 -1.50054018909 -1.26042116844 0.111045700297 0.0188416360152 0.855544257069 0.873856814164 -0.405385452129 0.345458334748 0.707049721652 0.288277583716 1.48094455198 -0.310811451378 0.332965354246 0.526383473690 0.906820393624 1.15055801827 0.816101019476 0.802272170672 -0.0763219576684 -0.514932119925 0.338607242291 -1.44122771813 1.45392165806 -0.856608236961 0.635243254617 0.377218708907 0.310102562546
# mat_params[1]:
 3.27914352549 4.37326951859
# log_m_devs:
 -0.0108022722519 0.0108022722519
# log_slx_pars[1]:
 -0.0997368026562 -5.37275641943
# log_ft_pars:
 -13.5000000000 -13.5000000000 -13.5000000000 -13.5000000000 -13.5000000000 -13.5000000000 -13.5000000000 -13.5000000000 -13.5000000000 -13.5000000000 -13.5000000000 -13.5000000000 -13.5000000000 -13.5000000000 -13.5000000000 -13.5000000000 -13.5000000000 -13.5000000000 -13.5000000000 -13.5000000000 -13.5000000000 -13.5000000000 -13.5000000000 -13.5000000000 -13.5000000000 -13.5000000000 -13.5000000000 -13.5000000000 -13.5000000000 -13.5000000000 -13.5000000000 -13.5000000000 -13.5000000000 -13.5000000000 -13.5000000000 -13.5000000000 -13.5000000000 -13.5000000000 -13.5000000000
