# Number of parameters = 199 Objective function value = -3514.51524174221  Maximum gradient component = 0.000750753028466898
# theta[1]:
0.0495933805755
# theta[2]:
9.57384623224
# theta[3]:
9.11350382229
# theta[4]:
9.44447265447
# theta[5]:
0.588114036549
# theta[6]:
4.00000000000
# log_rinit_devs:
 -0.124957090970 -0.0726987747956 0.0846052345641 0.0508012051554 0.0622494260458
# log_rbar_devs:
 0.686153104720 0.529149106337 0.331542918845 0.394450454318 0.273206523611 0.649239024654 0.315663591954 0.285967265875 0.315944238707 0.441877204734 0.404009827167 0.382801832239 0.476666074576 0.573524665009 0.826245658287 0.778293630067 0.956903602141 0.749466212897 0.955617276228 0.694581870326 0.658937510602 0.702221977764 0.592773025932 0.323787074374 0.392027028893 0.398593615098 0.254307326680 0.620684895491 0.131832875222 -0.0706664108929 -0.228586665759 -0.0174076693520 0.0649264151021 -0.353197019050 -0.512820622628 -0.633809033492 -0.872079904447 -0.947559667814 -1.04469638717 -1.21066248908 -1.25981801373 -1.39288837487 -1.42843547869 -1.47699395109 -1.38603405565 -1.90746439241 -2.02484458881 -2.24248667996 -1.77746838301 -0.316823202610 1.31078508775 -0.0552742593562 -1.42989640424 -0.430962418490 1.15511381560 0.434716944236 -0.595840942326 0.233543570979 1.91507801058 0.168644962830 -1.52725621497 -0.555010992462 1.96662073264 -0.410987417065 -1.16035279184 -0.908569530150 0.506873522505 0.421578690681 1.44523386380 1.47183854962 0.0646273722504 0.825274428030 1.14809677569 0.657927475182 1.96746261894 -0.204685523249 0.364754229024 0.338552096095 0.555437875422 0.741008849473 0.319449089511 0.246302548667 -0.788297757955 -1.28263800851 -0.321166586002 -2.39254992370 0.857120634172 -1.55880277251 0.191601140733 -0.0588857845918 0.316881605682
# mat_params[1]:
 8.27978812412 11.1206113304
# mat_params[2]:
 6.55733448279 8.95063180488
# log_m_devs:
 -0.0563625294065 0.0563625294065
# log_slx_pars[1]:
 1.72547755603 -0.220357151779
# log_ft_pars:
 -1.67399783285 -1.75560978451 -2.20531797246 -2.08894765885 -1.81264679966 -1.72332544605 -1.85353582314 -2.31743182066 -1.98347733342 -2.78580537883 -2.91453993867 -3.41295525587 -5.32309427550 -1.95875811465 -4.24566346816 -3.35785639031 -3.09235138416 -2.62024759820 -2.48872412919 -3.39345420476 -3.46992976889 -3.48882237629 -3.66534309343 -3.06995357535 -3.34507807866 -3.92986435567 -3.29586809892 -2.61173010663 -2.56666155125 -2.02891335655 -1.59287789170 -1.68282252822 -2.10484470544 -2.51977777527 -2.50988933876 -1.88550414320 -2.54168254836 -2.95334856539 -5.62034084755 -5.52754451899 -4.62054610401 -4.06313318596 -4.26836094202 -4.40412263625 -4.15306878830 -4.01561548935 -2.94933654925 -3.46687005260 -10.1615635588 -5.53890421098 -4.06451587423 -3.68237544370 -4.11507439218 -3.70170369348 -3.75510651187 -3.72537781505 -3.46883384237 -3.75309905854 -4.35343987935 -3.52928315277 -3.15791708250 -4.19562646280 -5.03493874851 -4.08944253091 -3.34131336972 -3.96831083579 -4.36476231082 -3.12695668369 -3.45163631563 -4.21208838726 -3.92992966120 -4.64881030455 -3.69258890425 -3.81026702764 -4.47370042449 -4.00786856663 -3.86274364653 -3.78364218041 -3.43300229054 -3.14826201292 -3.10374895997 -2.80759743544 -2.55305424073 -2.52313977098 -3.23917910601 -1.77202618965 -2.69797998366 -2.50275620543 -2.35027491040 -3.89700433136
