# Number of parameters = 201 Objective function value = -3603.01725977321  Maximum gradient component = 0.000610806152330028
# theta[1]:
-0.331609370773
# theta[2]:
7.59678049305
# theta[3]:
6.57982032859
# theta[4]:
7.03950496825
# theta[5]:
0.712837551640
# theta[6]:
4.00000000000
# log_rinit_devs:
 0.0812928630011 0.0830725613439 0.123472682709 -0.00738066258433 -0.280457444469
# log_rbar_devs:
 1.41850988644 1.23991336698 1.04928088722 1.06197078395 0.888276153678 1.14550437656 0.753586004502 0.658397240449 0.615746931788 0.696970618297 0.638101428000 0.603070417894 0.679980863684 0.763499906905 1.00337028104 0.988927322365 1.13932024921 0.931987528998 1.09788571442 0.876202660294 0.879375089960 0.956059614187 0.892170260036 0.689135330635 0.794514638672 0.857510219090 0.777016685329 1.15355931415 0.713053594342 0.473568693013 0.202873091005 0.258979439786 0.251593039970 -0.202868704745 -0.472807971924 -0.752112709913 -1.09316572567 -1.17843591828 -1.22283795602 -1.30590515341 -1.30011617327 -1.38802758964 -1.39506054389 -1.42320467039 -1.33773912283 -1.93339268453 -2.25257300403 -2.67888937758 -2.39429893101 -0.910060951707 0.520306206149 -0.699736838086 -2.11680200426 -1.10459229292 0.460234391362 -0.255855247167 -1.29179173097 -0.411288019319 1.23647711841 -0.551565478144 -2.29388145824 -1.20138293668 1.37957122012 -1.00750497705 -1.72299020355 -1.41130866468 0.0620412424550 -0.0760035784064 0.950858611005 0.977644764865 -0.432948390686 0.340330964235 0.715183910240 0.240166457115 1.52663078519 -0.487179613480 0.242737732841 0.395137690330 0.775561506250 1.07459517837 0.647875928231 0.586509539821 -0.332252128627 -0.783535805232 0.197388589942 -1.84953062418 1.39712231413 -1.10686171249 0.655640841259 0.397775114696 0.448807153133
# mat_params[1]:
 7.23179850122 10.3070077213
# mat_params[2]:
 5.02880627118 7.59763214828
# log_m_devs:
 -0.0289994394493 0.0935684486901 -0.0631183025089 -0.00145070673184
# log_slx_pars[1]:
 1.43248341040 -0.352456491813
# log_ft_pars:
 -1.18632072613 -1.25227869605 -1.67660636664 -1.52965617746 -1.20973271986 -1.05232176580 -1.11020609985 -1.49431556608 -1.07225907045 -1.82950152564 -1.96608896781 -1.37956776505 -4.32262084439 -1.14162382346 -3.23403472342 -2.39063328966 -2.12472092575 -1.65088395827 -1.48954920241 -2.39844773578 -2.50991855206 -2.56714979441 -2.79977538871 -2.24474025639 -2.55149638592 -3.20183103289 -2.63934129058 -1.99257970194 -1.98525015814 -1.42419309037 -0.885845180253 -0.848721530613 -1.17861809458 -1.54237470671 -1.45507061472 -0.661667284685 -1.13937959254 -1.49354179903 -4.21036526787 -4.21653805598 -3.38858666859 -2.89299186647 -3.15989917159 -3.33756424221 -3.11007420158 -2.99190924823 -1.84001774081 -2.24034200633 -8.82166063553 -4.07887348874 -2.33473881847 -2.07122560043 -2.48332979916 -1.99210701008 -2.02753503054 -2.12754395725 -1.85598145146 -2.07696431504 -2.66734640858 -1.96970488522 -1.52348608991 -2.49367597285 -3.39536957694 -2.67188683154 -1.89163214950 -2.43869256209 -2.91818126914 -1.78625603749 -2.02483141615 -2.80786522227 -2.58390958825 -3.28147786637 -2.33859802702 -2.52460128574 -3.13206964170 -2.77595731964 -2.64960665193 -2.62544284599 -2.47226490062 -2.38336174270 -2.47984059560 -2.23828099372 -2.03066163044 -2.02735988317 -2.78788250584 -1.43096637809 -2.25948299128 -2.15953957890 -1.89338597445 -3.40547400657
