# Number of parameters = 206 Objective function value = -3666.88747660094  Maximum gradient component = 9.19710487086233e-005
# theta[1]:
0.208891409044
# theta[2]:
10.4713106209
# theta[3]:
9.83482911364
# theta[4]:
10.2660416869
# theta[5]:
0.806578463650
# theta[6]:
4.00000000000
# log_rinit_devs:
 -0.206308305797 -0.146034893112 0.0491334168263 0.0359405549762 0.267269227106
# log_rbar_devs:
 0.844693612070 0.658760701429 0.420915515716 0.482606337598 0.337395369253 0.777076830159 0.391096007171 0.338666350533 0.384190172004 0.502257425735 0.423473345731 0.360912089421 0.436150333566 0.482423785627 0.672551546317 0.465644226338 0.467665939511 0.289804115857 0.579209387052 0.321150103265 0.317427418692 0.404683011501 0.316921608513 0.0389153837035 0.147998850879 0.190081424079 0.0651665678509 0.517643869408 0.0175677021811 -0.148875533972 -0.253546377410 0.0753077330142 0.247372708321 -0.154139134943 -0.251793177322 -0.306237573257 -0.509692799962 -0.530108995265 -0.578291038252 -0.718980387664 -0.715411239293 -0.827380262292 -0.821216602928 -0.790100101536 -0.623195991304 -1.23602600355 -1.46994487060 -1.89315143332 -1.72155865242 -0.311027327363 1.29415783036 0.0241970136202 -1.36157945266 -0.361645523390 1.21187082440 0.491739044895 -0.558560906468 0.280337741902 2.01600301871 0.211289398261 -1.56413706169 -0.525570997756 2.04882886186 -0.378271786532 -1.15452261998 -0.912046617441 0.506321132146 0.416063853599 1.41681782972 1.43757413834 -0.00520421420835 0.749794774363 1.04326814339 0.472209420746 1.68254169859 -0.603038523287 -0.108213799745 -0.123044520976 0.132538000395 0.373399922692 0.000450582260771 -0.0610823363460 -1.09909800260 -1.53866587134 -0.567429098369 -2.54300051970 0.711287496286 -1.58138684877 0.198668781160 -0.0423826006873 0.254469824404
# mat_params[1]:
 8.20881732576 10.2425152988
# mat_params[2]:
 8.86201691259 11.2217824121
# mat_params[3]:
 9.95478108841 13.4568399362
# mat_params[4]:
 7.20011757386 9.74814436948
# log_m_devs:
 0.0848471344275 0.0208107715201 -0.105657905948
# log_slx_pars[1]:
 1.80340571204 -0.210924424486
# log_slx_pars[2]:
 1.89560307154 -0.297884992927
# log_ft_pars:
 -1.48854101914 -1.59365835645 -2.01868116097 -1.87861959607 -1.57496821840 -1.53334762083 -1.65480218287 -2.08862739660 -1.73655515097 -2.54227106030 -2.65864058991 -2.61258505577 -5.00742810949 -1.01305617338 -3.87634915655 -2.92347013330 -2.55606713520 -2.13828853626 -2.06785452551 -3.01111311982 -3.12174300276 -3.18002663127 -3.38852568153 -2.80744327754 -3.10899447502 -3.72429322627 -3.11125195937 -2.48229349606 -2.46383365215 -1.94621306969 -1.54273131842 -1.70580596449 -2.22240054507 -2.69129406100 -2.73022220339 -2.16457353690 -2.87584280168 -3.33475573504 -6.04698350753 -5.99126728996 -5.12768757855 -4.61086987029 -4.86378274157 -5.04583632425 -4.84533474271 -4.73688571377 -3.68292453562 -4.16321211768 -10.7261369639 -5.95038188533 -4.30788154591 -3.94865792877 -4.44922864648 -4.14750130964 -4.18222350276 -4.11888874724 -3.87485119037 -4.20817929705 -4.76933297325 -3.93200282102 -3.61123003661 -4.73665252924 -5.50372327660 -4.49568362489 -3.77010122963 -4.50485838377 -4.90137420492 -3.56155778012 -3.74904056347 -4.48252535996 -4.22676425093 -4.98942353264 -4.03387338573 -4.12177041728 -4.64424613652 -4.14763596769 -3.98397434106 -3.92062161454 -3.52466907462 -2.62297064659 -2.45120242733 -2.18417221598 -2.03470125986 -2.13666140110 -2.93559869340 -1.49522898120 -2.08944533594 -1.88320577409 -1.79237269526 -3.50111866641
