# Number of parameters = 205 Objective function value = -3681.89037026649  Maximum gradient component = 0.000321105584347570
# theta[1]:
-0.349593028958
# theta[2]:
6.83817392477
# theta[3]:
6.85957023821
# theta[4]:
7.28324539837
# theta[5]:
0.771103882840
# theta[6]:
4.00000000000
# log_rinit_devs:
 0.301652083395 0.168350991857 0.106700183718 -0.0899069586138 -0.486796300356
# log_rbar_devs:
 0.683084308135 0.501307832653 0.324609260280 0.420920124165 0.321318945197 0.629371528513 0.299217135003 0.276267400716 0.320480499455 0.458490688596 0.482602254649 0.459035483204 0.464069028670 0.590701321266 0.743797419014 0.817712691218 1.04705530261 0.837727782274 1.01344904667 0.805372541198 0.813262718491 0.891206966378 0.829515366766 0.633737763867 0.745056376134 0.806083363373 0.718358183424 1.07964899173 0.625657836259 0.365777399580 0.0956256119375 0.168033006067 0.171866053205 -0.285762558586 -0.564133457497 -0.819064621914 -1.11086259169 -1.16205440435 -1.19004243211 -1.27141929016 -1.26261662058 -1.34243334969 -1.33984096275 -1.35681360669 -1.26956119473 -1.83379785107 -2.08154460769 -2.40704146935 -2.00584791227 -0.564594240651 0.894724050034 -0.344479365370 -1.79549805191 -0.775495509635 0.830839078048 0.0885948452078 -0.972591232694 -0.0881002621230 1.62917841174 -0.225834622786 -2.00475027912 -0.887930968091 1.77166541926 -0.721685971740 -1.45191140246 -1.15089825044 0.340669546929 0.189881076021 1.23534454257 1.26514428077 -0.199587828431 0.582048123160 0.937854862700 0.405217563940 1.74501674666 -0.461428102239 0.206504953329 0.239999988856 0.476966184264 0.579855223509 0.187474685496 0.168325321124 -0.595194782852 -0.918121852205 0.141296135352 -1.68325156215 1.63762466158 -0.775036464332 0.965079647010 0.622295566284 0.337206535833
# mat_params[1]:
 7.21649339022 10.1976422050
# mat_params[2]:
 7.52470141821 10.6333713338
# mat_params[3]:
 5.59819000346 8.29939290065
# log_m_devs:
 -0.0991632694326 0.147235945663 -0.198840488155 0.150767811925
# log_slx_pars[1]:
 1.08417041222 -0.401402941426
# log_slx_pars[2]:
 1.52742967621 -0.368563999944
# log_ft_pars:
 -1.17633098273 -1.25147522828 -1.65725882239 -1.55097343266 -1.27849463444 -1.24979548142 -1.34537449712 -1.77778326471 -1.45365232128 -2.34473169685 -2.57031748930 -0.860028024149 -4.87152039481 -0.781386276550 -3.80547205449 -3.02677783353 -2.02227478457 -1.55717878528 -1.39924139711 -2.30931216378 -2.43211868212 -2.49052721616 -2.72387246488 -2.18085410106 -2.49522215874 -3.14010800809 -2.57622156857 -1.91177792341 -1.90524236236 -1.36706817042 -0.843692647388 -0.797709444515 -1.10990825629 -1.48146516069 -1.41898028030 -0.642704878171 -1.13778376688 -1.51197520926 -4.23843984913 -4.24636066288 -3.42101818563 -2.93007940322 -3.19587525471 -3.38290631794 -3.17107225264 -3.07322573455 -1.96646282063 -2.42508411872 -9.04973125130 -4.21603928644 -2.44794062631 -2.21977060034 -2.69323172602 -2.20126344577 -2.16842034025 -2.26280995659 -2.04604891146 -2.26460880232 -2.80425872203 -2.12347454363 -1.76509985755 -2.72886571420 -3.53555039548 -2.80494716724 -2.10285798547 -2.64357654780 -3.01636224070 -1.83593634438 -2.08028946704 -2.86220376818 -2.66011322266 -3.36034696977 -2.37431341675 -2.52530458166 -3.11249324639 -2.74477345555 -2.61961119416 -2.50809147027 -2.20132959246 -1.93873082718 -2.12521479752 -1.98648881648 -1.87155235400 -1.98779845714 -2.85939587047 -1.58988222077 -2.45149220857 -2.29055089338 -2.06206032492 -3.55588442826
