# Number of parameters = 203 Objective function value = -3468.87939560414  Maximum gradient component = 0.000589780635679016
# theta[1]:
-0.348891960045
# theta[2]:
7.59609175913
# theta[3]:
6.86646382169
# theta[4]:
7.30799029158
# theta[5]:
0.415828223538
# theta[6]:
4.00000000000
# log_rinit_devs:
 0.0398978108351 0.0455597467768 0.111544796420 0.0477639677001 -0.244766321732
# log_rbar_devs:
 1.06636637316 0.899686924423 0.724488433719 0.748569146456 0.601064212314 0.843204513294 0.498010123011 0.430691394586 0.400055633144 0.489197999356 0.441896365814 0.419045538439 0.499270791553 0.579026357932 0.796672772676 0.779210032187 0.922898070673 0.733532081737 0.875762752666 0.661540980280 0.649768238598 0.703035187547 0.627586462384 0.426864853802 0.499832645414 0.532599159018 0.430202755533 0.739478858552 0.317246116270 0.0804118040791 -0.188102545210 -0.176256003223 -0.213145892800 -0.640607711501 -0.906558483500 -1.19264504388 -1.53332398498 -1.64185823212 -1.70518961329 -1.79142427690 -1.80038432678 -1.87547507241 -1.87401345632 -1.88726212591 -1.77112769197 -2.19057706426 -2.29406564925 -2.47624504782 -1.94352036006 -0.467260517687 1.09876365406 -0.232643704817 -1.64929378107 -0.626420920556 0.964352256140 0.242241258229 -0.794603918989 0.0695089430464 1.72143596201 -0.0433800101543 -1.76935246736 -0.717536688330 1.84483546889 -0.553391663352 -1.27600241593 -0.983147028732 0.479165785954 0.359552314246 1.40341266070 1.42570277211 0.00826472465289 0.782302503435 1.16011857806 0.688001901057 1.98596185635 -0.0525154488139 0.663791862166 0.800982279252 1.17061034541 1.46979420154 1.03177986161 0.967596665394 0.0447513905394 -0.468115704833 0.327588220972 -1.82321925411 1.05479463547 -1.31383104783 0.298279525124 -0.0484974729077 0.440188422616
# mat_params[1]:
 6.28584731626 9.40884990119
# mat_params[2]:
 4.91950883758 7.75821033219
# log_m_devs:
 -0.132423780044 0.00404402169876 0.123861104606 0.00451865373841
# log_slx_pars[1]:
 1.38865483368 -0.428876732912
# log_slx_pars[2]:
 -1.01852614465 -10.4110564841
# log_ft_pars:
 -1.42476276463 -1.48585929467 -1.91122057575 -1.77014573994 -1.47143449395 -1.32367866016 -1.40060169218 -1.80588795907 -1.41291643673 -2.18869905343 -2.32898892143 -1.72713378380 -4.70101534088 -1.56205372844 -3.61780569075 -2.75314912833 -2.47418745308 -2.00497241117 -1.84396474576 -2.75641441951 -2.85730471357 -2.89942892911 -3.11538842492 -2.55238977366 -2.84645500646 -3.47414429672 -2.88663578748 -2.19313384345 -2.15844916280 -1.57960973316 -1.03807450061 -0.992370267895 -1.29436105693 -1.64211157517 -1.54787665963 -0.751072681469 -1.24424570087 -1.59367470025 -4.29957272883 -4.29380877823 -3.45280591544 -2.94798762519 -3.20638130272 -3.38890925137 -3.17801374579 -3.09374712720 -2.02642929687 -2.56312451093 -9.33022512671 -4.71759519325 -3.20869571034 -2.90878304371 -3.21014648835 -2.64211511242 -2.78088621234 -2.88934009903 -2.57029838954 -2.75016907944 -3.42289275268 -2.71992410395 -2.20310680123 -3.09206517554 -4.10237421752 -3.37891470031 -2.50319037954 -2.95427104197 -3.45591413000 -2.38961096512 -2.72489105106 -3.52200386178 -3.23185137083 -3.85506316461 -2.92006375187 -3.11379979064 -3.78507936888 -3.40559034905 -3.20778739206 -3.14878897151 -3.01057959788 -2.95041897729 -3.04279413271 -2.76472421888 -2.52417390503 -2.48034715083 -3.18500230595 -1.76646911789 -3.55150298634 -2.90842605967 -2.70201819261 -4.17712548819
