# Number of parameters = 203 Objective function value = -3630.41038303496  Maximum gradient component = 0.000174856385376036
# theta[1]:
-0.535140271189
# theta[2]:
6.64812350738
# theta[3]:
6.00091857188
# theta[4]:
6.59302048316
# theta[5]:
0.513868199161
# theta[6]:
4.00000000000
# log_rinit_devs:
 0.250992292746 0.140705787840 0.121923032413 0.00170020608277 -0.515321319082
# log_rbar_devs:
 1.29201581140 1.10364365204 0.891761346052 0.936401462159 0.833493611984 1.02309947334 0.655373812764 0.506187182680 0.447743896655 0.358697045490 0.291309252071 0.253993263581 0.360538714796 0.529106556224 0.681759531870 0.722059359104 0.885370976010 0.760017992414 0.856871904378 0.586229339092 0.576944747029 0.629437089536 0.577808934252 0.433281635234 0.481051153625 0.515101121337 0.484074749643 0.814373844850 0.493553543252 0.391842624793 0.225639189459 0.161319177867 0.0175443737396 -0.403250834895 -0.570852596918 -0.739734301205 -1.27457230286 -1.52957167337 -1.73322183620 -1.77200717803 -1.73360629654 -1.77819949994 -1.78561276664 -1.80665201110 -1.69662730541 -2.10664194911 -2.25928792328 -2.61343830508 -2.15969488502 -0.671661398302 0.743594175942 -0.512532954638 -1.98159203785 -0.942255566388 0.661436611544 -0.0820779943555 -1.12304944593 -0.250285112917 1.43146761885 -0.437608877048 -2.24591461223 -1.02761530984 1.65714356523 -0.808935307925 -1.49683802761 -1.16736976126 0.341595047305 0.194542627654 1.26056780216 1.29496606901 -0.134088375429 0.648903698570 1.05431702287 0.587545188516 1.89313220065 -0.142270481520 0.588571815945 0.738566806280 1.10511791086 1.37659066961 0.936487626596 0.862874862747 -0.0255439884998 -0.467531854519 0.512272697495 -1.52821984912 1.69419611528 -0.764838728696 1.03257836178 0.805858078539 0.573228407520
# mat_params[1]:
 6.38974120827 9.84147627507
# mat_params[2]:
 4.74722706346 7.22396737943
# log_m_devs:
 -0.112081340115 0.0216050731043 0.0236728560205 0.0668034109903
# log_slx_pars[1]:
 0.0621822418367 -6.37989944392
# log_slx_pars[2]:
 1.65064687832 -0.130288653509
# log_ft_pars:
 -1.42332525358 -1.44837650560 -1.81179226557 -1.67493230357 -1.36500775291 -1.27065684610 -1.24617364571 -1.57775844601 -1.13326432663 -1.86953157375 -1.97173899539 -2.52990688159 -4.43347301817 -1.99168340917 -3.46901978591 -2.58426969125 -2.30946946187 -1.81671163588 -1.67377940649 -2.54166056629 -2.64364586519 -2.71916764219 -2.94598522813 -2.36412753334 -2.68978075810 -3.36384600028 -2.79648199269 -2.20354046267 -2.11734413990 -1.52144755755 -0.990068493171 -0.998107549283 -1.32622655338 -1.59768093274 -1.48725154968 -0.704431645736 -1.13642387087 -1.44401886938 -4.14474340715 -4.17134150816 -3.37830021112 -2.90431565893 -3.21173255796 -3.40735782543 -3.19618143554 -3.02505850427 -1.93538074790 -2.37910201567 -8.18922255829 -3.33240057649 -1.34645190213 -1.08700410804 -1.69206636549 -1.38421652371 -1.27151814575 -1.25201183677 -1.01902334696 -1.36079749502 -1.83423159843 -1.04590520213 -0.708627242342 -1.88815601602 -2.69163654073 -1.85365499831 -1.21332075980 -1.99475871347 -2.49941042265 -1.22669931882 -1.27470786814 -2.01191856182 -1.87226227022 -2.72980414230 -1.83235274156 -2.00462772391 -2.53730710406 -2.18516839614 -2.16011871050 -2.23590001449 -2.04902694042 -1.86460358621 -1.90432916649 -1.69645085587 -1.53670505381 -1.60753120173 -2.42131519010 -1.04988652737 -1.64052555341 -1.44165580011 -1.25897195486 -2.87090609881
