# Number of parameters = 207 Objective function value = -3576.00828371770  Maximum gradient component = 7.94188701092809e-005
# theta[1]:
-0.0962185975587
# theta[2]:
8.77238627504
# theta[3]:
8.14730398609
# theta[4]:
8.42624736220
# theta[5]:
0.770766276845
# theta[6]:
4.00000000000
# log_rinit_devs:
 -0.0885646476006 -0.0355234893684 0.0918279428828 0.0508162291740 -0.0185560350878
# log_rbar_devs:
 0.830225344784 0.671137830344 0.480557718303 0.498357504445 0.354131757983 0.638282196349 0.306930282635 0.249905502136 0.247165357415 0.347487092297 0.315723485348 0.305154819412 0.390097440155 0.474465715273 0.691098118297 0.640840709303 0.773436873410 0.589915862930 0.766168670496 0.549718109750 0.531761338691 0.579994717590 0.493991696030 0.274379163199 0.344570537049 0.361766951566 0.241917420129 0.554541891384 0.108415786893 -0.113579155729 -0.310170783317 -0.181928243501 -0.141838871634 -0.533405468339 -0.711696981931 -0.852868747997 -1.07276796119 -1.12805966850 -1.19324490866 -1.31330225930 -1.33785709446 -1.43290695532 -1.44488865321 -1.47076460790 -1.37088239716 -1.80305164998 -1.87527158087 -2.03089448926 -1.49108105224 -0.0515241889340 1.55031185794 0.214819965921 -1.21227097138 -0.200274902373 1.41835521043 0.672468469366 -0.382977444071 0.467848509298 2.20052146307 0.377526235661 -1.39884684788 -0.350727914129 2.26395706318 -0.224926930924 -0.978828178876 -0.721041417812 0.735939531792 0.630698158290 1.68248935731 1.70969472243 0.246673747069 1.01487015910 1.34565274119 0.804112486018 2.22077165234 -0.122192428774 0.412418200649 0.243042093768 0.254178112982 0.162079162486 -0.251418568769 -0.324829360055 -1.21734388151 -1.62902192850 -0.622887588692 -2.55189401648 0.705881267192 -1.54391169973 0.302636134403 0.143037865315 0.203255738576
# mat_params[1]:
 7.70429661812 10.6735367499
# mat_params[2]:
 5.70652083249 8.27258662849
# mat_params[3]:
 6.17173670421 9.03185527800
# log_m_devs:
 -0.0406689880931 0.0449128072687 0.163277285674 -0.167521104850
# log_slx_pars[1]:
 1.60644322859 -0.243973555314
# log_slx_pars[2]:
 1.69125532026 -0.257529363334
# log_slx_pars[3]:
 1.71839556917 -0.371652656154
# log_ft_pars:
 -1.53905156723 -1.60447873735 -2.03546661417 -1.89439518010 -1.59247763555 -1.46358289029 -1.55637878853 -1.98324894698 -1.61003389929 -2.39038423249 -2.51688908789 -2.93284192720 -4.92768152954 -1.91086579636 -3.84378002730 -2.94929481017 -2.65940089497 -2.19602067707 -2.06137446857 -2.97694245659 -3.07362093371 -3.10909043260 -3.30932003318 -2.73637983573 -3.02838845586 -3.63741956054 -3.02923472645 -2.34089461764 -2.29886312615 -1.74610565876 -1.26720359337 -1.30982668736 -1.69627552514 -2.09711736764 -2.06745210489 -1.40365028347 -2.04638217522 -2.47547136932 -5.18051951852 -5.13206194876 -4.26271932606 -3.73997108217 -3.98196210956 -4.14704635515 -3.91855333408 -3.81510945349 -2.77688229550 -3.33345731611 -10.0975271182 -5.47670892343 -4.01375232530 -3.61017339935 -3.94360002335 -3.42247199859 -3.57562888138 -3.59736342851 -3.29840386199 -3.51554813588 -4.22719980473 -3.42780332646 -2.97471394864 -3.89140197730 -4.88096439916 -4.00681742433 -3.18635133403 -3.66857494105 -4.08232993092 -2.93022335456 -3.32260736134 -4.09298985043 -3.76789807120 -4.41423180861 -3.44710934491 -3.56795491552 -4.29978838761 -3.82927931289 -3.61673590544 -3.41959218451 -2.96960805183 -2.25489290708 -2.30705887432 -2.10164307333 -1.94189908195 -2.01427758977 -2.81558611887 -1.42422108625 -1.88605995443 -1.78530420094 -1.78035302189 -3.51333500983
