# Number of parameters = 205 Objective function value = -3665.20103633116  Maximum gradient component = 0.000805576992379831
# theta[1]:
-0.132323515049
# theta[2]:
8.84075497632
# theta[3]:
7.90534274264
# theta[4]:
8.27261045044
# theta[5]:
1.17490451996
# theta[6]:
4.00000000000
# log_rinit_devs:
 -0.0797507521814 -0.0334531295776 0.0949000322246 0.0120371062064 0.00626674332811
# log_rbar_devs:
 1.20930916583 1.03749063508 0.826163423450 0.838528956478 0.671184640402 0.994740938294 0.626003163667 0.562220453476 0.576574109600 0.681943158656 0.634009103352 0.601454370293 0.680691722975 0.742059842714 0.930613290430 0.783075363150 0.791571038011 0.606181200601 0.825442991543 0.608206700964 0.608931293325 0.683935455108 0.610633852553 0.386940589933 0.490422192946 0.535779519014 0.429067095956 0.800863869556 0.318559957814 0.0820370762084 -0.119930455886 0.0567465838616 0.129368213813 -0.287527903715 -0.458913913382 -0.581552914470 -0.789069832578 -0.806040685946 -0.837217240156 -0.940449199051 -0.934320876760 -1.02634588340 -1.02806424617 -1.04688994543 -0.955366174517 -1.50799476513 -1.70402145356 -2.01114253016 -1.67861353834 -0.288912920359 1.23953269412 -0.00688101433359 -1.42830292815 -0.432084197491 1.15344494796 0.422815340039 -0.633571477003 0.216797715708 1.94015227083 0.108754849457 -1.66938728050 -0.621769481391 1.98723473543 -0.491702555432 -1.25250047198 -0.997656877708 0.453373837222 0.340611559765 1.36116244882 1.38533614514 -0.0595134003223 0.709697819624 1.04031782588 0.495171023811 1.92601542173 -0.432457804876 0.114832332940 -0.0622086309044 -0.0526105049134 -0.153634384665 -0.533226570120 -0.575422546430 -1.44887800941 -1.84626218663 -0.824914852108 -2.72566451771 0.555359752494 -1.92547377791 -0.171885036691 -0.481901069248 0.0189233649178
# mat_params[1]:
 7.98498101700 10.4196783522
# mat_params[2]:
 8.22073712092 11.0145986934
# mat_params[3]:
 7.33745137587 10.5220845148
# mat_params[4]:
 5.33541130295 7.85516466045
# log_m_devs:
 0.156466718672 0.132236459673 -0.295282235225 0.00657905688018
# log_slx_pars[1]:
 1.65207057277 -0.218591030712
# log_ft_pars:
 -1.15568524733 -1.24327859570 -1.67604515638 -1.52841815327 -1.20525554004 -1.08618643569 -1.17479788994 -1.59203909306 -1.20991902712 -1.99916146466 -2.13621933495 -1.60388554006 -4.51311890969 -0.982936736765 -3.39759474370 -2.49214480307 -2.15296408102 -1.70137626984 -1.57459800758 -2.49816997956 -2.61397741206 -2.67082696343 -2.89111891209 -2.32924912963 -2.63776835789 -3.26853925294 -2.67924347315 -2.02219796866 -1.99809328391 -1.45268247823 -0.964020716488 -0.999793765685 -1.40702117345 -1.82569804458 -1.81189581619 -1.15344147918 -1.79587636365 -2.24554486450 -4.97988780341 -4.95994703213 -4.11993407091 -3.62167692453 -3.88539187622 -4.06469051338 -3.84315436742 -3.73012042093 -2.65276625138 -3.13976171326 -9.76786156448 -4.97968138167 -3.32199964845 -2.96475978635 -3.38673200367 -2.94764462626 -3.00973497533 -3.01834696307 -2.76296037533 -3.01947224149 -3.63374284496 -2.84115121551 -2.46031764588 -3.45726859190 -4.30809388915 -3.41283239548 -2.65862066028 -3.23545905242 -3.61266523339 -2.38171697477 -2.67459005256 -3.42976711609 -3.15177309381 -3.85091184604 -2.88402519733 -3.00071430863 -3.67829014571 -3.23842811585 -3.08073359799 -2.93852376254 -2.48628771210 -2.01961893793 -2.10623269464 -1.92737018119 -1.79819484282 -1.89659629741 -2.73961940851 -1.38622929317 -2.10529498894 -1.80758476030 -1.54731998569 -3.04939883419
