# Number of parameters = 199 Objective function value = -3489.09423524709  Maximum gradient component = 0.000327604401854154
# theta[1]:
-0.175486650452
# theta[2]:
8.31700676920
# theta[3]:
7.58032920485
# theta[4]:
8.02235336981
# theta[5]:
0.377007239694
# theta[6]:
4.00000000000
# log_rinit_devs:
 -0.0662210223555 -0.0263917858245 0.0905731018663 0.0599230194979 -0.0578833131843
# log_rbar_devs:
 0.975682207289 0.813784471292 0.627917759987 0.651662303120 0.507574168059 0.784868026235 0.449288188967 0.392450203717 0.380970449742 0.480464996653 0.445841646125 0.440335079304 0.532664446264 0.623806166506 0.845818797179 0.804487050546 0.943181528740 0.751132529008 0.913966646906 0.689010748962 0.665093426981 0.706939035393 0.613524884131 0.389385099595 0.451873368584 0.463059729154 0.334181316761 0.636683920495 0.178322756117 -0.0709924122992 -0.314890466109 -0.245253365238 -0.249498859790 -0.680526632265 -0.920556481875 -1.13382062796 -1.40735479281 -1.48806264356 -1.56354417224 -1.68481289653 -1.71842267261 -1.81777263655 -1.83508955968 -1.86715496016 -1.77311844159 -2.22843010840 -2.33775639141 -2.52303903127 -2.01012136419 -0.550920199938 1.01964850318 -0.314076121670 -1.72488460580 -0.705366940539 0.885839549674 0.167860126338 -0.865105937534 -0.00887877555580 1.64728731139 -0.107338933102 -1.81772492960 -0.782370183757 1.76911704635 -0.628466774410 -1.35488184529 -1.07058094920 0.380062843432 0.272488199316 1.31439433971 1.34197841189 -0.0702234355924 0.706330670654 1.07471829882 0.610773287897 1.89815955243 -0.134984710585 0.579487951024 0.708023859946 1.07324799684 1.37258141485 0.952026245744 0.902351626067 -0.00508041012688 -0.456670968144 0.511220576432 -1.50434551076 1.76542185122 -0.660762931404 1.05575219533 0.714406099597 0.415733769597
# mat_params[1]:
 6.84253915374 9.88087120918
# log_m_devs:
 -0.114345294747 -0.000779029776130 0.0715502657991 0.0435740587245
# log_slx_pars[1]:
 1.52500049481 -0.305352991278
# log_ft_pars:
 -1.56581380992 -1.62787451931 -2.06084660605 -1.92180583256 -1.62426126475 -1.48923040410 -1.58137628640 -2.00769427694 -1.63109237626 -2.41002086441 -2.54001204911 -2.65061225557 -4.95210533474 -2.07363160215 -3.88254407820 -2.99589862148 -2.70997680907 -2.24039491740 -2.09155020444 -3.00089932713 -3.09253000314 -3.12048390045 -3.31650399266 -2.74031593400 -3.02306430408 -3.62548231972 -3.01305453095 -2.30635523947 -2.25556904437 -1.68436731377 -1.16664273331 -1.15314989809 -1.48344875373 -1.84813053234 -1.77887046555 -1.04227696077 -1.60980875866 -1.99601898462 -4.68915705080 -4.64403324148 -3.77101431591 -3.23980294244 -3.47079104215 -3.62973686601 -3.39790180886 -3.28959646434 -2.22095367550 -2.74751515249 -9.48425508467 -4.83888564149 -3.31045828030 -2.99936834449 -3.38371521897 -2.86441101293 -2.93747784159 -3.00389321527 -2.73687468572 -2.95366084495 -3.56938571713 -2.83200088483 -2.40628497661 -3.34741079824 -4.26258568633 -3.47099250210 -2.68684897125 -3.19515527486 -3.63029798265 -2.50215211244 -2.84275926721 -3.62771719445 -3.35941530619 -4.02853091042 -3.07408601950 -3.24844914813 -3.91809367168 -3.51419678802 -3.37003992440 -3.31502221978 -3.14410400541 -3.06585310368 -3.16032443802 -2.91416443254 -2.69350542777 -2.68683853505 -3.43808454863 -2.06728414537 -3.06818533384 -3.00698238712 -2.82723216307 -4.32777200241
