# Number of parameters = 204 Objective function value = -3628.84714943700  Maximum gradient component = 0.000294765927786669
# theta[1]:
-0.104404447072
# theta[2]:
8.60675628868
# theta[3]:
8.05647911474
# theta[4]:
8.32820843329
# theta[5]:
0.845631904160
# theta[6]:
4.00000000000
# log_rinit_devs:
 -0.0658777506638 -0.0414804291594 0.0715599651803 0.0191573423191 0.0166408723237
# log_rbar_devs:
 0.825307171553 0.650797053068 0.446274291942 0.502264270070 0.373310863429 0.725916338440 0.373037750552 0.323811174459 0.330491726531 0.430036766101 0.386865375888 0.381066572474 0.492414264030 0.584711053226 0.789210181159 0.662233986364 0.731581916214 0.537491746884 0.759791506790 0.531146116327 0.528326262930 0.600315993968 0.518487762175 0.284655691978 0.383012659442 0.416873159020 0.290414958246 0.663086174443 0.160623986162 -0.0816964961147 -0.289595725588 -0.122987912426 -0.0638836494859 -0.501887198589 -0.694940916365 -0.840552785625 -1.07295054777 -1.12081974178 -1.18316223238 -1.31028763684 -1.32897582167 -1.42795492754 -1.43229818796 -1.45207674163 -1.32568688678 -1.78980469338 -1.85595625144 -2.00496593202 -1.44559049888 -0.0114649250558 1.56927677169 0.237389443220 -1.18426304936 -0.175999526666 1.43544495515 0.688655045600 -0.375726878233 0.477282504645 2.21849442757 0.383893067646 -1.38491175816 -0.342879110098 2.28635054120 -0.207561453241 -0.967476848049 -0.705066846530 0.748657461139 0.641290313815 1.68576598177 1.71425959162 0.251027639730 1.02853057589 1.35525408298 0.814233776876 2.24297735513 -0.107427793822 0.418806151509 0.237110162256 0.224993431919 0.101626369631 -0.303108886525 -0.379685557603 -1.30494995957 -1.74899475460 -0.786611101032 -2.75004516417 0.422902549326 -1.82143032412 0.0247996564869 -0.106298527537 0.117398617980
# mat_params[1]:
 7.77904513581 10.5026556119
# mat_params[2]:
 7.69480536747 10.7140217180
# mat_params[3]:
 5.58117008899 8.19751803071
# log_m_devs:
 0.0354560054479 0.160955714825 -0.196411720273
# log_slx_pars[1]:
 1.40755707186 0.0765698454449
# log_slx_pars[2]:
 1.64513178059 -0.308160825663
# log_ft_pars:
 -1.89235336103 -1.98366691394 -2.37206698001 -2.22275112297 -1.92662368607 -1.91069365585 -2.00344003775 -2.40610615237 -2.04067484604 -2.86582199752 -2.99739973470 -3.27516367025 -5.40869042329 -3.23053020530 -4.42024417128 -3.47655351156 -2.33738525315 -1.89951264802 -1.77626472081 -2.70159347496 -2.82006653165 -2.87035089634 -3.08272107915 -2.52734208537 -2.83021309412 -3.44335425266 -2.84319422008 -2.15920415115 -2.13283553585 -1.60458598926 -1.13054061043 -1.14461073302 -1.50871125726 -1.91695610326 -1.90666334962 -1.23895977300 -1.86235937473 -2.28325565268 -4.98509482992 -4.93598124567 -4.06514465655 -3.53962191345 -3.76992631611 -3.93772165473 -3.72335587640 -3.62947963291 -2.59518550131 -3.15805740875 -9.89902164118 -5.16445184752 -3.59589374027 -3.28307889534 -3.73471236188 -3.26291190849 -3.27140966107 -3.29442312027 -3.06767399798 -3.30723891936 -3.88511850706 -3.12519680239 -2.77708833416 -3.75481733625 -4.56259869520 -3.70708043513 -2.99213531197 -3.55130045020 -3.87795028754 -2.65149337815 -2.97379945549 -3.75006582674 -3.49652397297 -4.19221828065 -3.19940953358 -3.31807173667 -3.98619463788 -3.56532199099 -3.42057966444 -3.25723712203 -2.77868131754 -2.30576233080 -2.36840402013 -2.15863736532 -1.98955700333 -2.04960619525 -2.82861816959 -1.41597322550 -2.03326362766 -1.91697244484 -1.84619463029 -3.51450825973
