# Number of parameters = 206 Objective function value = -3603.27031688549  Maximum gradient component = 0.000589195284341102
# theta[1]:
-0.0669055320975
# theta[2]:
8.68994348974
# theta[3]:
8.21566325775
# theta[4]:
8.50019424475
# theta[5]:
0.855324651763
# theta[6]:
4.00000000000
# log_rinit_devs:
 -0.0417897493818 -0.0116068062605 0.0979694846736 -0.00224496838086 -0.0423279606504
# log_rbar_devs:
 0.800561588635 0.644578540002 0.455042683890 0.500455686077 0.364525738469 0.721627275373 0.393563426793 0.372079688448 0.422538728770 0.559963462240 0.542813603448 0.558554615297 0.676076996829 0.749399353769 0.925541904391 0.753997496799 0.730538307578 0.553895063020 0.770786160628 0.537273401121 0.523340001492 0.584896132212 0.496211761698 0.256871742537 0.342494465860 0.367688172204 0.239466450679 0.603124010707 0.117385888982 -0.105040293987 -0.293730255168 -0.120668682302 -0.0551620177260 -0.473855928855 -0.648814927234 -0.783628951176 -1.01613727589 -1.07448273593 -1.14802008565 -1.28387195384 -1.31276653690 -1.41978385126 -1.43431688295 -1.46270550009 -1.34783774613 -1.80955953311 -1.88298182852 -2.04445510297 -1.50384069572 -0.0718704907223 1.51734085229 0.194267834919 -1.21897143494 -0.215884794916 1.38786552201 0.646223662555 -0.413641915952 0.436859268755 2.16924399077 0.344904464939 -1.42390597808 -0.388577973711 2.22078863046 -0.257437972392 -1.01850364661 -0.761064259995 0.687249554834 0.584268377930 1.62316438214 1.64857005496 0.190496557302 0.959910719450 1.28392472366 0.737273973001 2.14487386850 -0.215620400138 0.303304675248 0.139289330118 0.166969996427 0.0997497635409 -0.294493692173 -0.348828524490 -1.23347574237 -1.64026763350 -0.632281386950 -2.54920194898 0.711547335508 -1.71934879480 0.0214922267058 -0.279378647498 0.119543909639
# mat_params[1]:
 7.92401669280 10.4079292047
# mat_params[2]:
 7.88013312775 10.9631491165
# mat_params[3]:
 5.83170336604 8.44184782725
# log_m_devs:
 0.0481372867969 0.0118929713942 0.123610135621 -0.205988940426 0.0223485466136
# log_slx_pars[1]:
 1.63547523908 -0.223318966485
# log_slx_pars[2]:
 1.71199164649 -0.292249278153
# log_ft_pars:
 -1.16402285048 -1.26458991806 -1.71547459860 -1.58946486761 -1.29456549893 -1.20824453011 -1.33443516650 -1.79110981123 -1.45059682640 -2.28104514557 -2.45035087090 -1.69112330697 -4.89148004853 -1.24865593383 -3.84245150447 -2.94083314501 -2.59776270116 -2.15515317132 -2.02990323931 -2.95029754113 -3.05389628650 -3.09554403816 -3.29907409668 -2.72873027842 -3.02240866879 -3.63094400457 -3.02238812908 -2.34317705675 -2.30832019549 -1.76645467077 -1.29834166207 -1.34798186462 -1.74500049599 -2.15594648750 -2.13868699308 -1.48612445178 -2.13130726460 -2.55518168843 -5.24978006064 -5.18856259552 -4.30781235896 -3.77414663687 -4.00240870640 -4.16064737641 -3.93341725166 -3.82531089914 -2.78375453419 -3.33799825119 -10.0888678770 -5.43691463971 -3.93902216634 -3.54389293558 -3.90839203044 -3.42157654602 -3.54158852469 -3.55007114446 -3.26459557198 -3.49830494036 -4.17703648558 -3.37255691515 -2.94688247995 -3.89728168083 -4.83436839764 -3.94151086253 -3.14500724943 -3.66868127847 -4.06705172562 -2.88178424920 -3.24315816386 -4.00651287535 -3.69390623229 -4.36063088609 -3.39226057283 -3.50707715262 -4.21387224227 -3.74299586307 -3.54423920758 -3.36401348960 -2.90563574527 -2.16631725675 -2.21550125744 -2.02995259384 -1.89785725889 -1.99824600312 -2.81992828918 -1.43627294960 -2.08337450958 -1.79813843714 -1.58419046344 -3.12290783690
