# Number of parameters = 207 Objective function value = -3703.92672887392  Maximum gradient component = 9.67436182966001e-005
# theta[1]:
-0.352570038571
# theta[2]:
7.20120192169
# theta[3]:
6.77900460523
# theta[4]:
7.22587047750
# theta[5]:
0.611830864467
# theta[6]:
4.00000000000
# log_rinit_devs:
 0.210508114773 0.143839324934 0.117609505007 -0.0476712828191 -0.424285661895
# log_rbar_devs:
 0.948891026914 0.778833433698 0.616522011213 0.676587309166 0.548894854805 0.813400452539 0.480680965573 0.440809516297 0.446655805857 0.567506247373 0.537813659845 0.466440847287 0.501115360801 0.545339826393 0.744263811662 0.790110479492 0.995941478109 0.811630847589 0.954395751950 0.731164802149 0.720597036648 0.778692518594 0.707767391947 0.502939023081 0.577115596514 0.618444987674 0.536539246126 0.874774797803 0.475259036564 0.274578291467 0.0286347359095 0.0591772428960 0.0358541314312 -0.372707176530 -0.581719704196 -0.822960092798 -1.15545085092 -1.25852498178 -1.31848905139 -1.40090529181 -1.39809830068 -1.48420732309 -1.49681353623 -1.52853103749 -1.44285982122 -1.96454019942 -2.18689887851 -2.49431412964 -2.03720412624 -0.590859153470 0.862517319804 -0.393836733357 -1.85541425557 -0.823458076558 0.792484901898 0.0515978019247 -0.999998395679 -0.126024974241 1.58873872382 -0.266756282235 -2.04548436427 -0.891807910363 1.79005936127 -0.711047498819 -1.42681706178 -1.12328340751 0.372021001844 0.226577689380 1.28520751187 1.31739717201 -0.146283215413 0.636767100388 1.00345389632 0.483421332417 1.81389127531 -0.373550513676 0.297108926706 0.335543983326 0.579489938798 0.696638505281 0.298913809171 0.280541157257 -0.485999293308 -0.814701167265 0.245890413068 -1.60837621888 1.69763724322 -0.723558423502 1.02187271964 0.679571581996 0.406765555765
# mat_params[1]:
 7.26347095189 10.4134259571
# mat_params[2]:
 5.59939323848 8.31733294103
# mat_params[3]:
 5.64091307187 8.47324248388
# log_m_devs:
 -0.0826883676256 0.119442629106 -0.184910626118 0.148156364638
# log_slx_pars[1]:
 1.27320739857 -0.502678448757
# log_slx_pars[2]:
 1.67299530883 -0.221641285339
# log_slx_pars[3]:
 1.70767497269 -0.300441819462
# log_ft_pars:
 -1.21885721484 -1.29829844120 -1.71987731436 -1.59204603709 -1.30585988684 -1.20336403191 -1.30158183587 -1.71782423449 -1.35478157417 -2.19029383548 -2.38008422194 -0.919369069740 -4.65529805486 -0.845300398742 -3.51950138983 -2.71115282526 -2.48647095884 -2.00859403745 -1.85641745487 -2.76688068202 -2.85817296105 -2.90735647022 -3.12831441942 -2.55028722424 -2.84244842406 -3.48661051417 -2.90773622682 -2.25924832805 -2.23261566130 -1.63755206374 -1.09899168645 -1.10212467601 -1.46804827286 -1.82768144900 -1.73016588069 -0.971820002003 -1.50983076985 -1.89198036094 -4.61122265083 -4.60552038830 -3.77155337833 -3.27507552515 -3.55125119660 -3.72377456575 -3.48253546872 -3.35604243914 -2.21993776593 -2.66460116417 -8.58375020992 -3.70874298611 -1.82452937928 -1.57557081676 -2.16151854072 -1.81959531153 -1.71776200511 -1.70868480610 -1.51090519173 -1.83577515369 -2.31009563790 -1.53866140940 -1.24986733366 -2.38928685161 -3.14334050457 -2.28328185927 -1.65265239828 -2.38405719510 -2.79238147759 -1.49283754361 -1.61842003631 -2.36995910260 -2.20395927345 -3.01149886729 -2.06574629710 -2.19322948822 -2.73358024587 -2.35007412357 -2.28514393114 -2.27808251750 -1.97061445334 -1.66198780252 -1.79383259138 -1.67047938232 -1.58888015739 -1.74187125721 -2.64504854138 -1.35161377969 -1.89757694503 -1.61612296768 -1.41676894451 -2.99766459015
