# Number of parameters = 201 Objective function value = -3463.02189568271  Maximum gradient component = 4755.04976918143
# theta[1]:
-0.610445476129
# theta[2]:
6.72763347056
# theta[3]:
5.64370777901
# theta[4]:
6.18447495101
# theta[5]:
0.652283180181
# theta[6]:
4.00000000000
# log_rinit_devs:
 0.209193326693 0.121271873437 0.121009972607 0.0337529787047 -0.485228151442
# log_rbar_devs:
 1.64029472991 1.45454372310 1.24533901408 1.25049260062 1.13904502616 1.27911665485 0.906185008681 0.719309879041 0.616922753795 0.442146585768 0.316152022399 0.209184022873 0.354726942374 0.488803433277 0.725950350750 0.742801534364 0.850671272330 0.744567007610 0.801835165449 0.508131587966 0.507377447541 0.566162118281 0.539065650504 0.438787895464 0.491631625262 0.547023296008 0.559309623255 0.888251761612 0.620744971965 0.550540932462 0.398714874649 0.297128878633 0.113971738564 -0.296648695449 -0.460451313257 -0.632933424260 -1.25142126722 -1.58998420796 -1.87262544117 -1.87258410369 -1.80457270932 -1.81573313590 -1.80751204586 -1.80905153099 -1.67851461253 -2.03619469442 -2.22409888569 -2.69604014967 -2.41351862046 -0.847536066385 0.653617050093 -0.507234356437 -1.93300372483 -0.913754970223 0.623551367902 -0.0698352134862 -1.06048595820 -0.230547067498 1.38734584549 -0.306778010994 -2.09327488418 -1.06397528517 1.45911557079 -0.841371303515 -1.49930547785 -1.27041859737 0.195017782065 0.0965339229675 1.09636395588 1.11131487917 -0.276654519564 0.450404059352 0.868650552324 0.377086803055 1.62337114826 -0.359063117271 0.351640861557 0.507026316815 0.911400399553 1.25164789871 0.858949119042 0.825741237949 -0.0131101201408 -0.444754705834 0.512079826665 -1.38980131993 1.71639265096 -0.727205549101 0.998448600534 0.741513405876 0.537851701210
# mat_params[1]:
 6.07989050453 9.54147742822
# mat_params[2]:
 3.85163631952 5.65264604692
# mat_params[3]:
 4.10546835726 5.94784406689
# log_m_devs:
 -0.0579778837790 0.0579778837790
# log_slx_pars[1]:
 0.890929101703 -1.36598584466
# log_ft_pars:
 -1.47960310664 -1.49583452992 -1.85337558961 -1.69699407773 -1.37134189402 -1.23520248085 -1.18003951219 -1.47075792810 -0.972687376865 -1.62962692756 -1.66490755957 -4.99614077318 -4.12374553234 -4.70334399209 -3.21505341645 -2.28876280281 -1.95296573713 -1.46152926708 -1.28179287728 -2.13525574315 -2.25297482344 -2.34323724994 -2.59399943340 -2.04250503504 -2.38839851629 -3.09152041507 -2.56211912522 -1.97685921671 -1.92151054850 -1.35167980368 -0.828085173115 -0.803980785868 -1.09182186197 -1.35951655345 -1.25402863461 -0.434188381980 -0.777392512852 -1.00525531436 -3.69146860293 -3.76391727322 -3.00653445444 -2.56213002800 -2.89176416950 -3.11565607365 -2.93484347124 -2.80325954794 -1.71355996368 -2.14014946055 -8.89067046476 -4.55612894477 -3.10340936259 -2.31797873204 -2.32946719830 -1.93066015839 -2.55333660213 -2.39360185148 -1.81979035946 -2.16888308487 -3.26972361699 -2.15017877338 -1.30417626295 -2.29291042455 -3.95247158916 -2.78437009754 -1.67418953584 -2.18669719262 -3.14995519290 -2.04393213196 -2.51042033749 -3.18926296350 -2.63959663705 -3.31958972618 -2.54670193550 -2.64399738970 -3.53039783111 -2.83234124906 -2.62748718387 -2.69246114425 -2.66001105837 -2.64400682445 -2.62458607698 -2.35153228893 -2.05783838506 -2.00193112616 -2.97228365361 -1.49771767572 -3.00476436639 -2.44196152860 -2.24471597397 -3.79104917356
