# Number of parameters = 205 Objective function value = -3580.99921472060  Maximum gradient component = 0.000919903997126355
# theta[1]:
-0.180758969766
# theta[2]:
7.19267647601
# theta[3]:
8.22484906190
# theta[4]:
8.65148912916
# theta[5]:
0.437086896249
# theta[6]:
4.00000000000
# log_rinit_devs:
 0.282590357457 0.157351663706 0.113515875114 -0.111399522899 -0.442058373378
# log_rbar_devs:
 -0.253185097732 -0.367866466561 -0.485299109638 -0.267076311371 -0.272319522271 0.254827375463 0.0301125600483 0.155747256020 0.338058807729 0.600003529299 0.608977645175 0.521230809120 0.426779027047 0.516581827857 0.714877204633 0.845810721729 1.23242425773 1.00295061810 1.22707540020 0.940496382077 0.912592856298 0.970962914079 0.861264306935 0.580524251537 0.670650212704 0.691249010946 0.539216629300 0.956772515644 0.403573356268 0.158612944611 -0.0485078490022 0.150459731492 0.213330313165 -0.277926567182 -0.493299790691 -0.663984856417 -0.946659024016 -1.03717779574 -1.14908927109 -1.33229300248 -1.39438470104 -1.54268365353 -1.58407426911 -1.63850324620 -1.53202928876 -2.10323654225 -2.24341823006 -2.46829566909 -1.96839201327 -0.498461314187 1.07364786333 -0.281452057270 -1.67129445326 -0.658915534051 0.936552921420 0.213441553998 -0.834543028117 0.0181879868030 1.70699275137 -0.0613484569841 -1.75351643696 -0.748865671364 1.82550168250 -0.586659028541 -1.33019645751 -1.05048051125 0.387858764205 0.287207988212 1.31989241645 1.34837404470 -0.0791654153821 0.703470882059 1.04029720265 0.549793913320 1.82594022572 -0.300157421208 0.325490287208 0.362001784913 0.600456585585 0.717472326628 0.392492084565 0.434484805559 -0.245653928265 -0.536279430522 0.474565752322 -1.40612697409 1.74959243280 -0.663390900759 0.975881683660 0.560441103819 0.421007788222
# mat_params[1]:
 7.47141584437 10.3006092031
# mat_params[2]:
 7.30094754684 10.1790237403
# mat_params[3]:
 8.89352036185 13.2133673930
# log_m_devs:
 -0.183040632018 0.193198033235 -0.0487760569333 0.0386186557157
# log_slx_pars[1]:
 1.23120724922 -0.126503494030
# log_slx_pars[2]:
 1.67489436425 -0.286703427415
# log_ft_pars:
 -1.30823983750 -1.47935753138 -1.96654159133 -1.94741161278 -1.78809362827 -1.93211375691 -2.18904181588 -2.75982426229 -2.57361270482 -3.57631238346 -3.84282828245 -0.301765147995 -5.95430382810 -0.404035903437 -4.82389536027 -4.10373326782 -2.84895767288 -2.36555416823 -2.21982229774 -3.11826804306 -3.19930853992 -3.21683212077 -3.39578303948 -2.81149374996 -3.08735018383 -3.67182695898 -3.04744190159 -2.36551982143 -2.33130315489 -1.80357799418 -1.34226197910 -1.36667344793 -1.73204102080 -2.12534996253 -2.09780234002 -1.42481792234 -2.01489602588 -2.38916668397 -5.03371915610 -4.93005949711 -4.00764282393 -3.43149654752 -3.61105940232 -3.73387328034 -3.47973291076 -3.34143912401 -2.25654768003 -2.75086116674 -9.42166148903 -4.72636977241 -3.14910348533 -2.86297106238 -3.37089542893 -2.95376932863 -2.91512604315 -2.91775347163 -2.71160101398 -2.99141691018 -3.50981533696 -2.73936477574 -2.42600458509 -3.47490085305 -4.23988048571 -3.36442394963 -2.68734271660 -3.32533516121 -3.67881718794 -2.42758527807 -2.70947055063 -3.48338312676 -3.25952203410 -3.99905081525 -3.02284281510 -3.15339457351 -3.76218454057 -3.34156024040 -3.23288140374 -3.16912672176 -2.84633842505 -2.58399451757 -2.76915025929 -2.66546358426 -2.59816453724 -2.77244743883 -3.67146122062 -2.41507990834 -3.25508293885 -3.13358292121 -2.99409631391 -4.52440688336
