# Number of parameters = 204 Objective function value = -3660.22863462521  Maximum gradient component = 0.00156310054893792
# theta[1]:
-0.0807724188916
# theta[2]:
9.08366246050
# theta[3]:
8.12784875131
# theta[4]:
8.49535033685
# theta[5]:
1.18630457685
# theta[6]:
4.00000000000
# log_rinit_devs:
 -0.112020544818 -0.0591636393426 0.0872828046587 0.0209505005947 0.0629508789070
# log_rbar_devs:
 1.20636917774 1.02852040981 0.807206875360 0.820692359767 0.651511196574 0.990949097335 0.612454587090 0.545313800771 0.559222866960 0.663920467942 0.609508141915 0.569872648245 0.645633714158 0.699389882444 0.880324967062 0.709368812948 0.701068157718 0.516366885404 0.748815108907 0.527191033933 0.529095255931 0.607487823378 0.533200582792 0.302655529635 0.409375771007 0.455485295288 0.345736967869 0.729642424879 0.238984997621 0.00874909157193 -0.179344055659 0.0234379068983 0.114013001131 -0.299446408541 -0.454929724766 -0.560179690923 -0.760549453658 -0.772710547225 -0.803007029245 -0.909137685455 -0.900346647716 -0.992586230658 -0.990577489395 -1.00410136691 -0.899936322589 -1.45074171062 -1.63667701860 -1.94383238301 -1.61988091237 -0.234959932025 1.30752039346 0.0561117891645 -1.36024880208 -0.367240466499 1.21416845265 0.484405083820 -0.572270704723 0.274357488078 2.00144924390 0.172623059333 -1.60722984647 -0.562679916311 2.04322609956 -0.431081028286 -1.19573567112 -0.945095289726 0.500078320868 0.393322588467 1.41100599235 1.43514144394 -0.00793794281051 0.760995563439 1.08664254479 0.540480066694 1.96642642508 -0.400425293749 0.128899403148 -0.0520505213617 -0.0373867101440 -0.117314002269 -0.502793869480 -0.561918831914 -1.50657745450 -1.95049175905 -0.975936384524 -2.93659630572 0.254862037865 -1.98601277624 -0.115865844208 -0.237429384329 0.0199825782138
# mat_params[1]:
 8.02537454660 10.3974291032
# mat_params[2]:
 8.33403624105 11.0795361223
# mat_params[3]:
 7.71801371279 10.9754076905
# mat_params[4]:
 5.51115693674 8.12116262698
# log_m_devs:
 0.152112678110 0.106884444531 -0.258997122641
# log_slx_pars[1]:
 1.67771401030 -0.210267227383
# log_ft_pars:
 -1.20318976624 -1.29134081415 -1.72062963339 -1.56942748597 -1.24359861799 -1.13025953730 -1.22000043823 -1.63557476004 -1.25247413713 -2.03808317301 -2.16744388018 -1.75654169814 -4.53722277790 -0.990718673143 -3.40873001734 -2.48837771509 -2.13465424694 -1.68916384018 -1.56994452346 -2.49768561331 -2.61538586375 -2.67432834341 -2.89471526007 -2.33205561289 -2.64139949234 -3.27121915305 -2.67933787410 -2.02472149139 -2.00173972195 -1.46025667526 -0.981529775546 -1.03200511422 -1.45584572759 -1.88615906961 -1.88540419088 -1.24620568592 -1.90601774995 -2.36293576473 -5.09781286106 -5.07534813543 -4.23466829408 -3.73669051385 -4.00086546784 -4.18241822916 -3.96577780643 -3.85658775624 -2.78923432721 -3.28522895083 -9.91467417666 -5.12201336717 -3.46982236607 -3.10416989080 -3.53131588242 -3.10789823586 -3.16778700400 -3.16277421137 -2.90719598061 -3.17275145437 -3.78465030404 -2.98110142974 -2.60675182060 -3.61810527142 -4.46093487518 -3.54582084597 -2.79484732240 -3.39011546066 -3.76470408092 -2.51878313087 -2.80780554368 -3.56018960475 -3.28030660364 -3.98632064880 -3.02085682319 -3.13266548119 -3.80680832449 -3.35817662159 -3.20061932725 -3.06466256702 -2.60462372314 -2.13120544017 -2.18846765006 -1.99047401516 -1.84393289666 -1.92058771854 -2.72799034344 -1.32400930637 -1.95162490026 -1.81148831112 -1.73446214777 -3.43236124301
