# Number of parameters = 206 Objective function value = -3679.84472652060  Maximum gradient component = 0.000627403154233055
# theta[1]:
-0.294804018891
# theta[2]:
7.40760818576
# theta[3]:
6.58886101457
# theta[4]:
7.16369736170
# theta[5]:
0.484190998980
# theta[6]:
4.00000000000
# log_rinit_devs:
 0.139185514404 0.0829673231835 0.0913622708141 -0.0333589832386 -0.280156125163
# log_rbar_devs:
 1.28810518346 1.10014350964 0.915108929572 0.957529815792 0.810848438667 1.07685381377 0.700724944417 0.625263427946 0.588066286736 0.667609226714 0.613661632819 0.543680367825 0.602202628321 0.649076561410 0.802686215950 0.725009157864 0.775079149230 0.592244200710 0.737313482815 0.508615937960 0.510307602979 0.584216396561 0.525515932330 0.327328290271 0.417209864792 0.477059306077 0.408864357319 0.775792374742 0.375670068943 0.180451898065 -0.0772377033147 -0.0642516335722 -0.103139065551 -0.532081836005 -0.754459038360 -1.04007973970 -1.43471391468 -1.56719638836 -1.62764602953 -1.68966229322 -1.66624602770 -1.73619186835 -1.73225523507 -1.75166524835 -1.63861999789 -2.13740849589 -2.32933615000 -2.60971111688 -2.12156358667 -0.675342006575 0.757297917391 -0.498251049691 -1.94679822486 -0.918147522164 0.678242979746 -0.0517758426298 -1.09418352469 -0.224574248694 1.46142896777 -0.370967177614 -2.12920382811 -0.973674918442 1.68405904500 -0.771762018413 -1.47735730746 -1.16160543728 0.324433479270 0.187721705957 1.24105075073 1.27556828875 -0.157411521189 0.630352978245 1.01108146458 0.533282185237 1.83435583110 -0.240702698269 0.473211010863 0.609647088331 1.00095267682 1.34978026044 0.917391650687 0.875305730819 -0.0110670364607 -0.438836898940 0.573680472847 -1.44407043216 1.83966695742 -0.611292825236 1.19130132420 0.929629585056 0.568808533036
# mat_params[1]:
 7.10299759792 10.0440929149
# mat_params[2]:
 7.12700217484 10.4968827306
# mat_params[3]:
 5.46504077817 8.27627887461
# mat_params[4]:
 5.42570617917 7.86326662401
# log_m_devs:
 -0.0560282812860 -0.0302417608852 0.0862700421712
# log_slx_pars[1]:
 1.23592615978 -0.566059691456
# log_slx_pars[2]:
 1.67668835203 -0.211403468616
# log_ft_pars:
 -1.35611560277 -1.43558135000 -1.83860123640 -1.68807629756 -1.38062901743 -1.27210266157 -1.34789446380 -1.72511992105 -1.31943158626 -2.11371742022 -2.26509161922 -1.17284807553 -4.54964289315 -1.21800962224 -3.44798868838 -2.56496967204 -2.22794258345 -1.75611198031 -1.59635922311 -2.50914633811 -2.61525407722 -2.68042342660 -2.91896624753 -2.35429170223 -2.65833902632 -3.32032931196 -2.75790647766 -2.11874854980 -2.10477308125 -1.51216736713 -0.958579645954 -0.933532194223 -1.27693115682 -1.62977941369 -1.52689698671 -0.728010059929 -1.20472943136 -1.55287973349 -4.27622533877 -4.29612130160 -3.48328585618 -3.00367628760 -3.29353765769 -3.48430928053 -3.26639917050 -3.16081829603 -2.03721061338 -2.50691642798 -8.45174821256 -3.55529026433 -1.58786726928 -1.35541397135 -1.98089153483 -1.67436700443 -1.54395765413 -1.51976800997 -1.32297742712 -1.67008261781 -2.11189129095 -1.33022867083 -1.05054396546 -2.23278354215 -2.97135163338 -2.10569124908 -1.49184721352 -2.27077140323 -2.71278915583 -1.40713181822 -1.48412095634 -2.22999741763 -2.09040243817 -2.93461373460 -2.00901240861 -2.15846159001 -2.68747914951 -2.32526137727 -2.29362122701 -2.34360936797 -2.11685381004 -1.92931908855 -1.99979969106 -1.82246318648 -1.68490588289 -1.76819191475 -2.58146164648 -1.21346607832 -1.90193762755 -1.70363978297 -1.53514725791 -3.11660297249
