# Number of parameters = 206 Objective function value = -3551.64693462939  Maximum gradient component = 0.000285926613980574
# theta[1]:
-0.0445778352799
# theta[2]:
9.09385085357
# theta[3]:
8.64728750193
# theta[4]:
8.93419337840
# theta[5]:
0.752543079679
# theta[6]:
4.00000000000
# log_rinit_devs:
 -0.113798193676 -0.0625754479689 0.0909309737205 0.0438752769539 0.0415673909704
# log_rbar_devs:
 0.701606387896 0.533262043393 0.325366122993 0.384912137494 0.249931896232 0.632707874792 0.276759050831 0.242991138092 0.269851397327 0.401159291675 0.365641085444 0.351753041649 0.459043607786 0.571893461716 0.849605115213 0.816937589577 1.02025169276 0.801772007894 1.01755047932 0.746744306589 0.717763518060 0.772793409822 0.667491621585 0.395499371873 0.478553522423 0.500374310041 0.363569506116 0.768882038600 0.261884722567 0.0537521870197 -0.117080139987 0.100971887424 0.187582542331 -0.252621738268 -0.423634944815 -0.557059189323 -0.811910561848 -0.890300677537 -0.989904490532 -1.15970555886 -1.20915849227 -1.34655556354 -1.38195909582 -1.43016241949 -1.32627209244 -1.86760487783 -1.99235657130 -2.21350884603 -1.73286646287 -0.257008994524 1.35532322194 -0.0122002810855 -1.38778705998 -0.388481472241 1.20345878934 0.476006929254 -0.568231733453 0.271946985588 1.96450078910 0.195115700148 -1.50293147315 -0.533042158043 2.01473108043 -0.390782170521 -1.14413514130 -0.884743778378 0.539964392214 0.449266386865 1.47818027169 1.50233707106 0.0774169617986 0.843818581896 1.16599074317 0.653666037756 2.00704523274 -0.245609065491 0.286275061318 0.169833414063 0.244609268977 0.220043316355 -0.185184257168 -0.256556188903 -1.17335468680 -1.59243825469 -0.596593195238 -2.51620314529 0.742444668117 -1.49831911743 0.309875537065 0.139134000437 0.236421088578
# mat_params[1]:
 7.91751353455 10.7719343846
# mat_params[2]:
 6.20011283075 8.83402659991
# mat_params[3]:
 6.64250546672 9.48700475447
# log_m_devs:
 -0.0224354024848 0.118583180293 -0.0961477778077
# log_slx_pars[1]:
 1.66522800604 -0.222283185144
# log_slx_pars[2]:
 1.81277374559 -0.174312316995
# log_slx_pars[3]:
 1.74506497238 -0.396688379674
# log_ft_pars:
 -1.54837309982 -1.63032476995 -2.07751961953 -1.95301445736 -1.66502872222 -1.57088731992 -1.69635461739 -2.15374969420 -1.80790670311 -2.60928288856 -2.74630250118 -2.75320744497 -5.16362361762 -1.92079313900 -4.11898147933 -3.25302794406 -3.00716399608 -2.52722876999 -2.39328362262 -3.29379797300 -3.36978801381 -3.38990138251 -3.57257052382 -2.98036251968 -3.25650238283 -3.85013983889 -3.23048608670 -2.57203207031 -2.53879957130 -2.00173930190 -1.55142203070 -1.63514751754 -2.06465474185 -2.47976105289 -2.45723420864 -1.81398536810 -2.45158512368 -2.85446533017 -5.51677116351 -5.42306235110 -4.51468524990 -3.95481942257 -4.16296266212 -4.29653758851 -4.04245856359 -3.90613570693 -2.83436438347 -3.33686008462 -10.0385909339 -5.46670875308 -4.02078703923 -3.63176107320 -4.02120582819 -3.55432205184 -3.64673052505 -3.64466229835 -3.37209630675 -3.62354791675 -4.26426009622 -3.45378373150 -3.04817511852 -4.03003383240 -4.92503464525 -4.01582748072 -3.23850072357 -3.79829236221 -4.20309721982 -3.01084722921 -3.36780653875 -4.13093222392 -3.83001579445 -4.51623970716 -3.55340970990 -3.67498914138 -4.36743334621 -3.89909570339 -3.72278496961 -3.58183238838 -3.16640693620 -2.25999791903 -2.24575398270 -2.02060339439 -1.86447456857 -1.95040207885 -2.76379994352 -1.36008996369 -2.05340612554 -1.95568073235 -1.95099302965 -3.67984383663
