# Number of parameters = 204 Objective function value = -3557.14749287005  Maximum gradient component = 1.08701298141759e-005
# theta[1]:
-0.173751302736
# theta[2]:
8.04287487590
# theta[3]:
7.33527494434
# theta[4]:
7.74366258649
# theta[5]:
0.400508992848
# theta[6]:
4.00000000000
# log_rinit_devs:
 -0.0230945838277 -0.0257955627888 0.0720574214036 0.0252558330832 -0.0484231078703
# log_rbar_devs:
 1.03965814342 0.850108399862 0.638351422580 0.695018563758 0.562384097109 0.898667954716 0.523086982553 0.460240698809 0.442959335935 0.522864067785 0.469584848355 0.461901235476 0.585217155590 0.685013993306 0.902834113190 0.780135740568 0.853296952582 0.646153766354 0.855315779285 0.621018738137 0.618657847739 0.691567546353 0.607820301669 0.375187776433 0.473710826579 0.511060958188 0.381967355346 0.755183542491 0.242964514571 -0.0282806848392 -0.292522029444 -0.192451089728 -0.179987917409 -0.663907365147 -0.935446181254 -1.17251100725 -1.46910036371 -1.53903179416 -1.60169498688 -1.71969188537 -1.73903600365 -1.83422514089 -1.83557917565 -1.85433487930 -1.72451027061 -2.20820551375 -2.30539106286 -2.47440508382 -1.92776410775 -0.468318480620 1.07179999017 -0.255564136307 -1.66216833429 -0.645535945351 0.941702440118 0.219506167986 -0.825384929568 0.0381684259844 1.70689567053 -0.0682040028067 -1.77541382435 -0.739315891886 1.83602810215 -0.574232337062 -1.30615612242 -1.01278967954 0.438323732699 0.324692034537 1.36258481195 1.39021634396 -0.0281885308286 0.757068052205 1.12106757247 0.654440374511 1.94943481521 -0.0909349084938 0.624152780398 0.756669655722 1.12596544403 1.42800339249 0.994584368617 0.940995795140 -0.0113511764227 -0.527797541465 0.329621112671 -1.78664400093 1.24793571132 -1.15286725475 0.543599838625 0.266114403186 0.407439945151
# mat_params[1]:
 7.15164068523 10.0889813524
# mat_params[2]:
 6.68402652976 9.75515821001
# mat_params[3]:
 5.61994173785 8.33441662121
# log_m_devs:
 -0.0580651174682 0.0375011399017 0.0205639775665
# log_slx_pars[1]:
 1.09518415861 -0.331258845708
# log_slx_pars[2]:
 1.54953670042 -0.359667928721
# log_ft_pars:
 -1.97927686925 -2.06078557977 -2.43656202331 -2.28249326189 -1.98208923339 -1.95712921298 -2.03356832547 -2.41594659840 -2.03315383886 -2.84595160324 -2.97190228072 -4.82372518339 -5.40057410864 -5.34649060118 -4.43682667904 -3.49207393543 -2.30935337957 -1.86469381316 -1.72762148704 -2.64830253552 -2.76806535451 -2.81671468825 -3.03351810105 -2.48090988479 -2.77937949536 -3.39488961461 -2.80088761711 -2.10702481538 -2.07792325958 -1.53196363072 -1.01105508165 -0.964212647433 -1.26842994684 -1.63697599168 -1.57988031041 -0.818454954290 -1.34180751796 -1.71072518108 -4.40747580294 -4.37579039632 -3.51272293379 -2.98733952741 -3.21754119725 -3.38738469140 -3.17691466418 -3.08599377369 -2.02569401351 -2.56051040905 -9.29254473519 -4.55836903208 -2.92988119174 -2.70089099226 -3.17871918976 -2.68874500191 -2.65214698983 -2.72566091743 -2.51394111162 -2.74116155273 -3.25801366343 -2.55628619826 -2.20943842264 -3.18600864345 -3.97021146105 -3.20461732373 -2.50341268340 -3.05664851050 -3.42908075137 -2.25171949244 -2.53383852447 -3.32153547748 -3.11165764024 -3.81658250339 -2.83748961891 -3.01079588765 -3.63233323263 -3.26540345164 -3.16502950892 -3.11163828071 -2.91192177782 -2.81178420842 -2.91854787540 -2.69145252762 -2.48341339260 -2.48585671536 -3.19033615110 -1.75724000454 -2.40848571584 -2.24404408067 -2.01371624501 -3.50211541114
