# Number of parameters = 205 Objective function value = -3669.01929434677  Maximum gradient component = 4.12066407818752e-005
# theta[1]:
-0.373541861941
# theta[2]:
6.85933387787
# theta[3]:
6.68321896021
# theta[4]:
7.09370080299
# theta[5]:
0.764994373166
# theta[6]:
4.00000000000
# log_rinit_devs:
 0.215966223365 0.104220980105 0.0957983447230 -0.0376982995568 -0.378287248636
# log_rbar_devs:
 0.841475332261 0.650154631896 0.433110822057 0.515687617389 0.418685872617 0.703546569358 0.340653376113 0.250901363090 0.250464191625 0.274922405390 0.253319826461 0.261516083042 0.381714230695 0.594926211519 0.891037871332 0.961189869157 1.20105699747 0.983483043353 1.15172847823 0.936852397133 0.941425934323 1.01724635042 0.952628155679 0.752629794093 0.861104472759 0.921453731156 0.833385893172 1.20004918551 0.747586290322 0.492611474408 0.220647317071 0.286801482341 0.286004717640 -0.173920129158 -0.455954457489 -0.725227541927 -1.03740121472 -1.10469735354 -1.14293578772 -1.23106181602 -1.23018161865 -1.31844047114 -1.32415307262 -1.34899112677 -1.26549246846 -1.84860223216 -2.13093048003 -2.50224010631 -2.14650501938 -0.685138007422 0.762837314119 -0.471552402582 -1.91706570476 -0.895739329372 0.702020011289 -0.0359908490367 -1.09178980042 -0.204559141869 1.49661582194 -0.347816343389 -2.12331016101 -0.998468318464 1.64872997700 -0.818677382005 -1.54249647423 -1.23342023129 0.256647474352 0.104626414432 1.14687391447 1.17550496705 -0.275384888169 0.504482110655 0.866872236700 0.349869546356 1.67682120330 -0.477094052361 0.207684569944 0.274225215925 0.547884038858 0.698367589387 0.283242454279 0.235493108547 -0.584823890636 -0.961167490543 0.0409099428720 -1.86626568675 1.34934408996 -0.856351415388 1.01626178507 0.869993554261 0.348537135946
# mat_params[1]:
 6.97726424531 10.1009686015
# mat_params[2]:
 7.36127340731 10.4851690803
# mat_params[3]:
 5.31467036998 7.97025283800
# log_m_devs:
 -0.0773470764577 0.155549436905 0.0917081175224 -0.169910477970
# log_slx_pars[1]:
 0.604349606752 -4.06590793034
# log_slx_pars[2]:
 1.49959187411 -0.382234246361
# log_ft_pars:
 -1.50287025681 -1.54654116882 -1.90873664559 -1.79180246460 -1.49892485630 -1.49480455246 -1.51214821164 -1.89233519795 -1.51823920136 -2.34728240305 -2.50192817476 -2.54317700193 -4.98906507486 -2.65158704364 -4.18211349502 -3.35222817736 -2.09591674638 -1.62512070344 -1.46675951603 -2.37468325032 -2.49140620872 -2.54531767451 -2.77538192428 -2.22876965751 -2.53791306743 -3.18033541590 -2.61597410207 -1.95436184551 -1.94863732474 -1.40788622125 -0.883727235020 -0.838599484915 -1.15000830029 -1.51697359222 -1.44552507269 -0.662367615880 -1.14520875106 -1.50497875563 -4.21931442853 -4.22029365165 -3.38724545502 -2.88786347974 -3.14570792459 -3.32387202416 -3.10284902804 -2.99602457362 -1.86934145773 -2.30103163232 -8.90148224714 -4.08122510658 -2.29801426406 -2.08500629372 -2.56105389630 -2.07126761061 -2.03211122460 -2.13613292072 -1.91509558184 -2.13346701308 -2.66569156167 -1.99576469275 -1.62726678994 -2.59694947997 -3.40613674937 -2.69549580458 -1.98926817702 -2.53830519575 -2.93407983975 -1.76309868099 -1.98774780924 -2.77087049949 -2.57880403586 -3.28540387084 -2.30770033255 -2.47074379156 -3.04971038383 -2.69722536390 -2.58030847834 -2.49236050219 -2.22453222471 -2.00247521466 -2.16176717150 -1.99138441223 -1.84451703725 -1.92111505887 -2.74869367636 -1.42997486924 -2.18406023901 -2.19677185086 -2.13417954825 -3.81495744476
