# Number of parameters = 201 Objective function value = -3452.50951104091  Maximum gradient component = 0.000110771903312182
# theta[1]:
-0.664213884819
# theta[2]:
6.73023723671
# theta[3]:
5.63513651959
# theta[4]:
6.16486472727
# theta[5]:
0.674112613329
# theta[6]:
4.00000000000
# log_rinit_devs:
 0.206511650564 0.119156179462 0.121092419572 0.0325469064868 -0.479307156085
# log_rbar_devs:
 1.65504490738 1.46672124438 1.25432651275 1.26033330507 1.14714977746 1.29473138785 0.915309374746 0.728457163908 0.625664986473 0.452691552744 0.324686666992 0.215620799449 0.362598411791 0.497443806381 0.740226546113 0.755027082745 0.865461656307 0.756545454230 0.818646508156 0.521594653320 0.520960749332 0.581421390404 0.552789167337 0.448414662785 0.502979157363 0.559084411804 0.569625439709 0.906969763819 0.631915144721 0.560038402161 0.407850017644 0.311780278500 0.132865367683 -0.282562947335 -0.446302134306 -0.617956654603 -1.23485242928 -1.56964128636 -1.84889100121 -1.85092538639 -1.78310705401 -1.79605846343 -1.78754833516 -1.78985575800 -1.65793782540 -2.02331228060 -2.21068560552 -2.67539210036 -2.37743738308 -0.810672824866 0.684046392599 -0.484963833209 -1.90351313012 -0.887697603745 0.647573853167 -0.0459270755276 -1.03573606632 -0.206433427109 1.40447546938 -0.284725165591 -2.05478624175 -1.04199558668 1.47691314616 -0.819940543229 -1.47752449695 -1.24785668108 0.215153316258 0.117501794289 1.11690185758 1.13212630317 -0.251568170156 0.478531690953 0.898958860794 0.415828736575 1.66742758511 -0.292652488974 0.429198073706 0.584867362510 0.963090647948 1.24745092154 0.851274219036 0.809676502754 -0.0496661501035 -0.503094322625 0.415602225779 -1.54122905768 1.46494027642 -1.01395747801 0.656935253917 0.355334249188 0.527622498412
# mat_params[1]:
 6.08642197846 9.54321362589
# mat_params[2]:
 3.91179452545 5.72565225516
# mat_params[3]:
 3.70285238855 5.48569238944
# log_m_devs:
 -0.000114789821722 0.000114789821722
# log_slx_pars[1]:
 0.557001939873 -3.74947397883
# log_ft_pars:
 -1.48024988489 -1.49665445159 -1.85284272170 -1.69628101049 -1.36977657774 -1.23592596006 -1.17999781679 -1.47015356891 -0.971289134744 -1.62796027463 -1.66228280948 -5.02054559709 -4.12015639507 -4.87871305954 -3.21553190514 -2.28989203935 -1.95517999376 -1.46377401564 -1.28612057390 -2.13921405951 -2.25621621071 -2.34681319919 -2.59755991491 -2.04448232859 -2.38932720801 -3.09237042699 -2.56213971933 -1.98070772290 -1.92375945942 -1.35370848316 -0.828526278840 -0.806200198207 -1.09800077960 -1.36572573615 -1.26020417595 -0.442554530762 -0.788499283670 -1.01925613769 -3.70605076916 -3.77703378006 -3.01882099946 -2.57327240966 -2.90217322869 -3.12525845166 -2.94428814666 -2.81082837467 -1.71969081025 -2.14660114508 -8.90287180830 -4.57888652719 -3.12540496403 -2.33690040605 -2.34843600286 -1.94919180493 -2.57009823285 -2.40938669287 -1.83500012642 -2.18453368082 -3.27999931980 -2.15893596054 -1.31152032104 -2.30214482411 -3.96149545528 -2.79184287701 -1.67923216494 -2.19251314847 -3.15832874518 -2.05251626929 -2.52071919803 -3.19986092209 -2.64945750744 -3.33166191264 -2.56192207457 -2.66265186707 -3.55941503946 -2.86384478599 -2.66936398414 -2.74487228936 -2.71118594818 -2.67040015720 -2.63691772298 -2.35226808561 -2.04859530313 -1.97925688643 -2.91486375232 -1.42237850950 -2.78150003375 -2.24935039326 -1.99341200808 -3.50503919939
