# Number of parameters = 204 Objective function value = -3656.40374318391  Maximum gradient component = 0.000714836079429648
# theta[1]:
0.235210956593
# theta[2]:
10.7454196007
# theta[3]:
9.96919802502
# theta[4]:
10.4063133121
# theta[5]:
0.835388347912
# theta[6]:
4.00000000000
# log_rinit_devs:
 -0.224764838522 -0.160117955647 0.0408530458427 0.0431877890271 0.300841959299
# log_rbar_devs:
 0.953357982829 0.763450173139 0.521119129341 0.569581468855 0.418825999767 0.841699713105 0.453762870412 0.391252386003 0.429714405802 0.538936632168 0.458408603234 0.400231484765 0.476386645004 0.519495060077 0.698006212444 0.482504737663 0.474347754388 0.299465654026 0.584982846389 0.333063757268 0.330010231288 0.416637052362 0.332643723239 0.0601194458391 0.168689653807 0.210680917846 0.0875685512155 0.528908554952 0.0352539056710 -0.130385230753 -0.233016699917 0.0912080675592 0.259103582574 -0.135922988569 -0.231811821831 -0.284361711649 -0.482467746796 -0.501390340899 -0.547515766464 -0.685752461654 -0.681329072276 -0.791464716690 -0.784812624875 -0.745747206191 -0.579330349578 -1.19262842639 -1.43889045622 -1.88058220496 -1.74063275174 -0.327625527775 1.28192002863 0.0111872800372 -1.37438838233 -0.371572839793 1.20263664106 0.485069569547 -0.559003047278 0.274754695625 2.00650827896 0.209199739636 -1.56444138641 -0.526953839024 2.03862012001 -0.379727049717 -1.15442546492 -0.915548617759 0.499524810453 0.411121138299 1.41051943313 1.43227697201 -0.00406431679895 0.748994844201 1.04276087254 0.476066717653 1.68131473568 -0.580441001436 -0.0916979278844 -0.124173061444 0.0985301352228 0.303467638125 -0.0659284427978 -0.139468559680 -1.21257680054 -1.66331543228 -0.693311594188 -2.69049276316 0.569690743890 -1.78550088795 -0.0202889292976 -0.279816844957 0.279223697110
# mat_params[1]:
 8.20221272566 10.1811602723
# mat_params[2]:
 8.79417648913 11.0705270395
# mat_params[3]:
 10.0022491702 13.4516491894
# mat_params[4]:
 7.26392224324 9.86717015839
# log_m_devs:
 0.0949095425452 0.0259602325422 -0.120869775087
# log_slx_pars[1]:
 1.83137490932 -0.225797716638
# log_ft_pars:
 -1.47435297762 -1.57103279628 -1.98912723007 -1.84392775830 -1.53447927233 -1.48043490880 -1.59097713173 -2.01557367037 -1.65773290817 -2.45400304404 -2.56129871335 -3.06993898491 -4.90833724756 -1.14295814821 -3.77821888684 -2.81432752353 -2.43801137259 -2.02231861373 -1.95195948032 -2.89508459031 -3.00675976471 -3.06710336024 -3.27702719011 -2.69779335984 -3.00285675506 -3.62056613438 -3.00775834745 -2.37577592233 -2.35594388378 -1.83933467898 -1.44118238742 -1.60378767207 -2.11498762122 -2.58105406492 -2.62232241536 -2.06185075077 -2.77560489021 -3.23649210703 -5.95109104003 -5.89728228853 -5.03548399424 -4.52059398603 -4.77374704460 -4.95867440307 -4.76167962668 -4.65379785833 -3.60088715795 -4.08325496003 -10.6371164757 -5.84901366592 -4.17803621138 -3.83037164555 -4.35912834231 -4.09429579027 -4.11695823997 -4.03839283444 -3.79623075222 -4.14976023499 -4.68899762265 -3.84583858576 -3.53967709175 -4.70002967441 -5.44573722519 -4.41483384828 -3.69343387984 -4.46863047732 -4.88056593583 -3.51411987557 -3.65534514122 -4.38420671767 -4.14412430405 -4.92852798969 -3.98324384786 -4.07318238968 -4.57357788543 -4.08432805719 -3.93409143698 -3.89453600293 -3.50355589167 -3.10092599111 -2.99240029143 -2.71130863098 -2.50672063484 -2.54090118742 -3.29419317784 -1.83124958542 -2.62789470631 -2.43390149735 -2.32581989159 -3.94934133391
