# Number of parameters = 205 Objective function value = -3634.37002787186  Maximum gradient component = 0.000921148386768349
# theta[1]:
-0.587532163175
# theta[2]:
6.43613929370
# theta[3]:
6.00004347350
# theta[4]:
6.59082012294
# theta[5]:
0.529169889424
# theta[6]:
4.00000000000
# log_rinit_devs:
 0.330839991299 0.175114442737 0.115698408502 -0.0385870969355 -0.583065745602
# log_rbar_devs:
 1.20886319509 1.01896496242 0.807572921218 0.863655621647 0.772075133593 0.966737533624 0.602070538707 0.453293375017 0.407894484072 0.318267040217 0.272634337679 0.262602286418 0.368638763146 0.563529623105 0.766523876257 0.795208468731 0.929115208483 0.806455284122 0.906217125958 0.642309400803 0.630263103212 0.679332132839 0.624044386503 0.475649017898 0.520294486434 0.549675014908 0.511936539816 0.834632982181 0.509774560654 0.403038064890 0.234460638229 0.171113319122 0.0293359198202 -0.391138583537 -0.561750240997 -0.733459742813 -1.26152128632 -1.51400624850 -1.71703911437 -1.76263170064 -1.73183165609 -1.78210292070 -1.79521472940 -1.82163190482 -1.71741635859 -2.12946094648 -2.28505985673 -2.64631842039 -2.19211968688 -0.702770931805 0.716312469733 -0.535984631513 -2.00920085427 -0.967476123477 0.639245245215 -0.107031390786 -1.15055830569 -0.274714623203 1.41358988681 -0.462923536224 -2.28315302178 -1.05178649791 1.63781154100 -0.832153057648 -1.52089017820 -1.19041642254 0.320453455474 0.170885869775 1.23662196545 1.26933975377 -0.164625503332 0.615108187015 1.01626090755 0.540282125517 1.83799782574 -0.218671754271 0.500795550663 0.654621967879 1.04619107742 1.36610010483 0.928678951494 0.863407975941 -0.00544377934429 -0.428537459767 0.564752073050 -1.44590661988 1.77337376840 -0.574360534915 1.27635316712 1.10161741070 0.573327996480
# mat_params[1]:
 6.47334859077 9.70986933984
# mat_params[2]:
 6.39182705359 9.96759639969
# mat_params[3]:
 4.68753171782 7.17566227231
# mat_params[4]:
 4.88667689119 7.28814869491
# log_m_devs:
 -0.0678942048427 0.0678942048427
# log_slx_pars[1]:
 0.0591289100856 -6.59202872867
# log_slx_pars[2]:
 1.64393229141 -0.139749669937
# log_ft_pars:
 -1.27024140178 -1.29430120573 -1.66135606380 -1.53663931373 -1.23385764774 -1.15039768146 -1.12599836725 -1.46322660951 -1.02650679868 -1.77516590258 -1.90113799979 -2.09083210005 -4.39015768396 -2.40649970877 -3.53230851810 -2.65908798341 -2.38039391428 -1.88918493794 -1.74886109397 -2.61786933198 -2.71717703500 -2.78863830084 -3.01116136090 -2.42744613150 -2.74925569683 -3.41701983013 -2.84394155716 -2.24329253691 -2.15380804010 -1.55607687640 -1.02606940006 -1.03430862852 -1.36074845135 -1.63150532980 -1.51889612172 -0.737269711558 -1.17512393337 -1.48444191592 -4.18088845237 -4.19973692186 -3.39884040869 -2.91809648341 -3.21768173928 -3.40724620888 -3.19096428879 -3.01608726553 -1.92129158107 -2.36003474896 -8.18745957595 -3.32608385864 -1.33765624222 -1.08454522482 -1.69154540129 -1.38141048280 -1.26547346786 -1.25062747449 -1.02155958046 -1.36048131869 -1.83201044243 -1.05048748032 -0.717481521395 -1.89219157369 -2.69074121260 -1.85853907129 -1.22303811058 -2.00118420073 -2.50222350243 -1.23140458581 -1.27737712553 -2.01263304711 -1.87488550655 -2.73035498471 -1.82947999083 -1.99806766441 -2.52126187463 -2.16534292148 -2.13370640598 -2.19971828564 -2.00420322606 -1.82047019154 -1.87311307980 -1.67782686800 -1.52911670644 -1.61004073436 -2.43892658067 -1.07788544624 -1.70628159413 -1.56164262344 -1.44476681037 -3.12068477935
