# Number of parameters = 202 Objective function value = -3517.24299189775  Maximum gradient component = 0.000106450569210843
# theta[1]:
0.0409364291265
# theta[2]:
9.52158352396
# theta[3]:
9.05302310199
# theta[4]:
9.37580301384
# theta[5]:
0.605864184115
# theta[6]:
4.00000000000
# log_rinit_devs:
 -0.126508575462 -0.0732586875200 0.0854054482671 0.0510818026457 0.0632800120688
# log_rbar_devs:
 0.695288797179 0.535635662574 0.335098910544 0.396259027214 0.271992572081 0.648983708758 0.310636053218 0.279258355929 0.308159065382 0.434816809963 0.397231039928 0.377048591135 0.472732916453 0.571223742165 0.826518767793 0.778590877105 0.958916181457 0.750280916763 0.958965159574 0.696869841177 0.662546459992 0.707915036056 0.599237579112 0.329765632110 0.400552449336 0.409383234387 0.265897310147 0.637976703250 0.145609692261 -0.0581220586528 -0.217606150329 -0.00441313794009 0.0791264889236 -0.342329380523 -0.503182357932 -0.625153193251 -0.865039274479 -0.940122853411 -1.03697075489 -1.20307123544 -1.25160674901 -1.38479487558 -1.41968590385 -1.46771553754 -1.37448900781 -1.89863306874 -2.01632063263 -2.23381122819 -1.76700120538 -0.305214593010 1.32101850347 -0.0462910726049 -1.42037397253 -0.421875823027 1.16412762840 0.443111084562 -0.588948989658 0.241143030967 1.92326899545 0.174600613672 -1.52022713575 -0.549779501286 1.97402551110 -0.405869580433 -1.15574294055 -0.903207022171 0.512685787776 0.426935949609 1.45082077472 1.47682272058 0.0682093497354 0.829591498900 1.15288730376 0.662321580074 1.97159519164 -0.200662185363 0.372625994163 0.353613272226 0.581921554118 0.781462444891 0.358301946825 0.288895202741 -0.742043234299 -1.24737423446 -0.335226419331 -2.44873322497 0.664616758926 -1.69616028442 0.0481567734959 -0.181727517155 0.294249282831
# mat_params[1]:
 8.23900800561 11.0821739732
# mat_params[2]:
 6.55149126167 8.92177297506
# mat_params[3]:
 6.54606040363 9.12899597766
# log_m_devs:
 -0.0531433366134 0.0607413872748 -0.00759805066136
# log_slx_pars[1]:
 1.72090424429 -0.219065698386
# log_ft_pars:
 -1.65235636549 -1.73279371155 -2.18132472312 -2.06323567227 -1.78434247598 -1.69298162511 -1.82121421403 -2.28330920161 -1.94706192540 -2.74812815266 -2.87702381187 -3.41362445156 -5.28731479418 -1.97186073337 -4.21349003874 -3.32719416771 -3.06293532475 -2.59072398242 -2.45956052658 -3.36444111369 -3.44163083197 -3.46135626554 -3.63905504850 -3.04451008679 -3.32029734901 -3.90645301916 -3.27428479572 -2.59317907675 -2.54963424054 -2.01230443522 -1.57472911463 -1.66341069524 -2.08606275440 -2.50133300711 -2.49078124394 -1.86469489311 -2.51892255753 -2.92996989443 -5.59693505209 -5.50449192187 -4.59780612356 -4.04055480983 -4.24635386178 -4.38239733884 -4.13173852667 -3.99481978945 -2.92841364529 -3.44496682875 -10.1403419773 -5.52131575965 -4.04868007831 -3.66620971388 -4.09616287166 -3.67889314659 -3.73399059380 -3.70608084606 -3.44842019801 -3.73014458208 -4.33247157146 -3.50923841572 -3.13564432486 -4.16949394632 -5.01187564003 -4.06898350395 -3.31897913778 -3.94130730679 -4.33808297439 -3.10321703368 -3.42958137055 -4.18995347932 -3.90657366096 -4.62326254323 -3.66655884651 -3.78487690651 -4.44943830115 -3.98347355722 -3.83719102329 -3.75715328814 -3.41163213621 -3.13737784138 -3.10163865364 -2.81094357488 -2.55956724183 -2.53053597405 -3.23958021015 -1.76074215148 -2.57347124435 -2.40371920559 -2.26733066477 -3.84113072613
