# Number of parameters = 205 Objective function value = -3655.42764333343  Maximum gradient component = 2644.70212607928
# theta[1]:
-0.538845544393
# theta[2]:
6.62703216985
# theta[3]:
6.09089145863
# theta[4]:
6.60485713259
# theta[5]:
0.560873140677
# theta[6]:
4.00000000000
# log_rinit_devs:
 0.257194471334 0.144404632793 0.116903456328 -0.00762128708655 -0.510881273369
# log_rbar_devs:
 1.18728220769 0.993903505568 0.777763743366 0.820005755325 0.714883057645 0.889112835759 0.512315298985 0.342645726781 0.265956363880 0.133610445742 0.0428891655642 -0.0177391210779 0.138289228173 0.306848776578 0.604243207043 0.647412048215 0.814142397945 0.689875926593 0.782866220030 0.516920390141 0.508731842972 0.562726434937 0.514336557725 0.374435057976 0.421038247650 0.455729692699 0.427975711748 0.753401036227 0.437120388089 0.337843925436 0.173702844815 0.112635178585 -0.0261905533424 -0.435029094583 -0.596103358552 -0.755798306299 -1.26462902426 -1.49461654359 -1.67811971579 -1.71447453034 -1.67615573594 -1.71961046040 -1.72732584402 -1.73960688804 -1.62784665963 -2.02852888347 -2.16135991092 -2.46570430716 -1.95034281576 -0.478562502011 0.970363139330 -0.293620448079 -1.77338088925 -0.731432952949 0.885991734847 0.135238761537 -0.914697090000 -0.0322829373386 1.67408250659 -0.207792036363 -2.02669913939 -0.811632039422 1.89327223029 -0.611638026052 -1.30997506451 -0.990896932222 0.519841810380 0.362470218162 1.43523355637 1.47002997046 0.00377952961675 0.779616221686 1.16463751674 0.657314051811 1.98824217202 -0.165787968463 0.522876477720 0.598014941762 0.874247499513 1.02470144213 0.598604859219 0.546629459699 -0.263372610936 -0.642597995194 0.340769704128 -1.60941783286 1.52223264922 -0.755324351914 1.07442885816 0.885789215375 0.509240823472
# mat_params[1]:
 6.54022879332 10.0014229117
# mat_params[2]:
 4.97108690088 7.50930234768
# mat_params[3]:
 4.80500644884 7.56437647786
# log_m_devs:
 -0.0878094516621 0.0509147644501 0.146017143485 -0.109122456273
# log_slx_pars[1]:
 0.992395571250 -1.76555632152
# log_slx_pars[2]:
 1.62973120455 -0.194314410549
# log_ft_pars:
 -1.38698203883 -1.40641964780 -1.76466672661 -1.62302083054 -1.30549724425 -1.20160036182 -1.15880285589 -1.47076432183 -0.997134601227 -1.70223026549 -1.78194899132 -3.37769070258 -4.28633139549 -2.91251505762 -3.47040311043 -2.58555081592 -2.31335547775 -1.81533204056 -1.67054819607 -2.54007777070 -2.64276770019 -2.72016820984 -2.94870203444 -2.36914006116 -2.69643907014 -3.37209835973 -2.80737089782 -2.21652857311 -2.12950019012 -1.53368223348 -1.00788837792 -1.02564544063 -1.36269089260 -1.64044811857 -1.53768227117 -0.770503882870 -1.22908675810 -1.56045439906 -4.27011822463 -4.29679681627 -3.50516309962 -3.03212295908 -3.34288108948 -3.54180929591 -3.33136262575 -3.16255434899 -2.09409975794 -2.56496684213 -8.39083020482 -3.51866977993 -1.59327333017 -1.35147098036 -1.93645645483 -1.58657795800 -1.48023588703 -1.47665798688 -1.26143835267 -1.57577810939 -2.05797123275 -1.29585623222 -0.978788978953 -2.11211135171 -2.90020033744 -2.07787444935 -1.44533761771 -2.17390072936 -2.62478609718 -1.35172389440 -1.44795229422 -2.19512850801 -2.04533823121 -2.86332560296 -1.93621824280 -2.07540037957 -2.60977525179 -2.24060980237 -2.18522216271 -2.19579985697 -1.92678267186 -1.65551865197 -1.75636341177 -1.59455630412 -1.47702086228 -1.59062772957 -2.46180929756 -1.12683627771 -1.71786432623 -1.58533774207 -1.47701896312 -3.16958443731
