# Number of parameters = 206 Objective function value = -3606.28713168182  Maximum gradient component = 0.000460433455134036
# theta[1]:
-0.0442829993005
# theta[2]:
9.26916331786
# theta[3]:
8.56794465158
# theta[4]:
8.83733782705
# theta[5]:
0.790942913886
# theta[6]:
4.00000000000
# log_rinit_devs:
 -0.161190595602 -0.108094819193 0.0655724530748 0.0304935856938 0.173219376026
# log_rbar_devs:
 0.957678487201 0.755083971317 0.507079919468 0.577898230086 0.430527943816 0.893854783001 0.473548218110 0.423771708618 0.444793584479 0.572283911228 0.516251308563 0.507251282777 0.640808145421 0.738462327206 0.983030567290 0.815180080110 0.904858390949 0.678702061808 0.966965976250 0.672248417525 0.660909486510 0.747792041035 0.643186626728 0.341334924659 0.459804967554 0.502425348005 0.355093970521 0.856750061597 0.272342316889 0.0482368628844 -0.129067583286 0.155788156812 0.279475770097 -0.220734689103 -0.401315320532 -0.536650419939 -0.816500768097 -0.891539291717 -0.993933370512 -1.17965277648 -1.22457515926 -1.37290884353 -1.40166681824 -1.44425383847 -1.30241213535 -1.89490303091 -2.01541113551 -2.23386077881 -1.73157523338 -0.262026159716 1.32317817337 -0.0356382875460 -1.39697340994 -0.404058223882 1.17423256076 0.448042870744 -0.607916724407 0.235922981276 1.93566738123 0.156123745353 -1.52747523264 -0.572649108302 1.98387963771 -0.417218606778 -1.18053675333 -0.914016257866 0.502696362099 0.411888993031 1.42754512977 1.45080463069 0.0270754396649 0.803290902914 1.11745855538 0.603284103789 1.95172648427 -0.308950834268 0.209162569503 0.0972416166740 0.178001470973 0.160399112518 -0.225392892291 -0.283680843272 -1.20025938291 -1.61962946982 -0.630320223728 -2.54907654561 0.680131551185 -1.68899282026 0.0370965277213 -0.234987276570 0.152489597112
# mat_params[1]:
 7.86170329999 10.3596802513
# mat_params[2]:
 7.95684838422 10.9138632203
# mat_params[3]:
 6.17993589901 8.84073611351
# log_m_devs:
 0.0947594396865 -0.132321412778 0.0375619730920
# log_slx_pars[1]:
 1.58790489109 0.125836832564
# log_slx_pars[2]:
 1.68244620316 -0.292263843701
# log_slx_pars[3]:
 1.77508970421 -0.253584968448
# log_ft_pars:
 -1.99325511798 -2.09449062336 -2.47633875504 -2.31888033788 -2.01308263812 -2.03423086947 -2.13333032143 -2.53482896616 -2.16838004057 -2.99576868617 -3.12281718016 -5.14056652350 -5.53646656812 -5.01806615458 -4.57407146034 -3.62643724019 -2.65448829889 -2.21703402517 -2.10850514339 -3.03043089803 -3.13405433402 -3.17202627360 -3.36805490031 -2.79374552074 -3.07848887721 -3.67285252885 -3.05935087051 -2.41030894876 -2.40034036328 -1.89220354132 -1.44787274781 -1.50734528882 -1.92803466569 -2.36479420161 -2.36971327543 -1.72967074170 -2.35382135447 -2.74542912364 -5.39691769784 -5.29473712643 -4.37816646392 -3.80989638877 -4.00150973618 -4.13293933190 -3.88942462776 -3.76433966042 -2.69824593476 -3.20522785827 -9.88083997262 -5.20525173375 -3.65874758461 -3.36061758555 -3.85781328386 -3.43964059464 -3.41202866177 -3.40807263008 -3.19626661277 -3.46906533203 -3.99212097477 -3.21451384184 -2.89865211960 -3.93468352289 -4.67607747463 -3.77637197474 -3.08584172351 -3.71436084944 -4.05309894007 -2.79454185574 -3.07793467406 -3.84400370504 -3.60700527043 -4.33633985931 -3.35333883587 -3.47301570776 -4.09951720560 -3.67269155571 -3.54707703210 -3.43426859641 -2.99651367619 -2.26165347443 -2.26474541553 -2.05786813927 -1.91878536455 -2.01806279179 -2.83446137388 -1.43193066473 -2.05534321823 -1.76526591467 -1.56632269259 -3.15209017307
