# Number of parameters = 202 Objective function value = -3601.82948132683  Maximum gradient component = 0.000947459519229285
# theta[1]:
-0.322569457355
# theta[2]:
7.52393193708
# theta[3]:
6.61571752522
# theta[4]:
7.12336884878
# theta[5]:
0.670180775750
# theta[6]:
4.00000000000
# log_rinit_devs:
 0.122778900009 0.107504580121 0.121131720107 -0.0413031429336 -0.310112057304
# log_rbar_devs:
 1.36577368842 1.19066553832 1.00859644798 1.02654761644 0.855942056291 1.11682399017 0.735422800811 0.652175282728 0.628984347229 0.719842345613 0.652398989781 0.596703716659 0.652605487025 0.697687834161 0.878859254700 0.787483629384 0.807659345459 0.604276316313 0.765836417631 0.557693465240 0.571719443638 0.658166326533 0.606906210746 0.420539167811 0.538542221802 0.615248420941 0.546664132484 0.922758349075 0.494308328632 0.252315886352 -0.0273473502685 0.0135381405389 -0.000211379934612 -0.453861393201 -0.740393152881 -1.04404861648 -1.39670301109 -1.47570437112 -1.49972049949 -1.55594990974 -1.52652156997 -1.58686980155 -1.56857037989 -1.57581748402 -1.46537042947 -1.99293973044 -2.22186474549 -2.54042134530 -2.15208157762 -0.696713721479 0.766211784639 -0.464613165420 -1.88783221821 -0.875777400945 0.697718769792 -0.0219660443739 -1.06404900487 -0.185953357362 1.47728310319 -0.317748114724 -2.06839764019 -0.978077946107 1.60970246857 -0.796602195298 -1.51959712731 -1.21542273369 0.257930277859 0.122678949905 1.15297941719 1.17776052476 -0.242982967997 0.531172452343 0.900816454455 0.414225818371 1.72057577649 -0.344500106731 0.365757801443 0.484979215893 0.859175290347 1.21213772296 0.780469996883 0.726149889142 -0.208701547010 -0.666230512471 0.323749119310 -1.75136625944 1.48725004827 -0.947923881414 0.878107958179 0.693567339092 0.495767314993
# mat_params[1]:
 7.33479281268 10.1860804426
# mat_params[2]:
 7.35159240431 10.6427605286
# mat_params[3]:
 5.41990754099 8.27719125119
# mat_params[4]:
 5.07642250096 7.34808456586
# log_m_devs:
 0.00000000000
# log_slx_pars[1]:
 1.43721374997 -0.360255845322
# log_ft_pars:
 -1.05653715911 -1.13125013959 -1.56309322531 -1.42214624273 -1.10446819965 -0.954008268392 -1.01958205803 -1.41273216632 -1.00056211780 -1.77934172754 -1.93337293052 -0.931889882307 -4.23656175517 -0.780180050007 -3.09255120046 -2.23320632496 -1.91293809688 -1.44258207097 -1.26692437741 -2.17543016539 -2.30247748034 -2.37356212080 -2.62192928764 -2.08209830149 -2.40390619715 -3.07025813463 -2.52209830634 -1.87335211524 -1.87506360987 -1.32199817145 -0.777852869375 -0.720884155416 -1.03085056699 -1.39516764397 -1.31536068207 -0.500886036637 -0.946964222890 -1.29183541507 -4.02808270709 -4.06512698052 -3.26441006803 -2.79423704855 -3.08421784006 -3.28923349864 -3.09273217333 -3.00740096760 -1.90266828981 -2.37419987751 -9.03270049370 -4.27176183595 -2.55754468891 -2.28542301125 -2.67821349540 -2.17180423588 -2.22734185463 -2.32800365782 -2.05275265061 -2.26325449881 -2.87011028997 -2.17260979595 -1.72353511428 -2.67166716632 -3.58437099559 -2.85547351677 -2.06228831182 -2.58354540625 -3.05030912028 -1.92614998421 -2.18929234180 -2.97312517088 -2.73314243678 -3.41089267868 -2.46213277383 -2.64237050240 -3.26455730755 -2.89959195943 -2.75341379627 -2.69973701534 -2.52090756791 -2.42782927866 -2.52833655455 -2.28651070891 -2.07422748189 -2.05939838774 -2.81171168809 -1.45080850035 -2.30717156501 -2.24344266818 -2.02607726645 -3.59746749925
