# Number of parameters = 202 Objective function value = -3517.61092436182  Maximum gradient component = 0.000154376497542026
# theta[1]:
-0.213726978367
# theta[2]:
7.78192206369
# theta[3]:
7.17356948555
# theta[4]:
7.58419579638
# theta[5]:
0.453621213437
# theta[6]:
4.00000000000
# log_rinit_devs:
 0.0696408979489 0.0694926653670 0.115250937374 -0.0271608096064 -0.227223691084
# log_rbar_devs:
 1.03631830906 0.868038045002 0.685327503517 0.723292181009 0.571635591521 0.886981262126 0.534852072728 0.494964943036 0.517686871344 0.646523757800 0.613120520563 0.615576876425 0.731057370929 0.807335022629 0.989035377334 0.854599547394 0.868472456705 0.678828246549 0.871600959614 0.640067567990 0.631164273657 0.697053642212 0.613985613478 0.387596998170 0.476807201690 0.512109465624 0.390718737857 0.749634001700 0.262705455216 0.00571084613651 -0.257173317172 -0.181849882219 -0.183290973979 -0.648797577311 -0.912814156722 -1.16015037497 -1.47217523364 -1.55719595057 -1.62461945363 -1.73668178613 -1.75640750440 -1.84919475599 -1.85345839339 -1.87377241300 -1.74940845618 -2.21657458492 -2.32031504654 -2.50071911454 -1.96529104458 -0.498896587447 1.04840108873 -0.273178886197 -1.67583001353 -0.660559196946 0.922062379523 0.203424432291 -0.837539380437 0.0263233056764 1.68312657430 -0.0828943919484 -1.79209982510 -0.758610664062 1.79984109971 -0.595932406612 -1.32618424908 -1.03442402849 0.416937355625 0.303170974728 1.33765104214 1.36137894877 -0.0523753719287 0.725714998401 1.09240005235 0.623525520579 1.91428254423 -0.118942657345 0.596047700937 0.732069730065 1.10526618401 1.41012953557 0.973617974602 0.915328813228 -0.0320123086408 -0.547873438233 0.301290726745 -1.81621749716 1.19796264292 -1.20743192628 0.476213334918 0.198339161432 0.403586008807
# mat_params[1]:
 7.35256689415 10.1458620604
# mat_params[2]:
 6.54911208793 9.67721033667
# mat_params[3]:
 5.37108692360 8.04013930829
# log_m_devs:
 -0.0549642730837 0.0378315034876 0.0171327695961
# log_slx_pars[1]:
 1.48532605453 -0.328026456029
# log_ft_pars:
 -1.11771574509 -1.20331913137 -1.64976541366 -1.51937892444 -1.21800794958 -1.09716743430 -1.20215998010 -1.63909353075 -1.27346751919 -2.09182526640 -2.26836010622 -1.22446300141 -4.66402019933 -1.29908481777 -3.63326452866 -2.76028413055 -2.43733609293 -1.98180804234 -1.83352843538 -2.74798398217 -2.85549551169 -2.89961813483 -3.11407408689 -2.55305913950 -2.84678759282 -3.46615605378 -2.87315716745 -2.18633957854 -2.15330905714 -1.58926720519 -1.05923318422 -1.02161287949 -1.33690465242 -1.69757584037 -1.62135252713 -0.851186098300 -1.37457438049 -1.74072357664 -4.43830136291 -4.40940239427 -3.54902465399 -3.02671852768 -3.26532456685 -3.43526147631 -3.21981470190 -3.12475236633 -2.05734473399 -2.58717607596 -9.33460146095 -4.68280469652 -3.12738172003 -2.83303146446 -3.21406882370 -2.69339531934 -2.76424163977 -2.84335651144 -2.57078759459 -2.78051189807 -3.39221849154 -2.66962837887 -2.23339233258 -3.17109619137 -4.08382460397 -3.31358667273 -2.51905309218 -3.02494441249 -3.47111412223 -2.34765531789 -2.66374832313 -3.44740467676 -3.18398225404 -3.85009897568 -2.89710926085 -3.07610393840 -3.73159371940 -3.34108760347 -3.19241571396 -3.13983579550 -2.97664431981 -2.90140610669 -2.99832141948 -2.74704138306 -2.52090078983 -2.49939971533 -3.20918999615 -1.78310069229 -2.49519519322 -2.32129134742 -2.04415538376 -3.53228391565
