# Number of parameters = 207 Objective function value = -3673.03345862332  Maximum gradient component = 2.76263661524010e-005
# theta[1]:
0.0340343917472
# theta[2]:
9.57408966646
# theta[3]:
8.98285291278
# theta[4]:
9.35687289166
# theta[5]:
1.09459336364
# theta[6]:
4.00000000000
# log_rinit_devs:
 -0.138656865255 -0.0913430556225 0.0763891993444 0.0221541944407 0.131456527092
# log_rbar_devs:
 0.862388747559 0.689441768762 0.467380094092 0.521327077921 0.376990140812 0.790742796288 0.426811385611 0.392539795691 0.446536238905 0.577515829075 0.520955550107 0.471833085072 0.557980206065 0.631263843437 0.857674635377 0.719706569379 0.784307346914 0.595759699845 0.857086356428 0.607761746256 0.597997216215 0.674296973896 0.584505824627 0.317146280900 0.418340541879 0.456097037347 0.330940109445 0.752678285459 0.248261871627 0.0540740671105 -0.0836603877701 0.197241231402 0.336105640419 -0.0737518085865 -0.194794267826 -0.270605273308 -0.477534228357 -0.501829957981 -0.551837646975 -0.688346309141 -0.691784292446 -0.805781881167 -0.810483280861 -0.806373381044 -0.673124942987 -1.27684945983 -1.51312863873 -1.92095818104 -1.73390995073 -0.332181982087 1.24564403146 -0.00780702638641 -1.40300531112 -0.407689342055 1.16338965964 0.443495847873 -0.606296329885 0.232870200156 1.95837879062 0.147749599222 -1.62994295684 -0.593134688251 1.98725510529 -0.453509675609 -1.22584498142 -0.984260206574 0.441266123743 0.347785663097 1.35186646171 1.37184826545 -0.0655743672602 0.691739932290 0.998628585890 0.433773678472 1.76610198018 -0.603916499091 -0.125208624071 -0.252964436624 -0.140570387088 -0.0823686099532 -0.445942363045 -0.490159604436 -1.43636198666 -1.84353663024 -0.829203877128 -2.75663589560 0.534155628269 -1.89438039359 -0.151653195028 -0.478919072240 0.0761847837496
# mat_params[1]:
 8.15077064809 10.3442584681
# mat_params[2]:
 8.51443470676 10.9808555232
# mat_params[3]:
 8.94257821242 12.4562720551
# mat_params[4]:
 6.41916029905 9.10198306597
# log_m_devs:
 0.136055209896 0.0254418153035 -0.175823002963 0.0143259777631
# log_slx_pars[1]:
 1.75536933189 -0.194283968247
# log_slx_pars[2]:
 1.79486519183 -0.263104301774
# log_ft_pars:
 -1.16436051874 -1.27147489655 -1.71183831365 -1.58078067928 -1.27828768574 -1.21406220185 -1.33893053282 -1.78673644007 -1.44393703073 -2.26297497197 -2.40470636164 -1.73158967404 -4.78202797056 -0.842452086534 -3.67999404371 -2.77757947360 -2.46249152344 -2.02037356973 -1.92481843862 -2.85458580237 -2.95836067942 -3.00848231792 -3.21322826650 -2.63057733018 -2.92715732621 -3.54092410870 -2.92967645832 -2.28962801273 -2.26230266589 -1.72838803077 -1.29145170272 -1.41288818274 -1.89781866604 -2.34811598526 -2.36528510753 -1.76973790181 -2.45823712847 -2.91089778754 -5.62311534683 -5.57057339145 -4.70693744426 -4.18831720579 -4.43819934934 -4.61026982572 -4.39203216355 -4.27205093104 -3.20078538868 -3.66843973649 -10.2338936873 -5.45496688331 -3.80564714291 -3.44466534335 -3.91931509538 -3.57345759531 -3.61498400366 -3.57468067173 -3.32974468143 -3.63873756284 -4.21363084292 -3.38780809472 -3.04982990290 -4.13384462228 -4.91975788598 -3.94433411042 -3.21249292006 -3.89619695913 -4.27961818238 -2.97300824875 -3.19909573934 -3.93774032572 -3.67240347219 -4.41452625015 -3.45384912984 -3.54990243523 -4.14090541695 -3.66548930273 -3.50744970021 -3.41114919821 -2.96084368452 -2.29245425935 -2.25653426179 -2.04702419893 -1.92404369131 -2.03902592809 -2.86834214437 -1.47138092149 -2.11099569915 -1.80536147954 -1.59791346508 -3.17000293511
