# Number of parameters = 205 Objective function value = -3611.95097247824  Maximum gradient component = 0.000406720490966438
# theta[1]:
-0.331805382550
# theta[2]:
7.73025426568
# theta[3]:
6.57613622493
# theta[4]:
7.04014518972
# theta[5]:
0.715037198954
# theta[6]:
4.00000000000
# log_rinit_devs:
 0.0604961067588 0.0589058917950 0.104696874465 -0.0197675340769 -0.204331338942
# log_rbar_devs:
 1.55303458886 1.36742425144 1.16893213552 1.17700450266 0.998945747525 1.27136454728 0.866226199210 0.764861327156 0.718686331074 0.794400884645 0.732541396731 0.707426420830 0.809714452208 0.894996961225 1.09908457630 0.996362424336 1.03210086860 0.827893311601 1.00306953553 0.779589579889 0.786293031390 0.868773935878 0.806315635293 0.600872358882 0.711705465866 0.778737907492 0.697571947137 1.08720754135 0.637549517891 0.396705258389 0.123406658043 0.183097894440 0.177340928969 -0.286276586880 -0.559839894738 -0.845667951301 -1.19787054704 -1.28598214646 -1.32965385503 -1.41033707753 -1.40024035328 -1.48490608081 -1.48714375828 -1.51304749616 -1.41675132026 -2.00357499550 -2.29782585179 -2.69230569984 -2.36138982194 -0.878161329065 0.552282605482 -0.669181838217 -2.08226154708 -1.07196511272 0.492823343462 -0.223263850277 -1.26215923176 -0.380776757343 1.26965461057 -0.518208530179 -2.25721433742 -1.17271326435 1.40923246759 -0.978438893842 -1.69702401935 -1.38561724332 0.0868792847963 -0.0491748707364 0.976546092570 1.00189312447 -0.409307466452 0.365353694249 0.738497975006 0.262767294309 1.54858268757 -0.465381333011 0.263328492666 0.416054419190 0.797476111103 1.09892838206 0.673405387979 0.616367402978 -0.316113076843 -0.779753245802 0.189010121131 -1.91071106719 1.31805153459 -1.13157768132 0.710421390685 0.553220422651 0.451803164364
# mat_params[1]:
 7.25966196173 10.0848350488
# mat_params[2]:
 7.26917973543 10.4838413893
# mat_params[3]:
 5.07574713659 7.68154424016
# mat_params[4]:
 4.89248111093 7.25144761470
# log_m_devs:
 0.0566535069126 -0.0566535069126
# log_slx_pars[1]:
 1.42546935955 -0.350878569064
# log_slx_pars[2]:
 1.61570551024 -0.377151752096
# log_ft_pars:
 -1.20336974666 -1.27926052989 -1.69980960458 -1.54386922184 -1.21550205267 -1.06672913134 -1.12755375692 -1.50383832602 -1.07376976893 -1.82918949950 -1.96111008896 -1.44526737118 -4.32617674416 -1.38708428656 -3.27997783018 -2.40307901559 -2.07553336931 -1.60788520203 -1.44637648117 -2.35560531880 -2.47211676536 -2.53416878683 -2.77144483856 -2.22022181931 -2.52934727229 -3.18244578762 -2.62249505401 -1.97720700417 -1.97229199045 -1.41214424146 -0.870847020483 -0.828280454342 -1.15446719903 -1.51806747471 -1.43160272339 -0.632025041594 -1.09969379372 -1.44833890108 -4.16578526639 -4.17595457885 -3.35130934040 -2.85847103354 -3.12719404042 -3.30897558880 -3.08859589229 -2.97635469474 -1.83285679995 -2.24930986250 -8.85540534743 -4.12177680401 -2.39064494705 -2.11780585774 -2.51739312428 -2.02236151736 -2.07269706236 -2.17211783870 -1.89354452292 -2.11219857792 -2.71527945166 -2.01394417807 -1.55860323632 -2.52349593810 -3.43984679971 -2.71255463192 -1.92072784067 -2.46119662853 -2.94609685574 -1.81900609844 -2.06465902137 -2.84699712309 -2.61456319711 -3.30605353557 -2.36537149666 -2.55094759767 -3.16375758001 -2.80315723865 -2.67007243839 -2.64496923111 -2.49508259457 -2.41021052982 -2.50673213083 -2.26369348246 -2.05452844506 -2.04687608514 -2.80192371024 -1.43564411251 -1.63492820534 -1.49307859144 -1.38419977989 -2.98670272331
