# Number of parameters = 206 Objective function value = -3653.64774514054  Maximum gradient component = 0.000611250033892597
# theta[1]:
0.187199444845
# theta[2]:
10.2207697829
# theta[3]:
9.46713682775
# theta[4]:
10.0937684614
# theta[5]:
0.670122696720
# theta[6]:
4.00000000000
# log_rinit_devs:
 -0.216135130700 -0.138118329374 0.0642352486800 0.0485471971910 0.241471014203
# log_rbar_devs:
 0.925496679197 0.723456927214 0.467257754945 0.502642697245 0.329396343288 0.731286547576 0.320697565891 0.240747469337 0.253864470833 0.334743873029 0.217427683406 0.114853210432 0.143982351010 0.133637805215 0.247095627181 -0.0559723175206 -0.188614079391 -0.356250069107 -0.0624210312650 -0.297470967718 -0.276380863540 -0.168443882252 -0.230096292673 -0.471871044125 -0.335103281502 -0.268227296987 -0.370032941893 0.0874639428101 -0.399148058809 -0.565665045473 -0.667325193433 -0.336462745201 -0.147961513933 -0.521550588816 -0.595131591116 -0.620890876302 -0.787042850334 -0.767852383891 -0.777177938656 -0.877032841451 -0.838917409524 -0.914570315313 -0.878468346026 -0.842404168656 -0.662479388911 -1.20388189141 -1.35276672436 -1.66477889260 -1.35920548614 0.0196300771729 1.62038199318 0.349689606615 -1.04979116593 -0.0564731690257 1.51845416345 0.790159845706 -0.270602761120 0.573929919410 2.32137385616 0.501098548607 -1.28874757614 -0.233793633996 2.36197132646 -0.0892313743128 -0.866054823092 -0.618400799311 0.809566247180 0.713553149659 1.72232435406 1.74486363356 0.287824582722 1.04764526886 1.34232005914 0.765498017775 2.00263758177 -0.324230078169 0.168250059637 0.152585813025 0.416175804654 0.671316294447 0.291351863498 0.236511845624 -0.776005619124 -1.20486121917 -0.215918810620 -2.19250960954 1.09646790620 -1.30423908682 0.427443304303 0.119436319286 0.505945653915
# mat_params[1]:
 8.37198781808 10.4911892820
# mat_params[2]:
 9.26004459922 11.8831700867
# mat_params[3]:
 9.93576350582 13.4697846302
# mat_params[4]:
 7.02325768445 9.48332395361
# log_m_devs:
 0.0805665435425 -0.0844278838470 0.00386134030453
# log_slx_pars[1]:
 1.76627545514 -0.197267930860
# log_slx_pars[2]:
 1.88555555879 -0.316814898728
# log_ft_pars:
 -1.50733693438 -1.59687478113 -2.00343423790 -1.83858424106 -1.50832033784 -1.43694622572 -1.53129946884 -1.93670437316 -1.55054491843 -2.32662909604 -2.41536390426 -1.70170721179 -4.68032168012 -0.672530082346 -3.43661393704 -2.43342510552 -1.98718982621 -1.58104809879 -1.50236466555 -2.45868423345 -2.59566608625 -2.67611802212 -2.91169787425 -2.36036553166 -2.68939347635 -3.33362202169 -2.74938535610 -2.12445075930 -2.12920221189 -1.62843796965 -1.22322200411 -1.37194497406 -1.88974138810 -2.38774798104 -2.45912330441 -1.91679799511 -2.66036214024 -3.15740196452 -5.90967373192 -5.89578483628 -5.07077252662 -4.59209025500 -4.87612259706 -5.08647627913 -4.91165919713 -4.83727039322 -3.82241717095 -4.36367474775 -11.0064885009 -6.19708510270 -4.56206484338 -4.17586531174 -4.62754816047 -4.27159415071 -4.33023999136 -4.28143967073 -4.02348464949 -4.32594096883 -4.93008053562 -4.09615647619 -3.74530256601 -4.81825698673 -5.63768448625 -4.65921514917 -3.91669066255 -4.59052855258 -4.97575050651 -3.67651078025 -3.92778174865 -4.66809449801 -4.38683870994 -5.11740121880 -4.15169802820 -4.23801151307 -4.80015404563 -4.29305948458 -4.10900877641 -4.00899713300 -3.60115061656 -2.57890987658 -2.40417420459 -2.14019108801 -1.99556972326 -2.10008138641 -2.90303978144 -1.47024225453 -2.08848695739 -1.80647985404 -1.63595466544 -3.26146935136
