# Number of parameters = 203 Objective function value = -3655.18607684630  Maximum gradient component = 2867.56875768058
# theta[1]:
-0.551784616524
# theta[2]:
6.58735176059
# theta[3]:
6.08670538852
# theta[4]:
6.60472165285
# theta[5]:
0.570547035594
# theta[6]:
4.00000000000
# log_rinit_devs:
 0.277562205748 0.155842070145 0.122561383226 -0.00915673714780 -0.546808921971
# log_rbar_devs:
 1.18092769263 0.994322203602 0.785301724821 0.835389144844 0.738127370938 0.927458951585 0.567048375341 0.422903035768 0.372950351570 0.291095180815 0.236382251542 0.213563657952 0.289570591254 0.468713245806 0.589072275007 0.641101247515 0.813169895156 0.689683947055 0.785077517276 0.517131539617 0.508561991450 0.560750389565 0.509936109596 0.367410212846 0.414607420583 0.448788611208 0.418544257695 0.744161281322 0.428090301799 0.327495524042 0.162728761845 0.0977756318256 -0.0437199029868 -0.457087319140 -0.620311656858 -0.784011619545 -1.30095512034 -1.54015995422 -1.72729492493 -1.76239639380 -1.72113782507 -1.76150156018 -1.76145038048 -1.77540682320 -1.66212366140 -2.06018931274 -2.19486853961 -2.50724837276 -1.99769443316 -0.518271776777 0.927729911635 -0.335079781326 -1.81664106284 -0.773855886021 0.846709674243 0.0921049896985 -0.958902167050 -0.0768687877032 1.63432460046 -0.252658478330 -2.07498568579 -0.853698618762 1.85288735895 -0.651216531191 -1.34880365339 -1.02729700490 0.489375179529 0.329331584789 1.39879277538 1.42946720803 -0.0298355826305 0.749697679054 1.13715814057 0.629256839979 1.95940764043 -0.188077805906 0.500965422299 0.575620058093 0.851639423542 1.00915492034 0.584039258656 0.527039905312 -0.289966802792 -0.670467059247 0.334704381109 -1.59062660342 1.62095800626 -0.608622984240 1.27025669093 1.13524439446 0.509727335158
# mat_params[1]:
 6.50070953885 9.96146370985
# mat_params[2]:
 4.91858908405 7.44905141120
# log_m_devs:
 -0.0979081480118 0.0543351932372 0.144581530540 -0.101008575765
# log_slx_pars[1]:
 0.995159706101 -1.69965722304
# log_slx_pars[2]:
 1.62356762039 -0.203071828000
# log_ft_pars:
 -1.38102654251 -1.40689184997 -1.77278480805 -1.64142324191 -1.33583469896 -1.24549599632 -1.22499917744 -1.56298210529 -1.12658615833 -1.87373091743 -1.98868631368 -2.08383858034 -4.43229668901 -1.73101681656 -3.44881998175 -2.57428737732 -2.30968627574 -1.81737796814 -1.67542678748 -2.54323279820 -2.64611578307 -2.72255835073 -2.94935685057 -2.36745202359 -2.69386512612 -3.36916967255 -2.80196798055 -2.20871630880 -2.12269180683 -1.52705273681 -0.996859862689 -1.00870450872 -1.34120855733 -1.61691084862 -1.50998962724 -0.735584417398 -1.18533269442 -1.50997750969 -4.22049485524 -4.24970112072 -3.46017406440 -2.99066278859 -3.30567402841 -3.50725788702 -3.30020446124 -3.13470456665 -2.06517062395 -2.53363351044 -8.37547287156 -3.50031207017 -1.57234314609 -1.33453947070 -1.92374437046 -1.57311291869 -1.45869043941 -1.46239974986 -1.24992871589 -1.56231158327 -2.03764616591 -1.28295647886 -0.967334160745 -2.09837438729 -2.88082329282 -2.06589410801 -1.43623048867 -2.16510740233 -2.61272866550 -1.34388694681 -1.43973525146 -2.18767886119 -2.03822464467 -2.85672024809 -1.92631298517 -2.07343310201 -2.60512680509 -2.24253522682 -2.19055379026 -2.20245758593 -1.93673229046 -1.66564037404 -1.76223236106 -1.59921978206 -1.47636523716 -1.58688138749 -2.45458637796 -1.12002080932 -1.74773969992 -1.65383950732 -1.59681747883 -3.32906442662
