# Number of parameters = 203 Objective function value = -3574.36093895525  Maximum gradient component = 5.94002218682096e-005
# theta[1]:
-0.0866388986203
# theta[2]:
9.14175218418
# theta[3]:
8.09096781850
# theta[4]:
8.38623458669
# theta[5]:
0.693697833134
# theta[6]:
4.00000000000
# log_rinit_devs:
 -0.170265111865 -0.0878432028766 0.0762630137957 0.0815879305888 0.100257370357
# log_rbar_devs:
 1.14968212415 0.968983130373 0.751272464018 0.729852578033 0.560546624578 0.830155397785 0.456958355376 0.361517134128 0.318820127643 0.383712540746 0.325600555348 0.306122871915 0.391479394497 0.463793091355 0.646894433176 0.537156197159 0.608708286057 0.430096365977 0.619676053950 0.410776585433 0.402919256825 0.460833528312 0.381060699692 0.165565781567 0.243693526246 0.267231956630 0.150372463859 0.468858785639 0.0172663768922 -0.212382213238 -0.417305607927 -0.290180668263 -0.248727310217 -0.644437703505 -0.825312924173 -0.966418083921 -1.18224038534 -1.22582084949 -1.27808657775 -1.38590299087 -1.39711491819 -1.48071655762 -1.48027263259 -1.49501771689 -1.38104167031 -1.80329758262 -1.86073051549 -2.00019422708 -1.44548823047 -0.0110356758585 1.58826728764 0.251485469398 -1.17491964974 -0.165595464792 1.45108218843 0.704246367097 -0.353615976955 0.497757920771 2.23121714713 0.406054870413 -1.36823190882 -0.322550319440 2.29493131488 -0.195640155188 -0.950370857557 -0.691222669191 0.765903718375 0.659985994986 1.71170106043 1.73836871644 0.273078133471 1.04211599534 1.37209139224 0.828535414893 2.24173115005 -0.105596219096 0.429550548852 0.267459501861 0.287669048578 0.202837360065 -0.202373817912 -0.260747496138 -1.12408776038 -1.52715557798 -0.521867649291 -2.43296884212 0.814826258525 -1.60172459109 0.133244950238 -0.162075169059 0.188720669131
# mat_params[1]:
 7.69401344058 10.6701642770
# mat_params[2]:
 5.79545514273 8.39181157518
# log_m_devs:
 0.00962050949087 0.150190735792 -0.193404393890 0.0335931486072
# log_slx_pars[1]:
 1.60144748607 -0.248057197971
# log_slx_pars[2]:
 1.69952796309 -0.309370668578
# log_ft_pars:
 -1.77816111721 -1.82613013752 -2.23103527828 -2.05919829332 -1.72922348152 -1.57692098152 -1.64116460118 -2.03054690456 -1.62003819481 -2.35546749691 -2.44315182403 -6.05796771337 -4.81352879134 -5.75421471490 -3.73604108065 -2.79560642298 -2.45287260455 -2.00613907120 -1.88271070719 -2.80893133323 -2.91998025781 -2.96770177629 -3.17923463850 -2.61479302378 -2.91424076460 -3.53115989828 -2.92909707030 -2.24189307171 -2.20286139856 -1.64798708067 -1.15789428836 -1.18826488112 -1.57050361935 -1.97407372708 -1.94717956398 -1.27688799544 -1.91839344253 -2.35485982103 -5.07355224617 -5.03943204937 -4.18344840643 -3.67325399450 -3.92742812027 -4.10489882818 -3.88946745995 -3.79875083920 -2.77216778989 -3.34246623913 -10.1194910510 -5.48769742002 -4.01762133013 -3.61572880955 -3.94808139223 -3.42367602727 -3.57401825731 -3.59701918153 -3.29736228336 -3.51154985148 -4.22202261439 -3.42508180196 -2.97112821931 -3.88456261416 -4.87469606010 -4.00457607389 -3.18334383076 -3.66216125521 -4.07542487048 -2.92531004900 -3.31715289608 -4.08786543747 -3.76309147516 -4.40750315610 -3.43905026735 -3.56012113694 -4.28828875774 -3.81817970087 -3.60339417870 -3.40384658077 -2.95562667149 -2.16946732656 -2.23492021922 -2.05404581064 -1.91891179787 -2.01696900414 -2.83581724939 -1.45606742296 -2.10726297977 -1.83298489813 -1.62509911913 -3.16195187956
