# Number of parameters = 203 Objective function value = -3553.79023967010  Maximum gradient component = 0.000252293121494006
# theta[1]:
-0.0427038284417
# theta[2]:
9.02893414764
# theta[3]:
8.56416922085
# theta[4]:
8.84848786488
# theta[5]:
0.749619426666
# theta[6]:
4.00000000000
# log_rinit_devs:
 -0.112799539677 -0.0607528802921 0.0920600526653 0.0443390544159 0.0371533128879
# log_rbar_devs:
 0.719430076801 0.549049623124 0.339380548999 0.395427368511 0.257111084203 0.635998903057 0.276281901696 0.239634226889 0.263566157351 0.393909544531 0.358933886816 0.347354142470 0.456998148508 0.571678531271 0.850186847367 0.817995150213 1.02126162511 0.802550225008 1.01833039674 0.748208144917 0.720747448028 0.777393848126 0.673590595654 0.403344727876 0.488340300673 0.512309207451 0.377222169120 0.785062950775 0.277636958875 0.0684032447962 -0.105010174616 0.110663403687 0.195969359333 -0.245738251103 -0.418777000857 -0.554472015028 -0.810718606290 -0.889230230572 -0.988473383962 -1.15749496795 -1.20676677202 -1.34373978907 -1.37892794217 -1.42708878829 -1.32277493661 -1.86373200829 -1.98891814101 -2.20999006260 -1.72880195838 -0.252208290564 1.35755848513 -0.00899864269882 -1.38486202534 -0.385229904989 1.20617998493 0.478890781722 -0.565736908873 0.275186520922 1.96622000730 0.196117221872 -1.50129332448 -0.531778993847 2.01599475168 -0.389938283419 -1.14308134031 -0.882870880792 0.542248833793 0.450660751370 1.47964909654 1.50292902434 0.0771198171052 0.842997581448 1.16595409142 0.652212098605 2.00319539268 -0.250499773217 0.284212374252 0.174050974449 0.257662427818 0.243103327504 -0.157939627373 -0.220015057441 -1.11504395388 -1.53165485401 -0.542409744650 -2.45809823805 0.766138793789 -1.59558483431 0.121295260251 -0.160326541298 0.204677901480
# mat_params[1]:
 7.87059729491 10.7407290969
# mat_params[2]:
 6.23241450610 8.88277233422
# log_m_devs:
 -0.0358053286515 0.106677903063 -0.119086717388 0.0482141429765
# log_slx_pars[1]:
 1.65573486192 -0.225102698761
# log_slx_pars[2]:
 1.77377382148 -0.269413307269
# log_ft_pars:
 -1.53728136806 -1.61750993181 -2.06297731234 -1.93598344895 -1.64496956844 -1.54690543756 -1.66901972195 -2.12319562519 -1.77351707353 -2.57242330981 -2.70909225334 -2.76936371962 -5.12852326796 -1.97911153826 -4.08925584694 -3.22420157516 -2.97847911905 -2.49841714947 -2.36396759041 -3.26453860930 -3.34145519487 -3.36245734111 -3.54678243738 -2.95625965216 -3.23338768073 -3.82888463562 -3.21184038634 -2.55556131678 -2.52415102855 -1.98751188916 -1.53519422707 -1.61623532511 -2.04415225059 -2.45871713524 -2.43462941044 -1.78856205880 -2.42370558086 -2.82582200638 -5.48833369609 -5.39557319808 -4.48775702843 -3.92827335687 -4.13688523095 -4.27064721219 -4.01663917728 -3.88104110214 -2.80865585229 -3.31035956568 -10.0125196601 -5.44113405018 -3.99348376367 -3.60849035955 -3.99679709989 -3.52533107163 -3.61767454664 -3.61989170871 -3.34752470019 -3.59572159548 -4.23541381759 -3.42897897358 -3.02202959147 -3.99925673379 -4.89429167279 -3.99120971952 -3.21281258657 -3.76709307038 -4.17226181424 -2.98401096615 -3.34052684953 -4.10408794690 -3.80391452547 -4.48750811911 -3.52334238391 -3.64631902379 -4.33613611880 -3.86954500796 -3.69165115328 -3.54817066607 -3.13638991948 -2.28099115518 -2.29313113140 -2.09098135148 -1.95186443263 -2.05013373202 -2.86415095333 -1.46341110899 -2.09244919171 -1.80920334127 -1.61466962920 -3.19928009248
