# Number of parameters = 95 Objective function value = -329.312603175737  Maximum gradient component = 9.36568756895936e-005
# theta[1]:
-0.561091193872
# theta[2]:
3.29974475823
# theta[3]:
5.88403501591
# theta[4]:
6.25386639564
# theta[5]:
0.830454022414
# theta[6]:
4.00000000000
# log_rinit_devs:
 3.17836827058 1.83753971711 0.0412088022665 -2.37272502924 -2.68439176071
# log_rbar_devs:
 -0.748195436370 -2.06138261778 -1.04286484079 0.537054998722 -0.232602169786 -1.40467466044 -0.453520582028 1.30459754531 -0.610459126968 -2.17997574333 -1.25173786550 1.47840721427 -0.889313112181 -1.67686897894 -1.27373014785 0.173341179104 0.0421310306818 0.963984301086 0.989162167367 -0.393487350446 0.491967945153 0.813257398966 0.408807225033 1.68612729089 -0.248820109837 0.390441996654 0.587095382971 0.957377824446 1.19643441474 0.864049399464 0.813847493466 -0.132200278290 -0.566623830610 0.377542083002 -1.59513158014 1.53795129355 -0.860195840517 0.883519056342 0.752497250507 0.372189780082
# mat_params[1]:
 4.35457615126 6.53472560370
# log_m_devs:
 -0.0447113741268 0.0447113741268
# log_slx_pars[1]:
 1.56178759127 -0.218286809470
# log_ft_pars:
 -1.18765000484 -1.77591097860 -1.41783368990 -1.30391227438 -1.33184999355 -1.09932535504 -1.37474916051 -1.84353845679 -1.11129038624 -0.781316473601 -1.87376386217 -2.66941609169 -1.89505667465 -1.25273331079 -1.97782135253 -2.46431608758 -1.22416548808 -1.25797516192 -1.96648315354 -1.80904105187 -2.63908420008 -1.72902158809 -1.92504636923 -2.48749250844 -2.16830214850 -2.14697029040 -2.20672293803 -2.02814996944 -1.86359592132 -1.93194731869 -1.73633212612 -1.58932282946 -1.66607136162 -2.47976059285 -1.10643207489 -1.69458400380 -1.49884872313 -1.27676509530 -2.85856148975
