# Number of parameters = 201 Objective function value = -3535.84511090196  Maximum gradient component = 9.20882163888740e-005
# theta[1]:
0.0145750118974
# theta[2]:
10.1871908579
# theta[3]:
8.93869330642
# theta[4]:
9.22517339142
# theta[5]:
0.708950829650
# theta[6]:
4.00000000000
# log_rinit_devs:
 -0.299603676891 -0.180666265573 0.0636630823436 0.106161569585 0.310445290537
# log_rbar_devs:
 1.30095138199 1.07234643517 0.788912706729 0.781264133333 0.593813778158 1.00888768691 0.549403543384 0.455909069614 0.432269288191 0.520608100649 0.428081107701 0.371989347383 0.454245130096 0.525009805302 0.762262115956 0.619212341926 0.743965871728 0.532157318367 0.817240717541 0.539293092964 0.528889692086 0.611497717151 0.508195650158 0.212289134751 0.317654749428 0.351553937960 0.207255150573 0.674723481999 0.122179798059 -0.0871169259953 -0.247242364629 0.0340631883232 0.160041911289 -0.307140727916 -0.466858648710 -0.583515511282 -0.843685047215 -0.910524474113 -1.00417975687 -1.17947835664 -1.21617460665 -1.35443464791 -1.37674325451 -1.41301741982 -1.27682935897 -1.85074713904 -1.96430014652 -2.17633456739 -1.68664607638 -0.217577784502 1.39464488974 0.00881067413424 -1.34113138401 -0.359502854286 1.21505695885 0.489965593384 -0.558716940100 0.275184577970 1.96332486376 0.203402197425 -1.46245122168 -0.532719231069 2.00023701949 -0.380281258918 -1.13944828987 -0.879432051080 0.530803366627 0.446571009690 1.46318679767 1.48666649792 0.0722066045063 0.843628947641 1.15685123015 0.652044242654 1.98616670837 -0.247656515239 0.273602511976 0.175415389958 0.273690819113 0.279784341672 -0.119501268060 -0.191199475407 -1.15393497194 -1.60560541554 -0.654007533881 -2.60387390508 0.558768366525 -1.64794959368 0.119161420759 -0.0533980248877 0.198014334920
# mat_params[1]:
 8.11187774176 10.8923664176
# mat_params[2]:
 6.50220799854 9.16879603866
# log_m_devs:
 0.0838411611450 -0.0838411611450
# log_slx_pars[1]:
 1.70338189874 -0.215975914299
# log_slx_pars[2]:
 1.81577776358 -0.254528109872
# log_ft_pars:
 -2.08579860787 -2.12707712884 -2.51700642022 -2.32992797226 -1.98224149746 -1.85656236420 -1.93477092460 -2.33283720485 -1.93064099667 -2.66577649307 -2.74035067640 -6.73931219117 -5.06162607876 -6.57676910577 -3.96898822726 -3.03273848425 -2.71209525872 -2.28090328269 -2.19542640037 -3.12764923864 -3.23235750058 -3.27740774691 -3.47701600623 -2.89414322684 -3.17883631672 -3.77768406780 -3.15931661260 -2.51578219414 -2.49152811763 -1.96221819890 -1.51740800467 -1.61194542248 -2.06606046507 -2.50146918696 -2.49906301188 -1.87104759720 -2.51914128805 -2.92694663676 -5.59238331361 -5.49869465566 -4.59289206931 -4.03602142271 -4.24730084346 -4.38833100935 -4.14847520601 -4.02054924354 -2.95909593742 -3.47038640810 -10.1715289907 -5.58590905139 -4.12821058111 -3.73416336045 -4.14296834799 -3.70360334120 -3.76843993040 -3.74366369876 -3.47412818100 -3.73987669635 -4.35666253705 -3.53259775300 -3.14320098992 -4.15437056817 -5.01666640545 -4.08080066984 -3.31596298888 -3.91252004460 -4.31337394417 -3.09618002747 -3.43506518913 -4.19298902143 -3.89760822780 -4.60144831178 -3.64278756387 -3.76023750377 -4.43915987047 -3.96677881954 -3.80066837673 -3.68147423295 -3.27125214996 -2.39480162207 -2.36523327171 -2.13863485146 -1.98323653724 -2.06661225298 -2.85820741745 -1.42217593347 -1.99657566832 -1.80725948925 -1.71767575043 -3.42647254500
