# Number of parameters = 198 Objective function value = -3504.48695302588  Maximum gradient component = 9.16679519196768e-005
# theta[1]:
0.123330985927
# theta[2]:
10.5382880953
# theta[3]:
9.32635058652
# theta[4]:
9.66120541178
# theta[5]:
0.560197056689
# theta[6]:
4.00000000000
# log_rinit_devs:
 -0.282747442102 -0.169521282188 0.0626344548501 0.103924062739 0.285710206701
# log_rbar_devs:
 1.25583447784 1.03902335996 0.771334565891 0.767704730702 0.593802465762 0.980658490904 0.557312802082 0.471342099333 0.452014577155 0.533734456482 0.444191862719 0.386009968196 0.454944648775 0.513354840909 0.726502996189 0.587076324040 0.698538713306 0.499380596348 0.761037628570 0.497845110900 0.480122977769 0.548409057477 0.444363047845 0.160604788023 0.249818171530 0.269303701920 0.122777059430 0.540541252121 0.0195297167627 -0.181932760627 -0.331030558194 -0.0710517400919 0.0422810008382 -0.395543018913 -0.545943775271 -0.654142732640 -0.896630981167 -0.962355206536 -1.05345941504 -1.22221053886 -1.26014362788 -1.39288026098 -1.41733150925 -1.45577329004 -1.33894030275 -1.88536051415 -1.99443828389 -2.20524714978 -1.73217293123 -0.275714770981 1.35219339994 -0.0292805854572 -1.38433786472 -0.398727144989 1.17487179556 0.455716188370 -0.578314913770 0.246548993097 1.92466609055 0.185143112996 -1.48525588041 -0.544450902416 1.96652281191 -0.392252521925 -1.14587897324 -0.893285006315 0.511444380304 0.430418500257 1.44475279420 1.47077528519 0.0703561094563 0.833927717955 1.14856280496 0.660444230214 1.95868223010 -0.208271556094 0.339685608970 0.305047407497 0.506084311308 0.670291898834 0.260626472172 0.186633374034 -0.868443272763 -1.35981897054 -0.402662108112 -2.46199447143 0.776113404314 -1.62508267536 0.112730848619 -0.126920437571 0.315645392789
# mat_params[1]:
 8.40816590528 11.1835336354
# mat_params[2]:
 6.66650333210 9.07322269960
# log_m_devs:
 0.00000000000
# log_slx_pars[1]:
 1.74978536664 -0.220094082534
# log_ft_pars:
 -2.18337409833 -2.22247540857 -2.61612331407 -2.43898819108 -2.10366256033 -1.97442623533 -2.05424915975 -2.46090528338 -2.07229962033 -2.81448561665 -2.88607874698 -6.43775382319 -5.20041917185 -6.19163804887 -4.07998849690 -3.13122095484 -2.80179230648 -2.37070368547 -2.27968012726 -3.21228085586 -3.31447841656 -3.35654734910 -3.55033007759 -2.96597107722 -3.25138997160 -3.84452522242 -3.21577069576 -2.54697068220 -2.51217546915 -1.98292196730 -1.55368259317 -1.65327636209 -2.09424004991 -2.52510651456 -2.53121718666 -1.91979845260 -2.58399976833 -2.99986880671 -5.67023829354 -5.57910963927 -4.67558024856 -4.12194612028 -4.33106551793 -4.47353658018 -4.23401263743 -4.10378142435 -3.04557933209 -3.57005698253 -10.2656005915 -5.63600925709 -4.15458948751 -3.76781746223 -4.21082149184 -3.81647344082 -3.85518537703 -3.80878982225 -3.55036661137 -3.84391343782 -4.43076931715 -3.59664519665 -3.23227073693 -4.28931446672 -5.11211524811 -4.14767508556 -3.40292655803 -4.05429773091 -4.45387004277 -3.20003816888 -3.50960280723 -4.26619358646 -3.98667133621 -4.71639821374 -3.76411841178 -3.87855092515 -4.53098863808 -4.06187931789 -3.91891970119 -3.84815926817 -3.48692750748 -3.17784785875 -3.11700659285 -2.81679068797 -2.56315102023 -2.53728996093 -3.25283510613 -1.77698751630 -2.68114760602 -2.47853649299 -2.32942721951 -3.88621234535
