# Number of parameters = 204 Objective function value = -3582.52515882799  Maximum gradient component = 0.000248588590179764
# theta[1]:
0.168150129381
# theta[2]:
9.18248533656
# theta[3]:
9.90313929873
# theta[4]:
10.2653765710
# theta[5]:
0.667746377766
# theta[6]:
4.00000000000
# log_rinit_devs:
 -0.00383763860806 -0.0137922544882 0.0973638457447 -0.0287024821384 -0.0510314705100
# log_rbar_devs:
 -0.248889768408 -0.350068036462 -0.487694184906 -0.321316783115 -0.362379551221 0.159404637609 -0.0823416857957 0.000887582718994 0.158837982549 0.365490135636 0.367080838774 0.386295915333 0.537821944273 0.651035136143 0.890556763249 0.741674839043 0.756408734242 0.576331967427 0.824107835095 0.553907223434 0.518793215550 0.569341786545 0.453099581325 0.163280604633 0.236180696189 0.242278846438 0.0913854966789 0.498850079392 0.00771430941525 -0.164212987954 -0.284013378227 -0.0122611631231 0.114638780622 -0.298312626336 -0.430191441222 -0.526038372405 -0.764089428991 -0.836050542674 -0.932413982914 -1.10420205574 -1.14627150975 -1.28032681788 -1.30831939549 -1.34648182205 -1.22794005958 -1.73993455219 -1.82464394129 -2.01937311219 -1.51147055656 -0.0848939212632 1.55159281673 0.211233286855 -1.17522753247 -0.183880630195 1.40786264171 0.669904423642 -0.384622055226 0.453593461261 2.19547263439 0.393111240133 -1.36577189540 -0.348822302961 2.23275099706 -0.206457180219 -0.976618277364 -0.730586860614 0.692184726289 0.603332771077 1.62729365119 1.65613487993 0.205933056954 0.967739458002 1.26611200664 0.717120127062 1.97535568797 -0.319437856869 0.194627520789 0.176791176382 0.423261626017 0.650753422340 0.256070439414 0.198353700676 -0.805107287521 -1.25143879411 -0.280118557574 -2.26744822074 1.00588592169 -1.35960241045 0.367377219088 0.0736224163111 0.310395297554
# mat_params[1]:
 8.24693908646 10.4380061546
# mat_params[2]:
 9.35407430008 12.3246356935
# mat_params[3]:
 7.16610228768 9.53021955164
# log_m_devs:
 -0.0579004672405 0.00504466808331 0.0528557991572
# log_slx_pars[1]:
 1.75773746549 -0.210117961672
# log_slx_pars[2]:
 1.91217516622 -0.339599087296
# log_ft_pars:
 -0.939688196286 -1.10651404669 -1.62081076522 -1.57694529943 -1.37230977828 -1.41747413864 -1.65651980872 -2.22052451740 -1.99503405439 -2.92048157881 -3.14660140807 -1.24578525398 -5.64327129907 -0.616962618654 -4.64051807211 -3.78470990586 -3.49120720222 -3.06756860213 -2.96429233419 -3.88664415762 -3.97302741968 -4.00059247464 -4.17963970671 -3.58354562840 -3.85877429165 -4.43838771419 -3.79554570128 -3.11173274300 -3.07533663531 -2.55486621584 -2.15449044582 -2.28954750048 -2.74733170585 -3.18897787569 -3.20842354309 -2.62101041498 -3.31044432431 -3.73134593801 -6.39714292165 -6.29831991461 -5.38852261847 -4.83112488228 -5.03438649646 -5.17399295574 -4.93521467092 -4.80681323722 -3.76076701116 -4.30588810344 -11.0220072910 -6.36010125965 -4.88742642948 -4.45861774452 -4.85310309436 -4.44146276680 -4.54440384898 -4.49704786858 -4.21432221807 -4.49457599006 -5.15968069088 -4.31019950513 -3.91356464277 -4.93875783489 -5.83451202011 -4.86069857348 -4.08347279996 -4.69918650055 -5.09318017870 -3.84178395773 -4.17950590249 -4.93208776007 -4.61744099342 -5.31991614999 -4.35735399158 -4.44566632772 -5.07605276672 -4.55534369247 -4.35638603302 -4.23674457428 -3.84198984627 -2.58604600240 -2.40837825466 -2.14244567486 -1.99059686826 -2.08957351894 -2.88461201564 -1.44476025980 -2.05574592716 -1.79587243725 -1.64911777783 -3.30285758441
