# Number of parameters = 204 Objective function value = -3671.59524956866  Maximum gradient component = 1381.20107958530
# theta[1]:
-0.664299461139
# theta[2]:
7.56402870670
# theta[3]:
6.26609897473
# theta[4]:
6.64550614991
# theta[5]:
1.04756213091
# theta[6]:
4.00000000000
# log_rinit_devs:
 0.0528644398199 0.0387472008552 0.105710881967 0.0124001896675 -0.209722712309
# log_rbar_devs:
 1.66989225860 1.45591257710 1.23394901669 1.23801503539 1.05179648870 1.30481903819 0.846216096248 0.701305124133 0.576392267082 0.572901330222 0.466112341393 0.422122755969 0.531522852257 0.639993698046 0.881031064435 0.816257300804 0.922278666226 0.714369064076 0.863415167391 0.611452911355 0.625424061769 0.721098994969 0.672393697309 0.470089720388 0.583858476299 0.668992579407 0.616097666077 1.04224143321 0.627088855746 0.439129353248 0.181299865822 0.215920473459 0.191885753246 -0.251564774861 -0.466188620662 -0.747520304208 -1.15442923317 -1.28482667343 -1.33777621421 -1.39246373054 -1.35354087394 -1.41726053820 -1.39878359792 -1.40888716651 -1.26840438290 -1.79109963040 -2.00375340457 -2.31701837249 -1.89312121481 -0.435959477073 1.01492877385 -0.234197286032 -1.67337497669 -0.657159708953 0.926666433580 0.194166758681 -0.862549254472 0.00908065949881 1.69311071444 -0.153593436747 -1.91705708366 -0.798501172946 1.84708722493 -0.614560049208 -1.33776211427 -1.03281169866 0.447854352551 0.297970230213 1.32795764463 1.35621637236 -0.0801947778364 0.701061576463 1.07174206768 0.565380951394 1.96810071057 -0.210483103460 0.445299590410 0.357394475608 0.296744389343 0.137192928462 -0.245295381925 -0.276225964813 -1.17172866226 -1.55511342983 -0.581229320254 -2.47167169831 0.693193329767 -1.82962622542 -0.140188380466 -0.127283472401 -0.0332197611683
# mat_params[1]:
 7.07833928954 10.2664822896
# mat_params[2]:
 5.27778995804 8.06969439185
# mat_params[3]:
 3.61774131521 5.34827964005
# log_m_devs:
 0.315354020175 -0.330866497705 0.0155124775305
# log_slx_pars[1]:
 1.22484738203 -0.554901419712
# log_slx_pars[2]:
 1.60923999590 -0.156845578236
# log_ft_pars:
 -1.49026114915 -1.55295930407 -1.92874147508 -1.74616253415 -1.39963948747 -1.25075637643 -1.27314325872 -1.58222213589 -1.09520325798 -1.78732884364 -1.86177929173 -2.75593786560 -4.22557492317 -2.20212091604 -3.23512761091 -2.33640123054 -2.00433365913 -1.52960059956 -1.36391101337 -2.26885237105 -2.38027070285 -2.45885226888 -2.71184702595 -2.15478058337 -2.46815643151 -3.15104301984 -2.61126363013 -2.00931741639 -2.01682954730 -1.43192204650 -0.875839535120 -0.853462815018 -1.21030567947 -1.57234344866 -1.47388693158 -0.678054308990 -1.14523811791 -1.49199902378 -4.22388604923 -4.25781284579 -3.45855230088 -2.99040909621 -3.29417998258 -3.49783848582 -3.29210522448 -3.19378867240 -2.07033742989 -2.53053713180 -8.62270317583 -3.80081785761 -1.96129002477 -1.67036734590 -2.18682251165 -1.81174894030 -1.77276185843 -1.77925150735 -1.53594902600 -1.82874062247 -2.35327667490 -1.57542994928 -1.21604458842 -2.30725174099 -3.13103013940 -2.28617567776 -1.58721031763 -2.26771208915 -2.72050822972 -1.46931031173 -1.60580727635 -2.34875278361 -2.14579004467 -2.92512180676 -1.99412683276 -2.14033255941 -2.73910743591 -2.36921188596 -2.29389602431 -2.27450894950 -1.94691313614 -1.53989709595 -1.61623154871 -1.43943591800 -1.31606031330 -1.43053664840 -2.32398732235 -1.00608988317 -1.52156659670 -1.17940652932 -0.848662165861 -2.39056411474
