# Number of parameters = 205 Objective function value = -3671.41822960223  Maximum gradient component = 1.78706382185671e-005
# theta[1]:
-0.00787703015000
# theta[2]:
9.50787147588
# theta[3]:
8.75621062654
# theta[4]:
9.10827343335
# theta[5]:
1.23276377271
# theta[6]:
4.00000000000
# log_rinit_devs:
 -0.139493054229 -0.0890589769242 0.0778035994772 0.0250855097289 0.125662921947
# log_rbar_devs:
 1.00956644543 0.834192542969 0.609903679823 0.649158390209 0.496506198912 0.889241092308 0.520334034776 0.476328473436 0.520393706153 0.646364383649 0.594082466311 0.552278835008 0.640625116577 0.714218272722 0.935312388957 0.796762807283 0.856157263766 0.666929280473 0.920556106176 0.677148707997 0.668654925714 0.744152975942 0.657427465770 0.397605608834 0.499064476869 0.538006231147 0.415549565642 0.826725041299 0.322846428119 0.118924103133 -0.0303720316577 0.232955907904 0.359034356465 -0.0532890943420 -0.183261728250 -0.266695304776 -0.473139299808 -0.496986551710 -0.545459068290 -0.678765997875 -0.683221219179 -0.797034058153 -0.805143242459 -0.809476031580 -0.691259233302 -1.29460017196 -1.53413104291 -1.93503368396 -1.73979324257 -0.343410070662 1.22132895686 -0.0264891402200 -1.42555874685 -0.432425438097 1.13856627636 0.418349109169 -0.630677906199 0.207060055428 1.92978645416 0.116984395324 -1.65919922182 -0.625724275956 1.95771336162 -0.489124623112 -1.25989429612 -1.01924649394 0.408793173816 0.313389712607 1.31839487020 1.33924681769 -0.0950446470438 0.664483756052 0.976620881778 0.416552509200 1.79025173297 -0.595416833634 -0.116088021234 -0.286865121819 -0.238228675765 -0.262903568389 -0.620766134200 -0.664143287777 -1.60023144334 -2.00879374228 -0.992200218578 -2.91378356756 0.374202197857 -2.07466866029 -0.328423644552 -0.654233352999 0.00247059435514
# mat_params[1]:
 8.12441430450 10.3414689974
# mat_params[2]:
 8.41097498251 10.8890883265
# mat_params[3]:
 8.52597308356 11.9512678486
# mat_params[4]:
 6.08996137396 8.79164778128
# log_m_devs:
 0.164814555581 0.0614490994745 -0.223240244500 -0.00302341055517
# log_slx_pars[1]:
 1.74724496028 -0.200659575660
# log_ft_pars:
 -1.15266282486 -1.25315124880 -1.69001862769 -1.55304974113 -1.24238183147 -1.16132381493 -1.27480005112 -1.71325937041 -1.35995820921 -2.16895320130 -2.30750617922 -1.82450534431 -4.69140201965 -0.929902602491 -3.59364469758 -2.68954335804 -2.37145852191 -1.92639071373 -1.82463400561 -2.75188617545 -2.85687060343 -2.90752109760 -3.11410151845 -2.53492959094 -2.83360191610 -3.44979236578 -2.84195640258 -2.19897533379 -2.17121832622 -1.63536872394 -1.18997073310 -1.29428215508 -1.76396683677 -2.20757444908 -2.21922700120 -1.61397006878 -2.29354544757 -2.74466813939 -5.45867260483 -5.40935550805 -4.54751258135 -4.02990844150 -4.27886589955 -4.44859555027 -4.22498449533 -4.10126491937 -3.02333716753 -3.48801510937 -10.0536090607 -5.26304484668 -3.59650612708 -3.24004288606 -3.71610029227 -3.36373439700 -3.39779074493 -3.36114993557 -3.11917110154 -3.42522059191 -3.99523696981 -3.17271624286 -2.83559914997 -3.91545756998 -4.69692690762 -3.72789922650 -2.99928707593 -3.67691572971 -4.05426607651 -2.74852607697 -2.97669742687 -3.71759471861 -3.45527056200 -4.19728344231 -3.23669653157 -3.33547548432 -3.94615133324 -3.48300376663 -3.33355437921 -3.23391241041 -2.76736382598 -2.26714595132 -2.27470685454 -2.06705738952 -1.93119903727 -2.03029999578 -2.85851128517 -1.47283859119 -2.17836018505 -1.87206730846 -1.64501073616 -3.18214670519
