# Number of parameters = 94 Objective function value = -295.736088894916  Maximum gradient component = 3.06398928130510e-005
# theta[1]:
-1.06213462892
# theta[2]:
2.95954917375
# theta[3]:
5.04525481089
# theta[4]:
5.21310681146
# theta[5]:
1.17322564091
# theta[6]:
4.00000000000
# log_rinit_devs:
 3.03652304929 1.87224837065 0.159163892073 -2.30786544639 -2.76006986562
# log_rbar_devs:
 -0.311226028292 -1.59668007609 -0.628882156234 0.874245322138 0.131487269702 -1.09098760364 -0.130528146325 1.69400319083 -0.272997873996 -1.91227330740 -1.00495798768 1.73330175034 -0.629888461918 -1.47684273965 -1.10271645624 0.333380565831 0.122980569706 0.907849445446 0.803257671413 -0.699167967190 0.209861562224 0.509051863065 0.102393203720 1.28930630951 -0.493910154840 0.0953113160223 0.301763537625 0.642476975759 0.838887899983 0.560990226131 0.535016555653 -0.334046541335 -0.714892324751 0.211853960149 -1.59012020671 1.44405359115 -0.866512916693 0.740652594710 0.561130390626 0.213375177246
# mat_params[1]:
 3.00000000000 3.90000000000
# log_m_devs:
 0.233182792794 -0.274220363467 0.0410375706733
# log_slx_pars[1]:
 1.38893810653 -0.284406820984
# log_ft_pars:
 -1.39629092885 -1.84726149375 -1.43206681527 -1.39742132411 -1.45345050495 -1.15026388834 -1.34072540597 -1.92313215598 -1.24464148935 -0.806759022760 -1.75703003399 -2.64910892105 -1.93394733013 -1.18188789975 -1.77571280025 -2.28508594901 -1.08807750566 -1.04724353794 -1.64854583346 -1.35875275448 -2.21167652041 -1.36656425457 -1.61354892288 -2.17336801966 -1.88900294562 -1.86536750106 -1.96303147839 -1.84399649089 -1.69319512441 -1.74631037666 -1.52748536255 -1.37408753496 -1.46384635790 -2.36606120681 -1.06850052377 -1.67745772773 -1.46997344798 -1.14027525803 -2.68427415586
