# Number of parameters = 202 Objective function value = -3508.70991670216  Maximum gradient component = 0.000588127408755616
# theta[1]:
-0.136406788035
# theta[2]:
8.67941857214
# theta[3]:
8.19620512239
# theta[4]:
8.59043003984
# theta[5]:
0.401121154337
# theta[6]:
4.00000000000
# log_rinit_devs:
 -0.0812314833275 -0.0445942594811 0.0859962812417 0.0444304354014 -0.00460097383458
# log_rbar_devs:
 0.751008638614 0.595026692375 0.408596916576 0.465950237143 0.339872576429 0.682967938370 0.356427391803 0.329984569289 0.353974329026 0.479185641639 0.449887449316 0.446402854678 0.557520521535 0.676419056498 0.945396829003 0.933197179352 1.13417828337 0.921397457991 1.10357383525 0.845025018499 0.810498198890 0.851803613763 0.745687059824 0.490204593798 0.557072851819 0.566363460745 0.426729794268 0.778790037365 0.288517191895 0.0592625238845 -0.144924527493 0.00135622928039 0.0385782872681 -0.403269393150 -0.609285924576 -0.780663331194 -1.04880755260 -1.14267271379 -1.25063882666 -1.41773679308 -1.48059431046 -1.61768286201 -1.66193528323 -1.71806692461 -1.63610798058 -2.15933615290 -2.30024110809 -2.52646750875 -2.04776768884 -0.576006331712 1.01323764259 -0.338984938938 -1.73194544153 -0.718044485508 0.875181814182 0.157377045727 -0.877989970206 -0.0284274487925 1.63793006547 -0.111410882234 -1.80527961720 -0.801373325707 1.74275446520 -0.650935717093 -1.38666448319 -1.11210090381 0.325669459775 0.226167103685 1.26093569391 1.28649123401 -0.132119761642 0.638140733899 0.982819868122 0.495347212731 1.76419613920 -0.339749251093 0.298634785706 0.348720652230 0.605060041683 0.746099740487 0.400217208915 0.419499642426 -0.285362873862 -0.598814903013 0.394767652924 -1.49779891366 1.65281144021 -0.693712588942 0.976229490683 0.603052393811 0.390721933002
# mat_params[1]:
 7.27093313967 10.1768102353
# mat_params[2]:
 8.76039337819 13.0614789949
# log_m_devs:
 -0.0470149590849 0.127611397135 -0.0805964380504
# log_slx_pars[1]:
 1.61145559805 -0.240630026138
# log_slx_pars[2]:
 1.71687170899 -0.293424605372
# log_ft_pars:
 -1.53048392745 -1.60827269425 -2.05871219307 -1.93964669192 -1.66049518412 -1.55975142888 -1.68442773534 -2.14460411632 -1.80266826851 -2.60968027319 -2.75425206623 -2.31715166176 -5.17252343022 -2.06385915014 -4.14346474391 -3.28393152828 -3.04107298475 -2.55269166445 -2.40237730958 -3.29503102484 -3.36591452046 -3.37882624291 -3.55759448123 -2.96593211191 -3.23784618524 -3.82699677458 -3.20423635754 -2.52096689755 -2.47486235910 -1.92239579270 -1.44740569828 -1.48970410892 -1.86953426189 -2.25317450705 -2.20187100547 -1.52025200593 -2.12415565985 -2.50910032283 -5.16504989224 -5.07160816896 -4.15851307097 -3.59215764788 -3.79085806623 -3.91766333344 -3.65567338150 -3.51444163358 -2.42707959393 -2.91886218281 -9.61583771322 -5.01764361932 -3.53272742043 -3.18014377819 -3.57836026077 -3.09530776349 -3.17214159710 -3.19851297576 -2.93529815963 -3.17901204639 -3.79996682674 -3.01965067893 -2.61439995012 -3.58975610662 -4.49301567988 -3.63407738383 -2.86561636984 -3.41341295680 -3.83363306587 -2.66722232050 -3.01582690108 -3.78766790793 -3.50552453948 -4.19079288192 -3.23047694460 -3.37452327941 -4.03359391828 -3.58540570282 -3.42825959477 -3.34066537537 -3.06751524669 -2.85943502017 -3.02611032508 -2.87637167151 -2.76254546066 -2.88879273732 -3.76557683908 -2.49575024175 -2.94882722596 -2.87086817079 -2.79993668350 -4.42382847230
