# Number of parameters = 208 Objective function value = -3581.08664570763  Maximum gradient component = 0.000328170752038376
# theta[1]:
-0.103679574258
# theta[2]:
8.70807185011
# theta[3]:
8.07800301722
# theta[4]:
8.36100905169
# theta[5]:
0.746691342490
# theta[6]:
4.00000000000
# log_rinit_devs:
 -0.0830242048216 -0.0313392189656 0.0923969417304 0.0500186705532 -0.0280521884964
# log_rbar_devs:
 0.838091521886 0.679439986397 0.490323881904 0.506651579029 0.361735162439 0.640532246883 0.309725407154 0.251466114224 0.246840230129 0.345775500239 0.314709289290 0.306007551101 0.392186653602 0.477687380424 0.694015700470 0.645852103198 0.777993562329 0.594781731502 0.768066944379 0.553256361052 0.535815632762 0.583997268881 0.499020317221 0.281893380658 0.351948101538 0.369702978943 0.251192205691 0.561007651715 0.117303945686 -0.106383121574 -0.307073312828 -0.186117719365 -0.150535525143 -0.542389672187 -0.724446793348 -0.870117210654 -1.09173985914 -1.14744793701 -1.21165141533 -1.32960531466 -1.35350217638 -1.44712078882 -1.45853853197 -1.48386351594 -1.38413560159 -1.81296598911 -1.88488254517 -2.03948436238 -1.49758275286 -0.0569596135705 1.54185668315 0.208754888190 -1.22043955417 -0.206966873499 1.41304515181 0.666885111297 -0.388854717261 0.463504622091 2.19626424245 0.371908363636 -1.40674517241 -0.354875594173 2.26198905407 -0.229116171746 -0.982424243296 -0.723475372645 0.735418821078 0.628818822261 1.68177874318 1.70851023725 0.243197270030 1.01068132551 1.34160623218 0.796459234885 2.21357772226 -0.136303515395 0.393717832399 0.215965585142 0.210890577699 0.0920739000534 -0.311400315718 -0.374314362494 -1.23478027361 -1.61941567894 -0.560971807500 -2.42575000397 0.963710035085 -1.45521252329 0.327354955909 0.0650860185767 0.217514118239
# mat_params[1]:
 7.64809934055 10.6301646823
# mat_params[2]:
 5.66077691218 8.24687550557
# mat_params[3]:
 5.95039061577 8.49424542608
# log_m_devs:
 -0.0471755201990 0.0404159156377 0.162417103333 -0.207806816069 0.0521493172977
# log_slx_pars[1]:
 1.59598071854 -0.249403185974
# log_slx_pars[2]:
 1.68256715794 -0.258387072701
# log_slx_pars[3]:
 1.71428117404 -0.418756647667
# log_ft_pars:
 -1.53077201593 -1.59567485183 -2.02616969979 -1.88458444997 -1.58217123868 -1.45130555660 -1.54232093330 -1.96739758302 -1.59231409983 -2.37175449845 -2.49873099636 -2.87831137077 -4.91088796667 -1.92660923011 -3.83043114045 -2.93720138203 -2.64760879298 -2.18357524293 -2.04739110901 -2.96244848447 -3.05939063179 -3.09511990763 -3.29625656097 -2.72423779856 -3.01668784500 -3.62686789641 -3.02014031470 -2.33152669868 -2.28962238062 -1.73559944415 -1.25331465403 -1.29143527703 -1.67355318646 -2.07166743464 -2.03880753751 -1.36972796242 -2.00827237034 -2.43618611882 -5.14237185354 -5.09603039153 -4.22823087642 -3.70673007965 -3.95004633904 -4.11604750403 -3.88810080561 -3.78586351714 -2.74757273074 -3.30463473123 -10.0706738147 -5.45073362932 -3.98644095766 -3.58600457990 -3.91596907623 -3.38957367581 -3.54640085384 -3.57304139780 -3.27279124653 -3.48642736611 -4.20078918325 -3.40571008794 -2.94890555540 -3.85984994759 -4.85486176886 -3.98778378738 -3.16387429764 -3.63920526781 -4.05549733629 -2.90884281746 -3.30183176907 -4.07324943010 -3.74798567159 -4.39043446311 -3.42217834221 -3.54377418484 -4.27330445531 -3.80432318435 -3.58734088610 -3.38321543261 -2.92702807743 -2.20637716119 -2.27052751315 -2.07506629362 -1.92626386375 -2.01389099842 -2.83812653707 -1.47808190243 -1.95480578677 -1.70804421650 -1.57710313390 -3.16949413920
