# Number of parameters = 205 Objective function value = -3560.59413177633  Maximum gradient component = 0.000512308177761423
# theta[1]:
-0.254175367091
# theta[2]:
6.96324890765
# theta[3]:
7.82531634452
# theta[4]:
8.29164424100
# theta[5]:
0.410931077971
# theta[6]:
4.00000000000
# log_rinit_devs:
 0.307964311933 0.168288670434 0.114334474915 -0.108619238206 -0.481968219076
# log_rbar_devs:
 -0.0624644115759 -0.203409217114 -0.342383342534 -0.145462655029 -0.172824822086 0.319639225414 0.0684685277188 0.171160945324 0.335061074134 0.597161367731 0.634869961358 0.570138845507 0.483234473685 0.579450773024 0.742846639548 0.850234355906 1.19983054154 0.975457099663 1.19767621354 0.919652037216 0.895354785722 0.955306442759 0.847517939916 0.573892943552 0.663712528020 0.685738247955 0.535056646342 0.943726334391 0.393360428595 0.136143229110 -0.0920592147521 0.0781248962014 0.126299818915 -0.369080798233 -0.602385648118 -0.792425150994 -1.08224413929 -1.16959621094 -1.27198441347 -1.44166773048 -1.49644543499 -1.63451362140 -1.66854842100 -1.71755707760 -1.60645732789 -2.16593816794 -2.30473336372 -2.52558035419 -2.02841602493 -0.553820783466 0.997231990123 -0.352483210933 -1.73890487987 -0.726193166983 0.856759952828 0.141726546303 -0.899167440762 -0.0435246488072 1.61687637105 -0.133304237612 -1.80866648796 -0.806386182795 1.74764610112 -0.637331130694 -1.37150436599 -1.08164427268 0.355856372517 0.255168868175 1.28656130831 1.31612692022 -0.0884257217223 0.700160980868 1.05814818664 0.605055350654 1.88367703174 -0.136378823772 0.564682816857 0.690516540578 1.04858741722 1.33384581179 0.913668608585 0.858756238888 -0.0744986928014 -0.560813459936 0.352953076884 -1.68376907356 1.46908602255 -0.857097503791 0.866284678111 0.598461508125 0.453136609490
# mat_params[1]:
 7.25105158826 10.1534618952
# mat_params[2]:
 7.02615577661 9.99795846362
# mat_params[3]:
 6.44441895964 9.25914796753
# log_m_devs:
 -0.180891213949 0.180891213949
# log_slx_pars[1]:
 1.13989810473 -0.285154841798
# log_slx_pars[2]:
 1.61848379216 -0.308475835462
# log_slx_pars[3]:
 1.73765926564 -0.383403512802
# log_ft_pars:
 -1.26969693389 -1.41613209091 -1.88140292115 -1.84328277462 -1.66110737006 -1.77506235793 -2.00623233134 -2.55484612394 -2.35111771789 -3.34732262507 -3.62390612614 -0.396459742528 -5.76675815852 -0.523749250457 -4.65012349194 -3.91472073335 -2.76205267594 -2.28666041049 -2.14216955428 -3.04655083220 -3.13535368321 -3.15681895606 -3.34275267525 -2.76369212997 -3.04017890840 -3.62808771767 -3.00887088075 -2.32000492198 -2.28552885456 -1.74917029039 -1.26378592614 -1.26394440449 -1.61114591420 -1.99725613347 -1.95726684775 -1.25601475280 -1.82807145099 -2.19939280869 -4.85392686409 -4.76570020785 -3.85491148973 -3.28786938578 -3.47709938875 -3.60790825494 -3.36083815907 -3.23209715786 -2.14604376660 -2.63932276384 -9.31730006366 -4.61663849015 -3.01380367400 -2.76167101995 -3.27012713388 -2.82730081873 -2.77635315900 -2.80790068599 -2.60612698361 -2.86820309697 -3.36832674827 -2.62707997831 -2.30885299689 -3.33634479095 -4.09596947496 -3.26699817923 -2.59054661715 -3.20213155868 -3.56834244100 -2.35086691965 -2.62917567774 -3.40921887105 -3.20013565954 -3.93474104736 -2.96376309575 -3.12505567706 -3.74883329186 -3.36398372174 -3.28106356808 -3.25141515721 -3.03359099912 -2.91179496735 -3.00575452266 -2.78761703628 -2.59055992962 -2.61152679157 -3.34204723214 -1.92091842258 -2.08421073060 -1.89692514438 -1.79101359814 -3.42412125038
