# Number of parameters = 55 Objective function value = -1166.23459244389  Maximum gradient component = 9.82175855375707e-005
# theta[1]:
-0.610120651653
# theta[2]:
3.29092485453
# theta[3]:
5.87546826392
# theta[4]:
6.24679801556
# theta[5]:
0.839209809167
# theta[6]:
4.00000000000
# log_rinit_devs:
 3.17325102677 1.84076178070 0.0574552941273 -2.37332235526 -2.69814574634
# log_rbar_devs:
 -0.761849368304 -2.07760961835 -1.06164131026 0.517860208681 -0.245870501658 -1.41356881198 -0.464136144796 1.28846903271 -0.624559231528 -2.18686747189 -1.24873859604 1.48456850231 -0.883976882882 -1.66769413534 -1.26411746493 0.180252200656 0.0471023777296 0.970441834687 0.997433245029 -0.384652678756 0.501095957145 0.823097426581 0.420193346436 1.70071919162 -0.234851936586 0.406211811471 0.602782752340 0.973630374592 1.21149281138 0.871437192581 0.815773762444 -0.138549408240 -0.582599756242 0.351588763795 -1.63250066311 1.47178179526 -0.860141203526 0.908965287797 0.816378507941 0.372648801240
# mat_params[1]:
 4.35587776747 6.55478103111
# log_m_devs:
 0.00000000000
# log_slx_pars[1]:
 1.56424103900 -0.205153700734
# log_ft_pars:
 -13.5000000000 -13.5000000000 -13.5000000000 -13.5000000000 -13.5000000000 -13.5000000000 -13.5000000000 -13.5000000000 -13.5000000000 -13.5000000000 -13.5000000000 -13.5000000000 -13.5000000000 -13.5000000000 -13.5000000000 -13.5000000000 -13.5000000000 -13.5000000000 -13.5000000000 -13.5000000000 -13.5000000000 -13.5000000000 -13.5000000000 -13.5000000000 -13.5000000000 -13.5000000000 -13.5000000000 -13.5000000000 -13.5000000000 -13.5000000000 -13.5000000000 -13.5000000000 -13.5000000000 -13.5000000000 -13.5000000000 -13.5000000000 -13.5000000000 -13.5000000000 -13.5000000000
