# Number of parameters = 204 Objective function value = -3693.34209080262  Maximum gradient component = 0.000290058528972364
# theta[1]:
-0.316702916392
# theta[2]:
7.92362312693
# theta[3]:
6.78718845101
# theta[4]:
7.27698798987
# theta[5]:
0.532780044426
# theta[6]:
4.00000000000
# log_rinit_devs:
 0.000894337810310 0.0130330027042 0.0898588388267 0.0303717887195 -0.134157968061
# log_rbar_devs:
 1.41447370886 1.22208888244 1.01749439277 1.02473404811 0.856508686048 1.09273487299 0.699053955997 0.586388459895 0.504138333300 0.535050129370 0.453002420755 0.408864629326 0.475400199473 0.518116199556 0.689151598499 0.617315314273 0.700575536121 0.510870964707 0.652630823755 0.429113659934 0.432280541930 0.505818039214 0.448428175431 0.254047767106 0.344855571311 0.404987811219 0.338813125781 0.697452063442 0.303363765785 0.104295503936 -0.151112437397 -0.129224963881 -0.156656087954 -0.571046520382 -0.786549449756 -1.04716224176 -1.40028073716 -1.50091662529 -1.54361372009 -1.60103026921 -1.57220688636 -1.63526375094 -1.62379548097 -1.63411178408 -1.52199659824 -2.01413380475 -2.18978076082 -2.43805961114 -1.91575399920 -0.481359822990 0.977642373196 -0.286446669768 -1.74693876125 -0.718056582401 0.897405309558 0.155179945972 -0.899086546857 -0.0276941435943 1.69021192129 -0.166050161978 -1.93825546039 -0.793404151862 1.89212874875 -0.613693588465 -1.33130295937 -1.02901512027 0.465851262418 0.320980938404 1.37937096401 1.41333206746 -0.0516693102319 0.736639851209 1.10364193882 0.588829064582 1.92429072617 -0.256700178283 0.423999519250 0.472819325926 0.732987155772 0.873605008240 0.461745077020 0.432347302910 -0.358296555209 -0.715516280299 0.283841271424 -1.64379435719 1.50817458554 -0.756517962388 1.03841442013 0.778931009706 0.452075373084
# mat_params[1]:
 7.27507856816 10.4472119098
# mat_params[2]:
 5.70402000343 8.42096589135
# mat_params[3]:
 5.97082980090 9.40431931160
# log_m_devs:
 0.0323511352040 0.112568799948 -0.144919935152
# log_slx_pars[1]:
 1.27186591019 -0.499566432257
# log_slx_pars[2]:
 1.68299586944 -0.232471469159
# log_ft_pars:
 -1.66732350839 -1.73190271544 -2.11704421469 -1.93812618296 -1.60851488666 -1.47039553751 -1.52123817343 -1.86729075676 -1.42160377795 -2.15821565104 -2.25305988314 -2.41346655066 -4.59717821430 -1.69455856499 -3.46794090660 -2.55099962899 -2.20537070382 -1.73441986661 -1.57744955929 -2.49175564349 -2.59804362073 -2.66284745882 -2.90131013232 -2.33610153252 -2.64235690296 -3.30572970322 -2.74423761186 -2.10715116017 -2.09382487526 -1.50300022184 -0.951525507637 -0.936661214457 -1.29414184945 -1.65708144350 -1.56277551224 -0.782427552739 -1.29386768823 -1.67215432342 -4.41120356214 -4.43460108430 -3.62737956445 -3.15554537368 -3.45598253124 -3.65333024162 -3.43813976048 -3.33813661591 -2.23266764598 -2.71876039849 -8.65005021561 -3.75085729648 -1.85592336729 -1.60711965586 -2.19859887820 -1.86081922757 -1.75121446472 -1.73441494107 -1.53987975331 -1.86665435518 -2.33303686184 -1.55862561506 -1.27746793399 -2.42002378347 -3.16454206168 -2.29813599776 -1.67391183057 -2.41024125903 -2.80942248899 -1.50104062219 -1.62809684406 -2.38112876233 -2.21665488360 -3.02640079252 -2.07947854495 -2.20554634950 -2.75054117953 -2.36973194357 -2.31063692258 -2.30957363535 -2.00692627388 -1.71287229464 -1.84097113261 -1.71249175749 -1.62134722882 -1.75881652484 -2.63480852794 -1.30833004397 -1.94708755314 -1.83773991301 -1.76738969160 -3.46101425004
