# Number of parameters = 207 Objective function value = -3635.14118548097  Maximum gradient component = 0.000887319521782594
# theta[1]:
-0.127969309298
# theta[2]:
7.55607788296
# theta[3]:
8.05903527459
# theta[4]:
8.35696625884
# theta[5]:
0.859812294946
# theta[6]:
4.00000000000
# log_rinit_devs:
 0.178835080189 0.108469202216 0.107999335969 -0.0725227477857 -0.322780870588
# log_rbar_devs:
 0.0952965517315 -0.0382568302177 -0.184153415584 -0.0372323263638 -0.0926326235998 0.338778621442 0.0786331751958 0.138770742839 0.257620255227 0.447637761201 0.434362905195 0.380979160259 0.360691839634 0.435722393618 0.600965216604 0.624816983223 0.854071331541 0.654935370547 0.872309990956 0.633754567204 0.624254502188 0.691124863983 0.603753012199 0.363182770909 0.457944636121 0.488697701331 0.359373179741 0.735928759898 0.231430609675 -0.00768434632348 -0.212116771132 -0.0399551465119 0.0220137211494 -0.417738290157 -0.609452099652 -0.755143458549 -0.992171652125 -1.04554284476 -1.11422709696 -1.24830711439 -1.27244952827 -1.37771105211 -1.38716942725 -1.41158006495 -1.28821147093 -1.76353378186 -1.83785846743 -1.99620321496 -1.44278731700 -0.00274973871999 1.58050049179 0.245041670698 -1.17498243966 -0.165438129350 1.44778025603 0.700909539829 -0.363669687552 0.490482638852 2.23194575067 0.398980580977 -1.36708951028 -0.326360230751 2.30259954494 -0.189690216619 -0.949298117819 -0.685580569686 0.768167101370 0.661362632988 1.70649441043 1.73501399855 0.272065706822 1.05037030304 1.37727642672 0.839601012058 2.25828789485 -0.0796439684554 0.457790914158 0.296430538242 0.312963104569 0.219580133715 -0.190658129148 -0.262325082277 -1.17900750305 -1.62136730669 -0.656434055696 -2.61764004922 0.559871462918 -1.67188133779 0.171532159470 0.0303144594837 0.173521057078
# mat_params[1]:
 7.81460452141 10.6246666682
# mat_params[2]:
 7.69082819931 10.6935593237
# mat_params[3]:
 5.73139813892 8.36860914744
# log_m_devs:
 -0.117122103705 0.0746169318323 0.186864563338 -0.144359391465
# log_slx_pars[1]:
 1.33859364184 0.0547588592460
# log_slx_pars[2]:
 1.64407167620 -0.310120031324
# log_slx_pars[3]:
 1.69437997890 -0.291887284484
# log_ft_pars:
 -1.31668230582 -1.44874773527 -1.89665899672 -1.82666030414 -1.60744833590 -1.67421731112 -1.85902973713 -2.36861231718 -2.11892144787 -3.05773143222 -3.27476152855 -0.653041144852 -5.51475307506 -0.540983479688 -4.37859972293 -3.56766692578 -2.46768518484 -2.01417998543 -1.88285228286 -2.80260384324 -2.91157156298 -2.95316293052 -3.15767753525 -2.59544470126 -2.89215676451 -3.49938880531 -2.89473913382 -2.21051847820 -2.18327710461 -1.65534690803 -1.18433281236 -1.20432611186 -1.57346519925 -1.98286502232 -1.97161515861 -1.30666079588 -1.93017104907 -2.34684103720 -5.04109615534 -4.98454142405 -4.10704843650 -3.57534326212 -3.80027984790 -3.96214397039 -3.74157262034 -3.64263165655 -2.60296162243 -3.15720613575 -9.89097269174 -5.16750328216 -3.60872276327 -3.29617566879 -3.74647266398 -3.27221662539 -3.28299600867 -3.30774963266 -3.08099409492 -3.31958077651 -3.89960400730 -3.14072258083 -2.79172664592 -3.76747705610 -4.57841881862 -3.72504610266 -3.00958209008 -3.56634910664 -3.89363289062 -2.67034959637 -2.99603968916 -3.77307827586 -3.51902308223 -4.21359892462 -3.22069722297 -3.34048016228 -4.00752523536 -3.58558142616 -3.44053194332 -3.27993920321 -2.81384760618 -2.20352463700 -2.25959959415 -2.06325572098 -1.91148054223 -1.98879615720 -2.78278688328 -1.36872818485 -1.95320842561 -1.81631886678 -1.75258923841 -3.44656710012
