# Number of parameters = 204 Objective function value = -3586.19343148806  Maximum gradient component = 0.000508663634230170
# theta[1]:
-0.00486077521862
# theta[2]:
8.05833283967
# theta[3]:
9.00506184001
# theta[4]:
9.36929544414
# theta[5]:
0.644289772768
# theta[6]:
4.00000000000
# log_rinit_devs:
 0.150525671868 0.0806226264747 0.105858097100 -0.0834895646693 -0.253516830774
# log_rbar_devs:
 -0.293497487597 -0.387017464739 -0.505560152536 -0.282688285126 -0.292330659108 0.273194595535 0.0279143207670 0.136682516362 0.298864577957 0.513413868684 0.467563482331 0.373109836539 0.357434876304 0.435000776668 0.681754159545 0.733019781386 1.04065808965 0.816222153873 1.06741322603 0.776476852777 0.745587310964 0.806086581314 0.689516177393 0.389113802869 0.479619622339 0.496402056941 0.337894701408 0.777142638785 0.223838449184 0.00721247958329 -0.155661956256 0.109742010015 0.221650054452 -0.246738670143 -0.413823357413 -0.535904130979 -0.796053684763 -0.869432408980 -0.969770420732 -1.15023741999 -1.19542174096 -1.33922114205 -1.37021544886 -1.41500268540 -1.29030912856 -1.85975652078 -1.97584734829 -2.19713025067 -1.71184425625 -0.249609329091 1.36206783446 -0.00262296650141 -1.37186365416 -0.372113467248 1.21255800353 0.488460856894 -0.555954816723 0.280783822344 1.97991632571 0.216365926840 -1.47873008575 -0.503698214650 2.04151505758 -0.346778689750 -1.10552636622 -0.844537469463 0.570254139073 0.483670929929 1.50189643887 1.52896285805 0.115769396045 0.888199691555 1.20484832847 0.713369392784 2.02268139902 -0.157730326442 0.405289844097 0.384749225948 0.606383675922 0.793692785313 0.376256262068 0.303874046085 -0.738736592315 -1.24009691815 -0.292633209485 -2.36865423856 0.851706507549 -1.48853064580 0.301037720088 0.103206565402 0.351235577227
# mat_params[1]:
 8.02061946698 10.6465236716
# mat_params[2]:
 8.39179988853 11.3427333479
# mat_params[3]:
 6.56579427938 8.99939680411
# log_m_devs:
 -0.139924453471 0.0959785011490 0.0439459523221
# log_slx_pars[1]:
 1.50903558941 0.127754816028
# log_slx_pars[2]:
 1.73937269715 -0.282290133017
# log_ft_pars:
 -1.43993654243 -1.63485360615 -2.13017295656 -2.10987287863 -1.94721874546 -2.10656046488 -2.35389031530 -2.91094701364 -2.70208120151 -3.66563793720 -3.88102621525 -0.463142553923 -6.09085791010 -0.244528033585 -4.95130043232 -4.17506421878 -2.95061088936 -2.49133601293 -2.36531366501 -3.27776015588 -3.36385320892 -3.38755335613 -3.56464649322 -2.97439092053 -3.25024968722 -3.82891126996 -3.19094032673 -2.50575543338 -2.47301930515 -1.95430673509 -1.52567818338 -1.59650375445 -2.00723542860 -2.43513094610 -2.44753925999 -1.83011157778 -2.47565618398 -2.87664646270 -5.53296413235 -5.43140233142 -4.51648799701 -3.95153317983 -4.14109300170 -4.27434731348 -4.03267220695 -3.90217375988 -2.83913561838 -3.36109122625 -10.0316219521 -5.31988714661 -3.75804659627 -3.45022433580 -3.97561657444 -3.61290084271 -3.57452271463 -3.53435081310 -3.32451817565 -3.63329698614 -4.14287735718 -3.33981026712 -3.04204271908 -4.13356307901 -4.85888930011 -3.91170862341 -3.23278129235 -3.92737678114 -4.27710302359 -2.97542114276 -3.23077955673 -3.99432967195 -3.76585025256 -4.52486742254 -3.55679923632 -3.67009795153 -4.27827028082 -3.84647783458 -3.74076930144 -3.68947735072 -3.31740559426 -3.00038414804 -2.95440148250 -2.67392494068 -2.44201927009 -2.43586753368 -3.14611058737 -1.66780026841 -2.44477115685 -2.31925432248 -2.23664123019 -3.85460007513
