# Number of parameters = 207 Objective function value = -3680.12008289194  Maximum gradient component = 0.000277085302259453
# theta[1]:
-0.397538512485
# theta[2]:
6.93296282542
# theta[3]:
6.59601047299
# theta[4]:
7.15368792746
# theta[5]:
0.535581677346
# theta[6]:
4.00000000000
# log_rinit_devs:
 0.287538601842 0.175829438791 0.112721349599 -0.0841987713028 -0.491890618930
# log_rbar_devs:
 0.975329040744 0.792904000728 0.628818716709 0.699514034447 0.572872752811 0.847686359439 0.500734710280 0.464021938930 0.475909719870 0.611799283461 0.601672333215 0.521434824544 0.561121866950 0.596313537487 0.757244627365 0.764495276003 0.902339850383 0.723454915321 0.868787404741 0.641778593904 0.636559447232 0.702186319766 0.636866128162 0.434312313175 0.515097587634 0.564963629276 0.489158971440 0.843095316724 0.442379745308 0.246500257599 -0.00686685233492 0.00848206669393 -0.0288748218569 -0.452434963998 -0.669649329707 -0.942542277225 -1.32113453285 -1.44993239994 -1.51576463368 -1.58830335446 -1.57602229098 -1.65509239206 -1.66124081085 -1.69011842607 -1.58900896799 -2.09271936707 -2.29475938102 -2.58935644052 -2.12249463328 -0.675822907695 0.760626416632 -0.497222737305 -1.94689766791 -0.919191609008 0.680073849822 -0.0484833487578 -1.09075563928 -0.226375520774 1.46263333436 -0.369039386641 -2.13098203077 -0.974158668729 1.68774390246 -0.772623038420 -1.47958008476 -1.16721880507 0.322468473543 0.190574471510 1.24661627226 1.27922212134 -0.154834677127 0.632636485631 1.01486621597 0.535777182681 1.83835399166 -0.240282177800 0.468997523432 0.598127686055 0.976460416089 1.32020061112 0.884605428180 0.831872332775 -0.0638670017356 -0.500230195323 0.489855886927 -1.55318291633 1.69208688698 -0.668266454455 1.20346242205 1.02839130699 0.551841954940
# mat_params[1]:
 7.08474400459 10.0495734718
# mat_params[2]:
 7.13000138161 10.4834889073
# mat_params[3]:
 5.49691381416 8.33376037157
# mat_params[4]:
 5.35800046071 7.77781867891
# log_m_devs:
 -0.0736784417544 0.0736784417544
# log_slx_pars[1]:
 1.23287412744 -0.579072282654
# log_slx_pars[2]:
 1.71743237387 -0.125132238588
# log_slx_pars[3]:
 1.59720951766 -0.428225244841
# log_ft_pars:
 -1.08497537045 -1.16458193168 -1.58441634754 -1.46239092240 -1.17716753986 -1.08199734455 -1.17882807769 -1.59374026809 -1.23452880384 -2.08763986930 -2.30244216640 -0.720162454899 -4.56106273654 -0.719246746245 -3.42819636162 -2.61997066494 -2.36678829088 -1.89098959259 -1.73384612679 -2.64629860240 -2.74493811330 -2.80232736848 -3.03208537080 -2.46049130714 -2.75752749824 -3.41007456473 -2.83847517429 -2.19239869636 -2.17132165869 -1.57509129381 -1.02656714143 -1.01043933542 -1.35899733247 -1.71106777808 -1.60714216931 -0.821136657962 -1.31745602091 -1.67371202172 -4.39100501930 -4.39779145324 -3.57332794077 -3.08366827543 -3.36395274140 -3.54407259979 -3.31436668841 -3.19820780498 -2.06590961105 -2.52448590192 -8.36868206960 -3.49615679586 -1.54947089375 -1.27014036540 -1.86665309851 -1.58015357645 -1.49329077746 -1.45098899313 -1.22130789748 -1.58020337505 -2.06063783375 -1.25020152913 -0.938227930458 -2.13878074754 -2.93121294702 -2.03573862252 -1.38218918798 -2.17629053327 -2.66025912770 -1.35769861337 -1.42280576059 -2.15771466627 -1.99489194610 -2.84157727742 -1.93652406525 -2.08848192701 -2.62210601953 -2.24271350784 -2.19977111026 -2.26282851673 -2.04774502846 -2.05527238818 -2.15390645552 -1.98291867218 -1.83013507174 -1.89719239614 -2.66643133083 -1.28521904524 -1.89505065593 -1.83129990341 -1.77438357955 -3.39213539847
