# Number of parameters = 200 Objective function value = -3625.46181361161  Maximum gradient component = 0.000246097473138192
# theta[1]:
-0.326036025983
# theta[2]:
8.29567287586
# theta[3]:
6.83503640010
# theta[4]:
7.23155794803
# theta[5]:
0.842647611760
# theta[6]:
4.00000000000
# log_rinit_devs:
 -0.0653250528225 -0.0129500777341 0.0947800028716 0.0397942525937 -0.0562991249088
# log_rbar_devs:
 1.67501871291 1.48580330945 1.27027492400 1.23924091150 1.04286376933 1.27274221735 0.853664397709 0.709640517736 0.615759209567 0.649122112401 0.586682215361 0.581407815606 0.691052508680 0.786693915618 0.995102404585 0.900042235212 0.964856450286 0.759078644504 0.925713325245 0.715487697860 0.724695365198 0.804441947034 0.746758811714 0.553718952301 0.663529537810 0.729567513392 0.653857570550 1.01905921889 0.584274124945 0.339783255120 0.0734190136864 0.137475815884 0.137867512266 -0.304687678278 -0.566316161809 -0.819661003632 -1.12138692859 -1.17812087730 -1.20470451763 -1.27778433149 -1.26184199147 -1.33830716609 -1.33466107857 -1.34896732380 -1.26286901617 -1.83783601454 -2.12545026135 -2.51051543934 -2.19839972179 -0.749135004696 0.708879893439 -0.511396153009 -1.94750490363 -0.933441034484 0.655426944582 -0.0735233531549 -1.12397529629 -0.243636280915 1.44576508439 -0.382438960613 -2.15112971738 -1.05149816667 1.56539800586 -0.885857479606 -1.61481937167 -1.31778186830 0.163106163453 0.0168179049054 1.04820113813 1.07326923282 -0.370210725998 0.401946152249 0.760690265752 0.240812388567 1.56378120061 -0.585230790361 0.103436431191 0.169725175449 0.450048356622 0.604219077299 0.183811228008 0.137299140450 -0.682798431173 -1.06289012477 -0.0624777333340 -1.96251639918 1.25169768412 -0.952495411756 0.907132408005 0.743471995254 0.272634913953
# mat_params[1]:
 7.48506973462 10.4701147070
# mat_params[2]:
 5.40271025823 8.10507185995
# log_m_devs:
 0.137543696400 0.0639453465071 -0.201489042907
# log_slx_pars[1]:
 1.47960797478 -0.322359473258
# log_ft_pars:
 -1.46738074627 -1.52165682786 -1.92288376058 -1.74297792570 -1.39510576637 -1.21680061633 -1.24781141798 -1.59219274809 -1.12499547843 -1.82001702391 -1.89830107441 -4.10318217503 -4.30480503950 -2.91164314146 -3.27122884101 -2.35427454051 -2.01203947836 -1.54560948892 -1.38876036187 -2.29851311651 -2.41678031745 -2.47929636432 -2.71679706162 -2.16783021782 -2.48259194605 -3.13816288033 -2.57998824828 -1.93461327861 -1.92846492643 -1.37322114728 -0.839219850122 -0.806861986391 -1.14329148164 -1.51509605877 -1.43954474828 -0.661796562933 -1.16675005922 -1.54874713127 -4.28435270726 -4.29955678839 -3.48244503930 -2.99928784790 -3.27932073940 -3.46873747932 -3.25086126780 -3.14429776948 -2.01957850707 -2.45023543411 -9.04911697749 -4.27555968901 -2.55368354691 -2.27181133174 -2.67859450180 -2.18096147708 -2.23223572848 -2.32200288387 -2.05788045460 -2.27437740073 -2.88217780117 -2.17335452985 -1.74593750439 -2.69660550652 -3.59311341250 -2.84064359125 -2.06513649851 -2.58850739620 -3.02730014205 -1.87935030727 -2.13903172552 -2.91400402683 -2.67130506816 -3.35116385715 -2.39084056760 -2.54908093228 -3.16264689221 -2.77853129404 -2.62609729790 -2.53868031490 -2.29080617945 -2.08771098944 -2.24678740323 -2.06584004544 -1.91150435966 -1.97685451482 -2.80967095790 -1.49162736783 -2.31692912549 -2.31423709576 -2.23219383348 -3.91099775498
