# Number of parameters = 201 Objective function value = -3508.04000564213  Maximum gradient component = 0.000350498527218897
# theta[1]:
-0.148213290865
# theta[2]:
8.13124997463
# theta[3]:
7.65238546568
# theta[4]:
8.04579605707
# theta[5]:
0.444384920046
# theta[6]:
4.00000000000
# log_rinit_devs:
 0.00813100858875 0.0219079387876 0.109667060100 -0.0193690607668 -0.120336946709
# log_rbar_devs:
 0.894838992881 0.724658305974 0.528108841551 0.586227475365 0.442638669364 0.829318765609 0.473047541559 0.456911784082 0.510189882802 0.666649910830 0.649042959586 0.668847648191 0.805357379255 0.902060917534 1.12112660273 0.989364758730 1.03866232178 0.832224021924 1.05461017579 0.783163101532 0.762443560088 0.827012552976 0.726773508041 0.463392652545 0.556776627160 0.586937125522 0.447510663550 0.859311018398 0.323243430234 0.0736471124799 -0.157957076402 -0.00375337056468 0.0374491285267 -0.448215180240 -0.680317059807 -0.877580092181 -1.17388667258 -1.26427666049 -1.36335364438 -1.52378715321 -1.57474427766 -1.70632584373 -1.73769297325 -1.78373211276 -1.67187216097 -2.21245703968 -2.34955024867 -2.57094261609 -2.08088060537 -0.609334173252 0.942749262071 -0.394199219947 -1.76981324501 -0.762974654432 0.804772694244 0.0976520940278 -0.936934352264 -0.0828760936063 1.55576192211 -0.180317457993 -1.84785915362 -0.858296893004 1.66304934263 -0.694715908733 -1.42762013790 -1.14029834478 0.289253794765 0.187699056783 1.20841693881 1.23224662429 -0.162456670067 0.614894010701 0.972063826715 0.517223057550 1.78704445953 -0.217836998923 0.484093164724 0.617363226270 0.985713245206 1.27939743197 0.851055076325 0.790420480960 -0.133435409447 -0.624136631912 0.246534983367 -1.81368076818 1.20861070739 -1.16387261460 0.488263584061 0.168669846998 0.387487247634
# mat_params[1]:
 7.47954669109 10.1206576034
# mat_params[2]:
 6.92571663003 10.0079756677
# mat_params[3]:
 6.14771115808 9.19451708987
# log_m_devs:
 -0.0227004147100 0.0227004147100
# log_slx_pars[1]:
 1.56230248115 -0.265856991971
# log_ft_pars:
 -1.11128527069 -1.21021452925 -1.66899986105 -1.54781951135 -1.25385054816 -1.16136520402 -1.29335461333 -1.75823942607 -1.41871472091 -2.25590983478 -2.44137103161 -1.46710259595 -4.88729146532 -1.33721139735 -3.88212685919 -3.01917574941 -2.71917857893 -2.25388319507 -2.10979963358 -3.01370531675 -3.10242686660 -3.12930814421 -3.32376033095 -2.74606941678 -3.02570587600 -3.62640954716 -3.01840824596 -2.34640452929 -2.31527190450 -1.76710690819 -1.27079307737 -1.27727584171 -1.63570273674 -2.01719900392 -1.96125036925 -1.24835348602 -1.82017018888 -2.19333311392 -4.85533680150 -4.77544804110 -3.87188992323 -3.31172582028 -3.51336314312 -3.64900778096 -3.40327517520 -3.27537815905 -2.18675844786 -2.68033861527 -9.37849012507 -4.74202755020 -3.19082220102 -2.88905925610 -3.31805425895 -2.84335553460 -2.87656817990 -2.92158491881 -2.67287636131 -2.91436104277 -3.48394159564 -2.73246820303 -2.34336099136 -3.33073182861 -4.18224292049 -3.35756926154 -2.60633359942 -3.16879794578 -3.59430218315 -2.42900924893 -2.73231391086 -3.50472379205 -3.25218301431 -3.95155560788 -2.99678331103 -3.16582052236 -3.81347653931 -3.40941967646 -3.28922007855 -3.25477124714 -3.07443202953 -2.98170218953 -3.07338026253 -2.83664721078 -2.62364333898 -2.62571618681 -3.35620089757 -1.93567048543 -2.68526371202 -2.49313235512 -2.25423547427 -3.74072413179
