# Number of parameters = 199 Objective function value = -3488.51077936833  Maximum gradient component = 0.000312662598232389
# theta[1]:
-0.0596496430709
# theta[2]:
9.94684957148
# theta[3]:
8.60223534515
# theta[4]:
8.97408731687
# theta[5]:
0.385674701862
# theta[6]:
4.00000000000
# log_rinit_devs:
 -0.297928095324 -0.185203541575 0.0515125049476 0.111147155087 0.320471976864
# log_rbar_devs:
 1.37922243958 1.16146119247 0.893435490801 0.875384090219 0.693628779056 1.07542730661 0.634930643880 0.542515006312 0.512315816079 0.594779798403 0.508083271945 0.458803748659 0.539825787348 0.608891279655 0.831328057722 0.694106495191 0.804372817274 0.598081984355 0.857039352219 0.591532078599 0.577639592021 0.648999099596 0.545648464524 0.264647043452 0.356920071341 0.379597088821 0.231275801042 0.650075918348 0.106743088349 -0.125477978323 -0.315903301705 -0.0966135236268 -0.0149544407505 -0.484988918935 -0.674494481860 -0.820333999843 -1.08668573680 -1.16398884840 -1.26416284297 -1.43672893682 -1.48485499019 -1.62162244343 -1.65054165350 -1.69287984563 -1.57578614336 -2.13263644843 -2.25652777749 -2.46721744603 -1.98023698645 -0.521739614907 1.06941103948 -0.299327460892 -1.66055559747 -0.667854744888 0.903479829996 0.192253460007 -0.844551997979 -0.00656610087943 1.65062019714 -0.0807181470755 -1.73407880456 -0.783423878534 1.73285007010 -0.625817970482 -1.36896821406 -1.09873859927 0.317678333492 0.227481953931 1.24427351378 1.26985308953 -0.130558390922 0.643842386562 0.976959501922 0.502806065321 1.76291671716 -0.318557174620 0.310938630914 0.364196863745 0.620071043257 0.756355365736 0.421950107576 0.464202525692 -0.224268766196 -0.542005665514 0.420268022019 -1.50552573889 1.55996428918 -0.828808201080 0.790476630192 0.396443509418 0.372697062735
# mat_params[1]:
 7.57361466474 10.3824618621
# mat_params[2]:
 9.38729346261 13.8623400852
# log_m_devs:
 0.0990438666949 -0.0990438666949
# log_slx_pars[1]:
 1.67840892457 -0.218447761536
# log_ft_pars:
 -2.06711123382 -2.10201906203 -2.49316999561 -2.30867551568 -1.96555335995 -1.82896897237 -1.90297496902 -2.29914010834 -1.89693080841 -2.62843699372 -2.70350454899 -6.95551306186 -5.02965768832 -6.85982226093 -3.93305323693 -2.99487403921 -2.66787029626 -2.23434395121 -2.13713314660 -3.06447136065 -3.16831947124 -3.20972833048 -3.40736989139 -2.82686356422 -3.10979235470 -3.70518006091 -3.08366440915 -2.41566414729 -2.37859377848 -1.83585506606 -1.36881913476 -1.42263029288 -1.82922297401 -2.23700737310 -2.21227933681 -1.55320000485 -2.17498676216 -2.57027365864 -5.23223449047 -5.13906910783 -4.22942855921 -3.66737101000 -3.87017114496 -4.00624506032 -3.76078140490 -3.62917404488 -2.55743341263 -3.06451108475 -9.76225643576 -5.14430662317 -3.64304563085 -3.27877677206 -3.70780222955 -3.27009464928 -3.31277216953 -3.30321070198 -3.04762101807 -3.31715529065 -3.90523418385 -3.09918571229 -2.72121484783 -3.74209214359 -4.59512962887 -3.68760612754 -2.94049269219 -3.54439375147 -3.95446069957 -2.74721882102 -3.07273111826 -3.83531890506 -3.55937440163 -4.27249198356 -3.31844854475 -3.45431884825 -4.10749217643 -3.65368962750 -3.51609740482 -3.45616212187 -3.17536894241 -2.95490000607 -3.12069737944 -2.98888290282 -2.89579975616 -3.04346631318 -3.92864921265 -2.65041397590 -3.50682540347 -3.38889676500 -3.24202281876 -4.77595239909
