# Number of parameters = 206 Objective function value = -3710.11925120925  Maximum gradient component = 8.54988140901047e-005
# theta[1]:
-0.322479212370
# theta[2]:
7.12145908550
# theta[3]:
6.74099565240
# theta[4]:
7.22379521537
# theta[5]:
0.588246782290
# theta[6]:
4.00000000000
# log_rinit_devs:
 0.241266445033 0.154217680240 0.108812220159 -0.0761152135391 -0.428181131892
# log_rbar_devs:
 0.960952420163 0.783872167419 0.619100766232 0.682223439745 0.551417733498 0.824828268415 0.481734373850 0.441630726443 0.452718885562 0.580694668718 0.556498135394 0.483761601806 0.527974034697 0.571126505661 0.740032867037 0.727098080050 0.843280894509 0.664210471989 0.813060236495 0.590349253148 0.586045012454 0.652043458003 0.586451987386 0.384584033184 0.466677303054 0.515797168334 0.438081261286 0.788259370971 0.385306858867 0.183744805016 -0.0678638662093 -0.0418823761665 -0.0687044267299 -0.485826780894 -0.700935672088 -0.955895035870 -1.30553403507 -1.41254153067 -1.46773331362 -1.53991253238 -1.52622479189 -1.60232173801 -1.60429674643 -1.62800951797 -1.52823276496 -2.03072517645 -2.21587983991 -2.47312571445 -1.94207542191 -0.502442970602 0.952170332331 -0.308698492516 -1.77131001826 -0.740033599131 0.877910539533 0.133939348128 -0.921642776924 -0.0471958677638 1.67444226632 -0.187775313530 -1.96623548269 -0.812754447926 1.87889011164 -0.630673688544 -1.34788827941 -1.04346941510 0.453185687295 0.306167655728 1.36536529901 1.39843287148 -0.0692212343220 0.717476892366 1.08286123218 0.561971259966 1.89761892493 -0.297528772829 0.372532873886 0.408768456096 0.650229072236 0.765214898649 0.368146316085 0.351408277667 -0.417030343314 -0.746164559573 0.320916508374 -1.52070109227 1.80417643052 -0.622928211703 1.11559729193 0.764015944756 0.446420567581
# mat_params[1]:
 7.24947525979 10.1767921018
# mat_params[2]:
 7.30871163579 10.6340481138
# mat_params[3]:
 5.63734683693 8.35603742585
# log_m_devs:
 -0.0796036463301 0.0318493617965 0.103007965884 -0.203129354469 0.147875673118
# log_slx_pars[1]:
 1.26691663253 -0.508361770855
# log_slx_pars[2]:
 1.67624728886 -0.239652162963
# log_ft_pars:
 -1.12293993277 -1.20539693857 -1.62552036147 -1.49871252546 -1.20924942397 -1.11248274852 -1.20919106647 -1.62261310632 -1.25928347922 -2.10473568284 -2.30614022376 -0.784983506139 -4.57414236628 -0.807701114449 -3.45788398069 -2.63377266368 -2.36393918367 -1.88949464146 -1.73511453576 -2.64859130343 -2.74882885484 -2.80588474868 -3.03524808048 -2.46471815875 -2.76297220575 -3.41413786942 -2.84178623943 -2.19450049035 -2.17300997563 -1.57977298141 -1.03406241214 -1.02425773812 -1.38044735909 -1.73964582273 -1.64293582252 -0.870308341617 -1.39044802130 -1.76593168761 -4.49109725979 -4.49762667448 -3.67433640480 -3.18752789005 -3.47155960701 -3.65492606866 -3.42763736090 -3.31510347077 -2.19657124213 -2.67096785534 -8.61486038054 -3.71550657173 -1.81537786207 -1.57567344276 -2.17352868054 -1.83473648872 -1.71868254664 -1.70656130684 -1.51639467956 -1.84264321196 -2.30440378363 -1.53558349177 -1.25900886200 -2.40145458132 -3.14008670287 -2.28057859397 -1.66263974808 -2.39898949420 -2.79640240409 -1.48852037513 -1.60917982282 -2.36113422528 -2.20158164926 -3.01283089122 -2.06396696887 -2.18883281863 -2.72610596411 -2.34630163123 -2.28647752384 -2.27961131198 -1.96523555427 -1.65086645852 -1.78548333442 -1.66694478419 -1.58886100577 -1.74430960025 -2.64661010207 -1.35246723996 -2.09115916142 -1.82761398522 -1.61185248418 -3.15352803066
