# Number of parameters = 201 Objective function value = -3360.61226503186  Maximum gradient component = 6.61176990615028e-005
# theta[1]:
-0.638431299832
# theta[2]:
6.75407289036
# theta[3]:
5.83354663925
# theta[4]:
6.34652306652
# theta[5]:
0.454635297968
# theta[6]:
4.00000000000
# log_rinit_devs:
 0.210228288659 0.111459056411 0.118398663144 0.0186725970218 -0.458758605235
# log_rbar_devs:
 1.54393767658 1.35559858819 1.14386771502 1.17710363785 1.07627338953 1.30914076451 0.944153376780 0.826194056500 0.790468983123 0.763252767590 0.715776425850 0.706127077837 0.894598819355 1.01995145191 1.20924356056 1.10711122526 1.14808235477 1.00804291352 1.12711018763 0.849080155200 0.828410611604 0.873925137508 0.802703951230 0.629107647639 0.674266390412 0.697174434061 0.631622217475 0.971696734133 0.594264848577 0.462033783603 0.276760482045 0.227337781820 0.0915475378016 -0.361835530710 -0.557332576895 -0.754654504175 -1.31656084612 -1.60803823117 -1.86190685748 -1.94204195386 -1.94450713336 -2.01561987374 -2.04563765765 -2.07777386461 -1.95547980397 -2.33951084400 -2.44713663955 -2.81419378638 -2.43171673130 -0.877128315966 0.683531927252 -0.583256737403 -1.96160302601 -0.945694692023 0.574696734617 -0.106268103963 -1.09328105296 -0.267388615300 1.29860101950 -0.346637658671 -2.03183076892 -1.08567799780 1.37691810675 -0.869949453655 -1.53045640091 -1.29122828691 0.142127789559 0.0528423918114 1.04282842316 1.04800483917 -0.307344879776 0.425850000925 0.841893804843 0.383649401116 1.61145875354 -0.308935293106 0.387147042441 0.538964910897 0.905108374736 1.16788759378 0.778037254575 0.727431045946 -0.0862872131806 -0.525553674982 0.335118173076 -1.60652495050 1.31149882005 -1.07291355974 0.531960564352 0.253689953569 0.476693905614
# mat_params[1]:
 6.04085203215 9.28102147969
# mat_params[2]:
 4.51662209000 7.21276428684
# mat_params[3]:
 3.73688308926 5.55451013042
# log_m_devs:
 -0.0122822894625 0.0122822894625
# log_slx_pars[1]:
 0.749751847588 -3.26485077925
# log_ft_pars:
 -1.52470179977 -1.56274991063 -1.93336672800 -1.79577166722 -1.49233608162 -1.42328483362 -1.42557499930 -1.78243180474 -1.37557208493 -2.14980695933 -2.27459878345 -6.21576868478 -4.81300819247 -6.72037916555 -3.91647378099 -2.96684763490 -2.60562682964 -2.11924336690 -1.98190935623 -2.84573467710 -2.93246092292 -2.98837751550 -3.19629409953 -2.60956739208 -2.91638339327 -3.56337068652 -2.97535594269 -2.35800781292 -2.26052610244 -1.66038155793 -1.13182562464 -1.12107878405 -1.42161983202 -1.67663124432 -1.54314870710 -0.733769861762 -1.13821482652 -1.40197327501 -4.05685562406 -4.04512450145 -3.20749309629 -2.69108345325 -2.94801722147 -3.11971458973 -2.90647197581 -2.73959007468 -1.65002884910 -2.08972960624 -8.90521096533 -4.67142327715 -3.30918769966 -2.50785536348 -2.52799652017 -2.12919461037 -2.72056904972 -2.56273866837 -1.99851738641 -2.34813817744 -3.39385078649 -2.27882212376 -1.45078625089 -2.45957347270 -4.07438451785 -2.90389839266 -1.79708963588 -2.32539101627 -3.28973038532 -2.18727011320 -2.65339900558 -3.32452830055 -2.77389827614 -3.46321699787 -2.69487216401 -2.80669941808 -3.70353098714 -3.00751777550 -2.81464708161 -2.89258070584 -2.85499110750 -2.80229214909 -2.76566984881 -2.47546580302 -2.17807048760 -2.12754213933 -3.06125677364 -1.57016836243 -2.86137286252 -2.31746798501 -2.05706719676 -3.57178412718
