# Number of parameters = 202 Objective function value = -3551.51897439249  Maximum gradient component = 0.000307177157209773
# theta[1]:
0.145639891093
# theta[2]:
9.71773615808
# theta[3]:
9.72366486647
# theta[4]:
10.0628658345
# theta[5]:
0.702754220456
# theta[6]:
4.00000000000
# log_rinit_devs:
 -0.0994177194763 -0.0847582578647 0.0691067831836 -0.00517371422839 0.120242908386
# log_rbar_devs:
 0.373878065318 0.230806150915 0.0415316553590 0.165121325000 0.0748355795298 0.584063587669 0.259999950810 0.282700839190 0.394182620782 0.581317757070 0.573194104503 0.604903795205 0.767771324711 0.871305525750 1.08988472856 0.879484661080 0.853787330029 0.656385187786 0.926405074165 0.636770841007 0.603535233763 0.664136913960 0.545530041318 0.237671186074 0.324610100925 0.338599098277 0.180921170991 0.628518032906 0.0944065511421 -0.0932445402842 -0.225362932609 0.0690851248438 0.202942956141 -0.246704421243 -0.391101237165 -0.495510399912 -0.751397772428 -0.826346155551 -0.928892960985 -1.11390000649 -1.15903435583 -1.30561152244 -1.33785980049 -1.38163941979 -1.25693933440 -1.82257857437 -1.93401109802 -2.15841265728 -1.68143483939 -0.230138579006 1.40353919643 0.0416139028628 -1.31565158307 -0.327397444535 1.24844167887 0.524144500415 -0.518295880013 0.311224145518 2.01585721924 0.252539386396 -1.44798865837 -0.483312789343 2.04911422652 -0.329576128406 -1.09432362696 -0.844524754508 0.560333368897 0.479094791831 1.48905216495 1.51570306638 0.100034763320 0.862748287686 1.16458545209 0.648406126146 1.91330416748 -0.297628126546 0.212004714360 0.167697805486 0.359021116264 0.517481722735 0.122441553960 0.0413517153002 -1.03873488128 -1.51956225128 -0.567216570631 -2.60398756535 0.628434464677 -1.73426880290 0.0143726384077 -0.215838299292 0.297599279177
# mat_params[1]:
 8.07558345187 10.2036804616
# mat_params[2]:
 9.03165322882 11.9537701413
# mat_params[3]:
 6.97703973363 9.46846337465
# log_m_devs:
 0.0324986391131 -0.00588741511581 -0.0266112239973
# log_slx_pars[1]:
 1.78278836369 -0.217176488601
# log_ft_pars:
 -1.15617306020 -1.29947566046 -1.78297246565 -1.70174465464 -1.45367312595 -1.45707504737 -1.64607658657 -2.15631256586 -1.87595843888 -2.74861395206 -2.93512337510 -2.25240190640 -5.43455987874 -1.18062380249 -4.44345625683 -3.54438050314 -3.20974187585 -2.78515351595 -2.68134152736 -3.59900696022 -3.68410087030 -3.71273748006 -3.89150889446 -3.29396556859 -3.56884380289 -4.14889899555 -3.50602798706 -2.83205082896 -2.79760205094 -2.27767426174 -1.87183760093 -1.99332486352 -2.44419379475 -2.88045619195 -2.89766383085 -2.30399259875 -2.97630644995 -3.38467712605 -6.04059066676 -5.93336362608 -5.01563209327 -4.44961873348 -4.64254233065 -4.77487158356 -4.53252468019 -4.39422779085 -3.33307743791 -3.85887119196 -10.5419178895 -5.88216974031 -4.38295932120 -3.99589298919 -4.45477610500 -4.09610399129 -4.13748450915 -4.07643635555 -3.81777718035 -4.12723140405 -4.71327627027 -3.87020654461 -3.51743492770 -4.60149446078 -5.40968427063 -4.41987067896 -3.67767003293 -4.36301467153 -4.76192496009 -3.47339353916 -3.74791313391 -4.49784322500 -4.22175354156 -4.96365256166 -4.01181190859 -4.11284786238 -4.72122411593 -4.23618385065 -4.08168521115 -4.01129399873 -3.62426809314 -3.27141220610 -3.18519640520 -2.88180280193 -2.63356494721 -2.61760029623 -3.33626176185 -1.85335349379 -2.73018196754 -2.54349505388 -2.42411155034 -4.01608175860
