# Number of parameters = 197 Objective function value = -3466.60659698585  Maximum gradient component = 0.000641939344799214
# theta[1]:
-0.0547556544466
# theta[2]:
9.42144882557
# theta[3]:
8.03235960191
# theta[4]:
8.48847932353
# theta[5]:
0.336442744055
# theta[6]:
4.00000000000
# log_rinit_devs:
 -0.261916043826 -0.159713384718 0.0584410744089 0.111772921170 0.251415432965
# log_rbar_devs:
 1.44944830208 1.24049572816 0.986923833439 0.968176012752 0.788236290495 1.14028736745 0.710446721784 0.616398497529 0.575028568652 0.652356121260 0.569287428607 0.527161947955 0.611066601580 0.682967254759 0.897081078056 0.766486792687 0.864604361001 0.659593769495 0.894234458230 0.637812729003 0.622444660863 0.686899195426 0.584260812387 0.317335834280 0.401921616709 0.421027066164 0.274614901966 0.663183579270 0.133059226172 -0.116969167756 -0.339348856885 -0.176073440496 -0.127115764137 -0.598929779421 -0.816450590495 -0.993277410057 -1.26929890854 -1.34752509605 -1.43963347627 -1.59560919638 -1.63933096432 -1.76437943400 -1.78874997583 -1.82854055053 -1.71498161110 -2.25065673990 -2.37759424431 -2.58760176952 -2.10433364298 -0.641619383337 0.924979716620 -0.432203732025 -1.79835204231 -0.798640936042 0.761518550931 0.0609551459368 -0.965566480277 -0.122471279818 1.49985908815 -0.209581212518 -1.85102162601 -0.887370833133 1.60861807406 -0.724045759087 -1.45345504988 -1.17077806226 0.247975355357 0.154071386308 1.17135873860 1.19717111721 -0.183889011267 0.592832570969 0.948739774620 0.506598582509 1.76478855560 -0.219454856984 0.474565866177 0.604568694215 0.964700321752 1.24734635427 0.840916624936 0.792840949710 -0.0833703973291 -0.512802945325 0.457973689706 -1.49389293876 1.75927787368 -0.642171488574 1.03026247622 0.676699170651 0.435629217532
# mat_params[1]:
 7.16595641936 10.1239090615
# log_m_devs:
 -0.0180332926902 0.0180332926902
# log_slx_pars[1]:
 1.59838474220 -0.254278703116
# log_ft_pars:
 -2.03578060007 -2.07479715608 -2.47165016922 -2.28852528500 -1.94906369860 -1.80390961341 -1.87681359506 -2.26960353701 -1.85927132507 -2.58729267613 -2.66548849254 -6.94465058121 -5.00232592757 -6.88241039912 -3.91082446250 -2.97435346141 -2.64094037010 -2.20203065558 -2.09013682789 -3.01460756595 -3.11868809112 -3.15679559931 -3.35622545328 -2.77908486313 -3.05974440496 -3.65598390098 -3.03799575924 -2.35308085241 -2.31195791468 -1.75579842801 -1.25705839356 -1.27117003543 -1.64161609822 -2.03252844492 -1.98705557232 -1.28844442486 -1.88234064910 -2.27058135922 -4.94229484938 -4.86663201134 -3.96898616084 -3.41600643848 -3.62655927467 -3.76938289823 -3.52865806303 -3.40620761387 -2.32961956524 -2.83445251567 -9.53591112402 -4.89945485231 -3.36016318189 -3.04614392909 -3.48329794696 -3.01851599409 -3.03932690733 -3.06681575269 -2.82203501963 -3.07342104488 -3.63148144905 -2.86530466469 -2.48693814089 -3.48774648357 -4.32825915040 -3.48179658928 -2.74120854874 -3.31958697083 -3.74043555390 -2.56775441816 -2.88182271522 -3.65338742471 -3.39992971656 -4.10779826384 -3.15555632988 -3.32289894412 -3.97822191762 -3.56702490956 -3.45420159662 -3.42625272577 -3.24062905542 -3.14234930638 -3.23181619521 -3.00215448451 -2.79993417890 -2.82182417903 -3.59418664553 -2.22457046171 -3.22924606608 -3.10134353103 -2.92261365132 -4.41359207053
