# Number of parameters = 205 Objective function value = -3674.86051924412  Maximum gradient component = 6.64778996040556e-005
# theta[1]:
-0.398647772548
# theta[2]:
7.07352334912
# theta[3]:
6.63620236766
# theta[4]:
7.19267208852
# theta[5]:
0.506786585908
# theta[6]:
4.00000000000
# log_rinit_devs:
 0.233961183120 0.151603836780 0.120079312471 -0.0461077131907 -0.459536619181
# log_rbar_devs:
 0.996510264903 0.820595725182 0.655441383457 0.722014186548 0.596735651085 0.864091099224 0.523797632191 0.483286236921 0.484365675454 0.605699939738 0.579163765044 0.485708763940 0.492604573201 0.487963673121 0.636839770046 0.675529552866 0.867145988458 0.683883256998 0.821428024022 0.595568655194 0.591196237111 0.656356415184 0.593394541579 0.395092085149 0.475427346100 0.526638186530 0.455426527245 0.804524319470 0.413315441071 0.220760642647 -0.0318098240741 -0.0212409628310 -0.0605985492739 -0.476867714180 -0.689995354945 -0.960451819349 -1.33488980586 -1.45989736746 -1.52087675337 -1.58745202533 -1.57004291245 -1.64372490697 -1.64530570321 -1.66865424832 -1.56496583334 -2.06004066358 -2.25879596166 -2.55263520618 -2.09859687808 -0.655455442046 0.787376567708 -0.473389764813 -1.92513573191 -0.897010028624 0.704386755591 -0.0243833776116 -1.06600640118 -0.203476164086 1.48677576131 -0.343673315928 -2.10640617702 -0.949737013638 1.71240054511 -0.751267741777 -1.45829851577 -1.14820736699 0.341787465986 0.210168617413 1.26789558221 1.30091525799 -0.134882004998 0.652687172319 1.03511936704 0.555289685981 1.86073547252 -0.223036537005 0.486740796255 0.613556467452 0.990964087271 1.33623546954 0.899691244260 0.848418067945 -0.0488736909016 -0.486865840786 0.503569991132 -1.54291864455 1.70499419850 -0.657804422335 1.21179288877 1.03145442397 0.550209226489
# mat_params[1]:
 7.09316542408 10.3140676086
# mat_params[2]:
 5.56755792537 8.41831764446
# mat_params[3]:
 5.40417594380 7.82518014289
# log_m_devs:
 -0.0923760597831 0.0923760597831
# log_slx_pars[1]:
 1.22996599456 -0.582833515461
# log_slx_pars[2]:
 1.72452437342 -0.127439245853
# log_slx_pars[3]:
 1.60064543269 -0.433598835575
# log_ft_pars:
 -1.23160973801 -1.30956327971 -1.72811478469 -1.60121285450 -1.31726389703 -1.21737243685 -1.31438022189 -1.72745940067 -1.36349013091 -2.20012084234 -2.39294393483 -0.827389503231 -4.62649470270 -0.633291020911 -3.39192658428 -2.57752990123 -2.33974134805 -1.86291234249 -1.70464835452 -2.61751973829 -2.71593151565 -2.77433130568 -3.00526960916 -2.43302344215 -2.73199761623 -3.38804610535 -2.81853622598 -2.17502942856 -2.15451053067 -1.55716409871 -1.00727667196 -0.993000633167 -1.34486746310 -1.69814227254 -1.59523255345 -0.810288390091 -1.30992512777 -1.67130939375 -4.39523519606 -4.40764664475 -3.58907375305 -3.10527226646 -3.39315890792 -3.57829372463 -3.35139420666 -3.23887428064 -2.11292346115 -2.57600304084 -8.38384885187 -3.50875233018 -1.56425550025 -1.28350622294 -1.88080114081 -1.59728450469 -1.51103566793 -1.46500672175 -1.23565015841 -1.59639983402 -2.07613777694 -1.26339936439 -0.953600057864 -2.15659946291 -2.94733727303 -2.04672658331 -1.39321289270 -2.18978075053 -2.67167941401 -1.36500062321 -1.43064302358 -2.16602574515 -2.00241813619 -2.84925177719 -1.94399972331 -2.09423985300 -2.62852179544 -2.24795878308 -2.20498758667 -2.26836334058 -2.05101631706 -2.06788836276 -2.16745007375 -1.99762397505 -1.84478411488 -1.91157790751 -2.67830333695 -1.29525539115 -1.90660773622 -1.84329801912 -1.78879664013 -3.40322172398
