# Number of parameters = 205 Objective function value = -3551.05610229931  Maximum gradient component = 0.000261223832933294
# theta[1]:
-0.210113234681
# theta[2]:
7.97541472311
# theta[3]:
7.48041772293
# theta[4]:
7.84003781565
# theta[5]:
0.489905068718
# theta[6]:
4.00000000000
# log_rinit_devs:
 0.0541755778612 0.0611209761285 0.112391105505 -0.0222484435870 -0.205439215908
# log_rbar_devs:
 0.885505386992 0.732701143438 0.562856360063 0.599720313391 0.460423918989 0.761329325315 0.443595097032 0.416826415344 0.452697522039 0.581320559060 0.559813120807 0.572338430482 0.682157350518 0.754203148077 0.927609197420 0.803788768178 0.819470095844 0.639985290658 0.820361413973 0.599087004804 0.586571127378 0.643754744229 0.561856548895 0.344947829484 0.424642055123 0.451348349696 0.331240184307 0.658407320497 0.191243106102 -0.0587598936122 -0.304976080938 -0.227807203400 -0.227472810240 -0.666771783256 -0.908792987272 -1.12372073985 -1.39972908845 -1.47515788251 -1.54343828838 -1.65866748824 -1.68432900104 -1.77782318090 -1.78709103965 -1.81027811120 -1.70052324183 -2.14311153602 -2.23220181289 -2.39502198005 -1.84006886006 -0.392247110085 1.17203688955 -0.142806768482 -1.56993930576 -0.549665472422 1.05954700559 0.324239007940 -0.729140208311 0.136976795662 1.84192601115 0.0330556710854 -1.72347179553 -0.658768319324 1.94869809662 -0.512416277121 -1.25263286042 -0.972126844460 0.494987311988 0.376755329894 1.42373010543 1.44852492744 -0.00463583542758 0.769827023191 1.12005456362 0.600579896611 1.91068709730 -0.269522682205 0.375416487090 0.410582778854 0.654667276470 0.774033819655 0.411791567019 0.418383471356 -0.299057600294 -0.611864997994 0.383935014527 -1.51982107775 1.62450515512 -0.721398859605 0.971851126081 0.594049634797 0.344615832783
# mat_params[1]:
 7.54797442096 10.2891977350
# mat_params[2]:
 6.80893132606 9.86726947174
# mat_params[3]:
 8.11743365042 12.8320112078
# log_m_devs:
 -0.00159627064539 0.00984571803305 0.138920467871 -0.147169915258
# log_slx_pars[1]:
 1.52748568274 -0.290956254590
# log_slx_pars[2]:
 1.68520699100 -0.254423764904
# log_ft_pars:
 -1.11686036209 -1.20371615996 -1.65350149359 -1.52913250148 -1.23558014951 -1.12220348445 -1.23336188977 -1.68140074445 -1.33123470778 -2.16005277906 -2.33937890361 -1.28041810455 -4.75143059401 -1.25597777557 -3.71075247234 -2.83331466572 -2.51245625274 -2.05480848161 -1.90808553798 -2.82001450447 -2.92305656383 -2.96342608133 -3.17241668702 -2.60890436986 -2.90331802441 -3.51934632572 -2.92158502729 -2.23120937743 -2.19145127949 -1.62989190260 -1.11568968004 -1.09868488881 -1.42710506885 -1.79227826325 -1.72548708486 -0.985471117773 -1.54724830204 -1.93519042105 -4.63508752871 -4.59734436478 -3.73137731921 -3.20661221945 -3.44366747982 -3.61025689026 -3.38886644214 -3.28972720642 -2.23359389006 -2.77740554896 -9.53749347770 -4.88672511011 -3.36279494917 -3.02296016584 -3.37835536773 -2.84889817003 -2.96412558593 -3.02672770107 -2.74167375002 -2.94875409153 -3.61599601179 -2.86770325366 -2.42030125115 -3.33768545129 -4.30082835928 -3.49781512666 -2.68953544495 -3.17177032646 -3.60304553190 -2.47314563511 -2.82432904910 -3.60330775004 -3.31166795774 -3.96088031104 -2.99610228658 -3.14453552184 -3.80690682262 -3.37169763809 -3.18134187857 -3.05447991104 -2.77340380136 -2.55312569083 -2.74171234502 -2.59056809584 -2.47244914328 -2.59008341223 -3.46497667367 -2.20652994794 -2.59897671896 -2.51383334665 -2.43278012992 -4.06189057989
