# Number of parameters = 202 Objective function value = -3569.18431995183  Maximum gradient component = 0.000148877623995495
# theta[1]:
0.138238328913
# theta[2]:
9.39292719473
# theta[3]:
9.75468125047
# theta[4]:
10.0947733138
# theta[5]:
0.692290388143
# theta[6]:
4.00000000000
# log_rinit_devs:
 -0.0587234850466 -0.0554444233863 0.0852868753662 -0.0222323428139 0.0511133758805
# log_rbar_devs:
 0.0899317614308 -0.0426096501059 -0.219774452853 -0.0633603318980 -0.135208843791 0.417973596929 0.107610450288 0.159079263790 0.296779687206 0.502954269320 0.495934767100 0.517375177302 0.680229742379 0.797354738019 1.05233985515 0.877180479724 0.900789632880 0.692055026875 0.969483126642 0.664266248027 0.627313761561 0.688659256820 0.563148648674 0.240932348437 0.329873431924 0.345577928191 0.184737644496 0.657370579867 0.108896595659 -0.0771141311170 -0.208082857661 0.104816614698 0.250102065842 -0.213039613455 -0.358458617539 -0.464217451692 -0.730525359819 -0.808759765553 -0.915770233696 -1.10819564313 -1.15482697123 -1.30725931418 -1.34045358483 -1.38445440133 -1.25007007258 -1.83165174342 -1.94517022707 -2.17359599135 -1.68972420979 -0.232864296913 1.39763306254 0.0371646056503 -1.31557402611 -0.330381064351 1.24472811037 0.517766612729 -0.532140487086 0.303544052873 2.01569664982 0.243851259363 -1.45799084884 -0.494571875588 2.04725059125 -0.339217019597 -1.10777574328 -0.854432569771 0.551799232781 0.469694282718 1.47887200534 1.50456076211 0.0806483512037 0.845376786166 1.14320586507 0.618144489954 1.86505357692 -0.366845661885 0.150020847765 0.138094890123 0.378946514881 0.589061318565 0.198419137807 0.136069116418 -0.883011757954 -1.33784554626 -0.381653909348 -2.36535741321 0.863983925944 -1.42025720296 0.326446741460 0.0920430334214 0.281400368772
# mat_params[1]:
 8.12195206856 10.2856971476
# mat_params[2]:
 9.09057063055 12.0361381239
# mat_params[3]:
 7.11127982142 9.55717821633
# log_m_devs:
 0.00000000000
# log_slx_pars[1]:
 1.75784082444 -0.209676646804
# log_slx_pars[2]:
 1.90423619855 -0.311279238504
# log_ft_pars:
 -1.07820518187 -1.24007460117 -1.74013879352 -1.67625843078 -1.44712169302 -1.48341831527 -1.70189242439 -2.23927078745 -1.98343444325 -2.88295834848 -3.09047383258 -1.64522106176 -5.58868027000 -0.868401197567 -4.60497021916 -3.73669970065 -3.43482255664 -2.99887874056 -2.89250330403 -3.80586004637 -3.88465974995 -3.90714253966 -4.08084552733 -3.47598387941 -3.74370850875 -4.31949930729 -3.67512377113 -3.01223971692 -2.98028458473 -2.45867382108 -2.04785045841 -2.17704526360 -2.64422937565 -3.08573625809 -3.09861320923 -2.49820626500 -3.16553519979 -3.56891986989 -6.21920232299 -6.10623281427 -5.18410454771 -4.61358875286 -4.80682158307 -4.93607353433 -4.69041248182 -4.55154770153 -3.48906766416 -4.00543750919 -10.6913544243 -6.06718366285 -4.59796109401 -4.19666485386 -4.62522524483 -4.23434597227 -4.30156675536 -4.25397842749 -3.98647313599 -4.27739321026 -4.89397457129 -4.05374837765 -3.68097456900 -4.73123253523 -5.57413633410 -4.60063352123 -3.84360254563 -4.48915454474 -4.88716727796 -3.62759906722 -3.93478621156 -4.68509644466 -4.39179311130 -5.11269516347 -4.15487476020 -4.25469458004 -4.87177361451 -4.37195293189 -4.19662813704 -4.10251171025 -3.72404123244 -2.57502840668 -2.41487785578 -2.14813846850 -1.98960121648 -2.08167721374 -2.87154949568 -1.42447219763 -2.01265622554 -1.79586137174 -1.69176481603 -3.39187434890
