# Number of parameters = 204 Objective function value = -3592.93003907421  Maximum gradient component = 0.000211546923492951
# theta[1]:
0.0158839631404
# theta[2]:
8.36737064216
# theta[3]:
9.02804882844
# theta[4]:
9.38124248323
# theta[5]:
0.606859166615
# theta[6]:
4.00000000000
# log_rinit_devs:
 0.113889480820 0.0559069644677 0.0896151768760 -0.0627387203003 -0.196672901863
# log_rbar_devs:
 -0.0943191853839 -0.179995538256 -0.291136465817 -0.0942524189873 -0.110613156441 0.393077472588 0.156839673733 0.241423080548 0.371377038533 0.547505078457 0.479152601270 0.359869805617 0.310490360277 0.356581766366 0.553800170705 0.573203053225 0.819279999175 0.620235799459 0.851257492692 0.595210690679 0.569270155011 0.623445978935 0.517056242195 0.246253254878 0.325274816636 0.335351273970 0.184780045261 0.564582612012 0.0545313213057 -0.157856544442 -0.317508780795 -0.0899803277191 0.00454479700118 -0.423182937276 -0.579769955204 -0.691973965013 -0.923763504033 -0.985215637109 -1.07007382000 -1.22703492517 -1.26238739574 -1.38543440533 -1.40706204552 -1.44286816337 -1.32745354951 -1.83373337260 -1.92104132842 -2.10886726745 -1.60017887718 -0.162728630522 1.45289199643 0.105919300788 -1.28910870804 -0.284524290988 1.31252764893 0.580284568741 -0.466790085505 0.371841748576 2.09214244442 0.305640126491 -1.43243529936 -0.417094541257 2.15616099843 -0.270508450679 -1.02999540599 -0.774519395831 0.653224208559 0.561763084743 1.59125920004 1.62039270148 0.189040406777 0.959221231295 1.27736797850 0.770340560112 2.09440123103 -0.132072165210 0.432812410521 0.408366148798 0.638614584676 0.847552284987 0.426513943876 0.361133305632 -0.672097175236 -1.16919630799 -0.205217803557 -2.29017474839 0.977983387378 -1.44990778782 0.321478873944 0.0677058791435 0.341099528312
# mat_params[1]:
 7.97510222555 10.6234769697
# mat_params[2]:
 8.50541436027 11.4948868985
# mat_params[3]:
 6.56256740483 8.92770513998
# log_m_devs:
 -0.135635477675 0.0390548471489 0.0965806305256
# log_slx_pars[1]:
 1.48252790395 0.102599343529
# log_slx_pars[2]:
 1.73841546089 -0.283860020726
# log_ft_pars:
 -1.73456337567 -1.92211505211 -2.41017792200 -2.37638022191 -2.20357988996 -2.33058733568 -2.55690340153 -3.09098264454 -2.85651517012 -3.78886562352 -3.97433771283 -0.483572121130 -6.12139634986 -0.320502463057 -4.92200670458 -4.10726789619 -2.80881122257 -2.36553477006 -2.24746322531 -3.17213694916 -3.27057660535 -3.30424729181 -3.49065786227 -2.91005636933 -3.19521812436 -3.78107996160 -3.14616865096 -2.44363785223 -2.40386812598 -1.87929992676 -1.44954934486 -1.51801092647 -1.91854145076 -2.34410351748 -2.36056507272 -1.74997637867 -2.41434609823 -2.83486210845 -5.51214834249 -5.42976094199 -4.53196675117 -3.98411106145 -4.18788380512 -4.33579533631 -4.10677185662 -3.98856453685 -2.94150217311 -3.49232384348 -10.1917071411 -5.44211795983 -3.86726681511 -3.54389044510 -4.05008298500 -3.67375308910 -3.65180174943 -3.61552656518 -3.39993277544 -3.70085946332 -4.23500896651 -3.43175882217 -3.12349367387 -4.19917828486 -4.94694614646 -4.00518198248 -3.31803010726 -3.99434017431 -4.33529527901 -3.03680038498 -3.31031675966 -4.07665774481 -3.83788215706 -4.58557921760 -3.61282535161 -3.71943991649 -4.33670315130 -3.89587572610 -3.77828184486 -3.71102924653 -3.32691429405 -3.01108688160 -2.96962653420 -2.69220787733 -2.46024618575 -2.45156320846 -3.16574045565 -1.69623887434 -2.53373675903 -2.36295930696 -2.23176878992 -3.79174040262
