# Number of parameters = 205 Objective function value = -3582.74407525003  Maximum gradient component = 0.000215995057911198
# theta[1]:
-0.259438997137
# theta[2]:
7.94680413924
# theta[3]:
7.22104023930
# theta[4]:
7.59115720654
# theta[5]:
0.427995280650
# theta[6]:
4.00000000000
# log_rinit_devs:
 -0.0233548324679 -0.0278686499832 0.0707279349449 0.0443422003584 -0.0638466528522
# log_rbar_devs:
 1.04586946318 0.868505179996 0.660987620841 0.711104993193 0.598905263742 0.899634564029 0.553102681841 0.482150416113 0.466557592604 0.511224262624 0.447941634545 0.414506296920 0.515249233025 0.599914499100 0.805244290554 0.705538058253 0.781174738018 0.580503260334 0.762973727228 0.550172719662 0.552601883640 0.623279626143 0.551108436217 0.344131196851 0.439310051052 0.479731639226 0.365349605797 0.703654500487 0.229947080325 -0.0362653293332 -0.305699633990 -0.243559971433 -0.251571148067 -0.713126469399 -0.994279729435 -1.24982190578 -1.54605845845 -1.61566686438 -1.66658375282 -1.76464771503 -1.77468525920 -1.85365490069 -1.84666463085 -1.85549373670 -1.72809559562 -2.16473606129 -2.24196652547 -2.38679442882 -1.80563350031 -0.355822563630 1.19413660508 -0.123092455717 -1.55989208234 -0.534783946877 1.07821352301 0.337701813234 -0.720415540595 0.151635935490 1.86270367460 0.0404967720251 -1.72146341310 -0.637740611407 1.99229176008 -0.481843634708 -1.21863842528 -0.928672573529 0.545649533864 0.418362065101 1.47048867490 1.49620588053 0.0354614179622 0.814227048608 1.16616700825 0.643519402748 1.96035010816 -0.231185092187 0.409261561277 0.439218004837 0.670816262675 0.773541343036 0.418172946324 0.427393209415 -0.271768393372 -0.561379279395 0.457805458339 -1.41594288469 1.74114549631 -0.711567157742 0.909959207631 0.448417981090 0.365496461534
# mat_params[1]:
 7.05081998825 10.1300542419
# mat_params[2]:
 6.57946602543 9.63789451917
# mat_params[3]:
 7.56914503172 12.1331318232
# log_m_devs:
 -0.0116336072304 0.152347220844 -0.168028796241 0.0273151826280
# log_slx_pars[1]:
 0.585706104651 -3.72323093913
# log_slx_pars[2]:
 1.52913614255 -0.375643510100
# log_ft_pars:
 -2.28433459595 -2.33977352811 -2.69255266891 -2.55165607560 -2.25448987559 -2.26743575783 -2.29862903522 -2.67663198531 -2.30289562320 -3.11909105296 -3.22345287060 -6.30659473222 -5.62506603877 -6.52155149441 -4.64800776205 -3.67357145958 -2.23083949892 -1.78230363737 -1.63963143898 -2.55781565479 -2.68117298803 -2.73517550018 -2.95942764349 -2.41439630942 -2.72120158538 -3.34786675560 -2.76406078307 -2.07054740325 -2.04194098350 -1.49361882703 -0.969919565709 -0.917668303079 -1.20966287741 -1.56787199056 -1.50196224245 -0.724156326329 -1.23097858160 -1.59705109841 -4.30615007475 -4.29255803273 -3.44531780133 -2.93458808597 -3.17982673857 -3.36264987331 -3.16238726665 -3.08347402843 -2.03593250833 -2.59165288688 -9.35206416061 -4.61376242939 -3.00825231959 -2.76064614670 -3.19467852449 -2.66928419318 -2.67561690077 -2.76631977394 -2.53406382800 -2.73677854430 -3.30777975150 -2.61688268782 -2.23640802887 -3.16823285944 -4.01207726050 -3.27039412974 -2.53593790900 -3.03922103543 -3.40981864562 -2.25544359789 -2.56131734703 -3.35249005861 -3.12047539148 -3.79167289911 -2.79935210053 -2.95490503402 -3.56901259362 -3.17997597306 -3.02616841799 -2.89124146561 -2.58199184306 -2.33421046745 -2.53861124742 -2.40794081428 -2.30735300366 -2.44750966065 -3.33004742169 -2.09393159900 -2.94041971633 -2.81296578833 -2.58530917445 -4.02671321657
