# Number of parameters = 94 Objective function value = 191.910875051331  Maximum gradient component = 4.08848022560123e-005
# theta[1]:
-0.281308363655
# theta[2]:
4.34322157438
# theta[3]:
6.34056255275
# theta[4]:
6.59880292705
# theta[5]:
0.947737552508
# theta[6]:
4.00000000000
# log_rinit_devs:
 2.89808190122 1.94106271923 -0.176041594020 -2.27342682710 -2.38967619933
# log_rbar_devs:
 -0.411934327043 -1.31556825776 -0.476091339549 0.780642398399 0.0846649746976 -1.23269336311 -0.150022092992 1.54834047826 -0.363114802761 -1.59322654863 -1.04863657074 1.68948124568 -0.553281358533 -1.46334380257 -0.943903992680 0.334383370366 0.0259178378688 0.629690189993 0.607068629708 -0.890219463813 0.150812645687 0.283461277920 0.0563398836149 1.17410357832 -0.466422154327 0.0285616911912 0.287044119683 0.619352458815 0.780788776709 0.703529841058 0.674844547740 -0.312441610517 -0.681011110460 0.268173620863 -1.50480984467 1.38331273312 -0.700510500370 0.884907379613 0.848292755689 0.263516705522
# mat_params[1]:
 4.00000000000 4.40000000000
# log_m_devs:
 0.0945313764761 -0.198183637118 0.103652260642
# log_slx_pars[1]:
 1.75502890015 -0.133758833325
# log_ft_pars:
 -0.905507783530 -1.44653685612 -1.13840992280 -1.04431060228 -0.978038876056 -0.696161356333 -0.978745908027 -1.48662948760 -0.661196680068 -0.326608258205 -1.41529131913 -2.26082124152 -1.37176510261 -0.693674130158 -1.42884368226 -1.89781174373 -0.563040241713 -0.499244412715 -1.06386115037 -0.731945230577 -1.67627761892 -0.836697181792 -1.04472349719 -1.63297690283 -1.32353188871 -1.34794612872 -1.50318941488 -1.34736380935 -1.14735858780 -1.21662045765 -1.07546016257 -1.01048005158 -1.18129781608 -2.09405018158 -0.728284351393 -1.27450033835 -0.860315477503 -0.549142884407 -2.16943144374
