# Number of parameters = 200 Objective function value = -3489.96566770964  Maximum gradient component = 0.000143625682910348
# theta[1]:
-0.0712872960485
# theta[2]:
9.94329572798
# theta[3]:
8.59922136908
# theta[4]:
8.97132534382
# theta[5]:
0.384001601496
# theta[6]:
4.00000000000
# log_rinit_devs:
 -0.297956941924 -0.185268562224 0.0514262438492 0.111172550649 0.320626709650
# log_rbar_devs:
 1.37865304084 1.16107391469 0.893190443371 0.874968417753 0.693211108234 1.07489856521 0.634369660019 0.541927028752 0.511735018368 0.594269543831 0.507786823707 0.458779783338 0.540039578183 0.609314521090 0.831875165000 0.694789047241 0.805090255374 0.598887209794 0.857890760134 0.592586162163 0.578875736869 0.650388396598 0.547240637396 0.266474857287 0.358914159167 0.381736760601 0.233518559656 0.652320978429 0.108965160323 -0.123356044839 -0.313924542761 -0.0948800471153 -0.0134538370512 -0.483601659301 -0.673347795339 -0.819420203487 -1.08584694936 -1.16326172573 -1.26353210023 -1.43615961801 -1.48443396914 -1.62125951225 -1.65028315685 -1.69270968855 -1.57581341946 -2.13253007997 -2.25648516402 -2.46704854016 -1.97998454690 -0.521603718673 1.06897227668 -0.299219459365 -1.66050348215 -0.667779869878 0.903501536711 0.192360298606 -0.844360391307 -0.00641613153293 1.65070368801 -0.0806599345435 -1.73402636968 -0.783431059075 1.73276279735 -0.625923228951 -1.36907618631 -1.09892057765 0.317471282058 0.227228490397 1.24399527232 1.26952889477 -0.131054948708 0.643159979395 0.976115496886 0.501403790085 1.76144639854 -0.321473566706 0.307009206326 0.359006967491 0.613247427193 0.747156355531 0.412520691308 0.452477700643 -0.233192678839 -0.545492966002 0.427986356908 -1.47959743758 1.60665208959 -0.817397008642 0.778666957208 0.351362050707 0.372954317963
# mat_params[1]:
 7.56944401322 10.3774707011
# mat_params[2]:
 9.16758342649 13.4709393051
# log_m_devs:
 0.110496145736 -0.0901073749476 -0.0203887707888
# log_slx_pars[1]:
 1.67852365536 -0.219155432706
# log_ft_pars:
 -2.06289058496 -2.09768257963 -2.48894209377 -2.30460693798 -1.96153693137 -1.82474181063 -1.89868421402 -2.29487597766 -1.89272065830 -2.62407128704 -2.69920748212 -6.96163080220 -5.02574346134 -6.86672212670 -3.92948119310 -2.99151856943 -2.66467287395 -2.23132282878 -2.13412841528 -3.06152954966 -3.16558001042 -3.20714398151 -3.40495275357 -2.82471961653 -3.10784171978 -3.70336343595 -3.08202945155 -2.41403713457 -2.37710900628 -1.83459403949 -1.36764449885 -1.42113678825 -1.82730886230 -2.23499345282 -2.21027832528 -1.55103994744 -2.17258900411 -2.56772965172 -5.22960383177 -5.13637620044 -4.22663134067 -3.66445496687 -3.86704874282 -4.00302147547 -3.75748526871 -3.62585267207 -2.55402856572 -3.06113051738 -9.75873199143 -5.13992706365 -3.63754157039 -3.27410390073 -3.70404212931 -3.26672659834 -3.30849063339 -3.29904202315 -3.04402172964 -3.31375649004 -3.90087761782 -3.09514420720 -2.71789787845 -3.73919158897 -4.59083275187 -3.68343305962 -2.93702789301 -3.54142838437 -3.95086079525 -2.74306460581 -3.06799279299 -3.83064108454 -3.55524718677 -4.26864332776 -3.31423806229 -3.44988590436 -4.10219559846 -3.64855953900 -3.51096068572 -3.45042984647 -3.16800015320 -2.94542679358 -3.11171470488 -2.98028327199 -2.88761774218 -3.03607533191 -3.92383783667 -2.64953890588 -3.52580800430 -3.35957783474 -3.16988577522 -4.66216508178
