# Number of parameters = 209 Objective function value = -3704.65402406595  Maximum gradient component = 0.000209876125043318
# theta[1]:
-0.264330720148
# theta[2]:
7.15813313853
# theta[3]:
7.51382825012
# theta[4]:
7.88437344895
# theta[5]:
1.14162443482
# theta[6]:
4.00000000000
# log_rinit_devs:
 0.250325573803 0.156527837578 0.119910029134 -0.0971445581310 -0.429618882383
# log_rbar_devs:
 0.314961004717 0.156771992370 -0.00645339438673 0.121348791878 0.0433205013976 0.437724012423 0.155266723357 0.199811481957 0.316578372036 0.511493620910 0.513010168101 0.449438622025 0.397813854307 0.476242476086 0.627256735627 0.728518859457 1.02771176867 0.820222778885 1.03270811140 0.810010753030 0.812641031389 0.890148809164 0.817298084488 0.595137948723 0.705402592146 0.755974732839 0.650138835247 1.03234975065 0.538074199081 0.282947501113 0.0540417783812 0.209384072480 0.263917603256 -0.183027946695 -0.392143250102 -0.550658521623 -0.779916900161 -0.803711281812 -0.836413645422 -0.940102847799 -0.935830112130 -1.02935932869 -1.03129586480 -1.05089711368 -0.958479073226 -1.52777414021 -1.73425682625 -2.03821054426 -1.67624350236 -0.270044610131 1.23662726141 -0.0184671709745 -1.45005943095 -0.444247302424 1.15352325206 0.416480339728 -0.645507578864 0.215308473763 1.94330616041 0.100168456540 -1.67178130389 -0.610603487989 2.02167246333 -0.471828335252 -1.22562930413 -0.956216917149 0.506165625031 0.380678634748 1.41040183705 1.43850853051 -0.0155558627466 0.763038336856 1.10007484761 0.561412864181 1.98986527226 -0.332065027401 0.249559700425 0.0995971682399 0.120331165228 0.0144088776275 -0.376124025695 -0.421712199415 -1.26750002946 -1.65337028833 -0.635870011141 -2.52575666193 0.738303879187 -1.70813934324 0.0690857021817 -0.195218104914 0.0942848736700
# mat_params[1]:
 7.75850087541 10.5844104269
# mat_params[2]:
 7.95378071072 10.7926625217
# mat_params[3]:
 6.81914580305 9.86144794791
# mat_params[4]:
 5.12235803467 7.56967568725
# log_m_devs:
 -0.0473703986873 0.223737677886 -0.238041529370 0.0616742501708
# log_slx_pars[1]:
 1.29024813029 0.0110141548034
# log_slx_pars[2]:
 1.62790235018 -0.300083533684
# log_slx_pars[3]:
 1.60415963800 -0.343743817607
# log_ft_pars:
 -1.08052962305 -1.18677667992 -1.61710723527 -1.53334780390 -1.28863559511 -1.32047166392 -1.47802837248 -1.97321304111 -1.71566501725 -2.66159094659 -2.89856660573 -0.530202121948 -5.11762614180 -0.260470682052 -3.91810299527 -3.16572520171 -2.10079262355 -1.63810607481 -1.50237046213 -2.42127760684 -2.53957639797 -2.59344702462 -2.81452911589 -2.26010859507 -2.56882242293 -3.19851473888 -2.61548934028 -1.95351109889 -1.93865769639 -1.40516501628 -0.907249589641 -0.904210063605 -1.27080667098 -1.67668704426 -1.65310959348 -0.958342349723 -1.55347573117 -1.98019293846 -4.70733877257 -4.68971609216 -3.84856570592 -3.34769202472 -3.60465875058 -3.78322517408 -3.56412027320 -3.45816290099 -2.37539592369 -2.85628851859 -9.47727142806 -4.64470281676 -2.92265390725 -2.64084055442 -3.12649981630 -2.68253653665 -2.66078225574 -2.69517148894 -2.48461146516 -2.73710397717 -3.27631306237 -2.53106396489 -2.20303997633 -3.20798556233 -3.97639715048 -3.13429962647 -2.44129372507 -3.02795299228 -3.36341304754 -2.11909683670 -2.37996281268 -3.14709305784 -2.91939206125 -3.63596895243 -2.65044753167 -2.77547998316 -3.41353687293 -3.01866880925 -2.90140526417 -2.77242063313 -2.33552176559 -1.93959460522 -2.06110370134 -1.90066618244 -1.77580126336 -1.87895326294 -2.71917790755 -1.37537124104 -2.04400843359 -1.80057178588 -1.57670935884 -3.09066877343
