# Number of parameters = 201 Objective function value = -3543.70058044183  Maximum gradient component = 8.88190139311519e-005
# theta[1]:
-0.197417682741
# theta[2]:
7.93119114108
# theta[3]:
7.36898664925
# theta[4]:
7.73651345564
# theta[5]:
0.475791170756
# theta[6]:
4.00000000000
# log_rinit_devs:
 0.0585549339120 0.0649731824372 0.112801047806 -0.0216309250716 -0.214698239084
# log_rbar_devs:
 0.952059261898 0.797920194418 0.628107463620 0.660221902980 0.517507657439 0.809215440059 0.487303938398 0.454088708246 0.482592038405 0.606857481444 0.584381296709 0.600124142487 0.715510111849 0.788873663518 0.956506928565 0.824514124689 0.828418549151 0.649015503578 0.826083904689 0.606955950771 0.596139777812 0.654654971581 0.575215636463 0.362519420231 0.443897015889 0.473117637151 0.355111924826 0.680750791315 0.215780306479 -0.0368285732704 -0.289829456898 -0.223900313116 -0.231207182063 -0.674311455216 -0.927422097495 -1.15681490177 -1.44218948219 -1.52135579598 -1.58869319985 -1.70079834464 -1.72577536221 -1.81736807056 -1.82564360006 -1.84782229745 -1.73808544003 -2.17775353803 -2.26883843820 -2.43249995775 -1.87538229455 -0.426493596970 1.13351694847 -0.177755847169 -1.60754102040 -0.585203486094 1.02316549298 0.288448811746 -0.764226186756 0.103761295053 1.80610266780 -0.00319701977341 -1.76193074638 -0.689353817800 1.91924260388 -0.539861088556 -1.27767490531 -0.994307844323 0.475034607745 0.353787792979 1.40072266086 1.42556237357 -0.0269168540268 0.747409562224 1.09972750080 0.580543816998 1.89170437569 -0.286350591265 0.359837384728 0.396136962786 0.640520057827 0.759021763253 0.382013938242 0.367423170052 -0.379412478038 -0.697082605043 0.356213753131 -1.44605459105 1.87886777537 -0.534147508888 1.12773946453 0.696533761999 0.353545701793
# mat_params[1]:
 7.49953708694 10.2671369527
# mat_params[2]:
 6.67710525579 9.75486895331
# log_m_devs:
 -0.0315994216254 0.102229264497 -0.180326222132 0.109696379260
# log_slx_pars[1]:
 1.51677634607 -0.309102829258
# log_ft_pars:
 -1.12341209091 -1.20736174989 -1.65572742774 -1.52927225666 -1.23309141290 -1.11267443461 -1.21819996848 -1.66072259427 -1.30370354495 -2.12582775788 -2.30222571602 -1.30048940410 -4.71562746996 -1.35254949280 -3.68536680154 -2.80439849330 -2.47701821898 -2.02029925339 -1.87088649032 -2.78210743244 -2.88705252171 -2.92879195087 -3.14007707500 -2.58001192602 -2.87640802221 -3.49482831978 -2.90047614471 -2.20940487682 -2.17122445852 -1.61091837140 -1.09392991155 -1.06764489961 -1.38453053449 -1.74378070819 -1.67222908563 -0.919322411763 -1.46507750066 -1.84474473787 -4.54452975189 -4.51088803509 -3.64737904576 -3.12376517250 -3.36060815210 -3.52864755836 -3.30957720002 -3.21224034955 -2.15360117589 -2.69648105101 -9.45527710825 -4.78987011846 -3.24987840912 -2.92877464529 -3.29485606630 -2.76479996124 -2.86350589803 -2.93493640052 -2.65670200920 -2.86171700397 -3.51355896030 -2.77869936239 -2.33799107013 -3.25673730441 -4.20330766591 -3.41697424402 -2.61707965776 -3.10168977637 -3.52862499028 -2.39896425891 -2.73886419028 -3.52052165014 -3.23975508030 -3.89136397595 -2.92378518798 -3.07602177663 -3.72856385757 -3.30510676808 -3.11957311779 -2.99304995579 -2.71174949555 -2.48941240378 -2.67111564779 -2.51008935465 -2.37942944579 -2.48265707236 -3.34998825207 -2.09193556817 -3.12553346234 -2.95432397193 -2.70085831468 -4.15120129132
