# Number of parameters = 95 Objective function value = -1254.66191120087  Maximum gradient component = 2.51289527858337e-005
# theta[1]:
-0.470510354105
# theta[2]:
4.54899783887
# theta[3]:
6.26022718314
# theta[4]:
6.45766852781
# theta[5]:
1.16021730280
# theta[6]:
4.00000000000
# log_rinit_devs:
 2.81228114182 1.61738905157 -0.0584591161504 -2.14771214830 -2.22349892894
# log_rbar_devs:
 -0.221890255538 -1.57543736423 -0.592270212974 1.00314375202 0.205911736840 -1.01412788880 -0.0568839106089 1.80002576388 -0.215503574940 -1.85436860810 -0.907474059993 1.94525495744 -0.628806532907 -1.46920456470 -1.12421697077 0.318086585358 0.0704617121519 0.947326458494 0.792901821909 -0.835215102368 0.0982734493039 0.447919891427 0.0426285378802 1.27238747067 -0.606728590425 0.0239442043387 0.212267476899 0.565880298382 0.784719666663 0.451611634863 0.397939839900 -0.478686809067 -0.873238311198 0.0917592454252 -1.79311794008 1.34826173711 -0.817090465629 1.04379259811 0.982068498178 0.217693825096
# mat_params[1]:
 4.93224718679 7.48642447645
# log_m_devs:
 0.194196051398 -0.194196051398
# log_slx_pars[1]:
 1.59484559109 -0.244581906011
# log_ft_pars:
 -1.72752465459 -2.23712987548 -1.81354087033 -1.72986984972 -1.74939500435 -1.50997063153 -1.74079882354 -2.26795601546 -1.54339867023 -1.22188011857 -2.23421941700 -3.04543948310 -2.25495711982 -1.58706803525 -2.20803013396 -2.56537912835 -1.25707801187 -1.26948024934 -1.88287768214 -1.59105619807 -2.50455917339 -1.63955334784 -1.86463696597 -2.42193668555 -2.11803059516 -2.12781357047 -2.22160893606 -2.04254539880 -1.85627059813 -1.91375644677 -1.72035089955 -1.58771261327 -1.69208233205 -2.54720248934 -1.18970822696 -1.78568708942 -1.67873218028 -1.60668437013 -3.33638583701
