# Number of parameters = 209 Objective function value = -3719.18164922171  Maximum gradient component = 0.000135087552474280
# theta[1]:
-0.327851593613
# theta[2]:
7.30638343339
# theta[3]:
7.05808251729
# theta[4]:
7.44428162914
# theta[5]:
0.932135123773
# theta[6]:
4.00000000000
# log_rinit_devs:
 0.211089844677 0.153442165970 0.119655244103 -0.0813468907220 -0.402840364027
# log_rbar_devs:
 0.803979196605 0.638527610448 0.477300671731 0.543475254089 0.413736109503 0.712487420133 0.389657634253 0.373030933829 0.421206141489 0.573333393060 0.550955532818 0.504675085796 0.566350687287 0.641075758236 0.866927329011 0.886842837632 1.05774783147 0.871753701020 1.03923832856 0.810866328041 0.796936802230 0.855245918462 0.775350195314 0.555239324086 0.632912268349 0.669739819119 0.573871028752 0.926599760856 0.497449438704 0.285168105854 0.0527975596338 0.135074337901 0.148583947310 -0.262376049050 -0.460649182401 -0.657204152514 -0.942192969726 -1.01594716121 -1.07304993723 -1.17450424932 -1.18261214626 -1.28214084558 -1.30279936828 -1.34601412856 -1.27099410394 -1.81131805886 -2.01399971050 -2.29765751662 -1.85384545319 -0.429971596118 1.04630571894 -0.213254371528 -1.66096411898 -0.637999156571 0.973595264654 0.241018420814 -0.808853227176 0.0475872124842 1.76560772216 -0.0742343513490 -1.84366045639 -0.730239305913 1.92720567920 -0.567787877939 -1.29982450005 -1.01804755519 0.457380778055 0.322807097656 1.36770505139 1.39747772516 -0.0578727877178 0.722805964473 1.07672478726 0.550522865379 1.94094306351 -0.309900941493 0.303733449852 0.213821537097 0.289897866872 0.238720939239 -0.157300366681 -0.206496808160 -1.02940274455 -1.40252631459 -0.379638780976 -2.26653695854 1.00367537962 -1.46094996839 0.315511779196 0.0544018759414 0.197180751031
# mat_params[1]:
 7.55086490977 10.3735214991
# mat_params[2]:
 7.62974338640 10.7386684741
# mat_params[3]:
 6.21063002924 9.15798277476
# mat_params[4]:
 4.90262838377 7.27858028387
# log_m_devs:
 0.00489501439222 0.179437737674 -0.254522235875 0.0701894838083
# log_slx_pars[1]:
 1.36570671517 -0.367779766667
# log_slx_pars[2]:
 1.74835655643 -0.177207609834
# log_slx_pars[3]:
 1.56522439493 -0.373651809116
# log_ft_pars:
 -1.03018386765 -1.12134441219 -1.55514539122 -1.43510530621 -1.14950026283 -1.06119293532 -1.17707393727 -1.61793731023 -1.27994152370 -2.14857563006 -2.36323334353 -0.781934612886 -4.67838686665 -0.765123226929 -3.60648206698 -2.81104481869 -2.58629384337 -2.10724833716 -1.96301752282 -2.87325319597 -2.96237655792 -3.00504688614 -3.21840044151 -2.63676494481 -2.92429299297 -3.55701942884 -2.97009979158 -2.32238386632 -2.29390118391 -1.70834072131 -1.18413717125 -1.21127763415 -1.60412823459 -1.98286425119 -1.90358924105 -1.18257613057 -1.76736908920 -2.17378075629 -4.88921322101 -4.86553119667 -4.01712998393 -3.50881617090 -3.77291086246 -3.93383911243 -3.68231106883 -3.54641717276 -2.41995907891 -2.87129386481 -8.66451599457 -3.78178242803 -1.90513738958 -1.61881768668 -2.20271398745 -1.91209721701 -1.84198521929 -1.79219437473 -1.57653503353 -1.93202244879 -2.41742204413 -1.60197797287 -1.31147569584 -2.49533290843 -3.24985006882 -2.31125883292 -1.64842299985 -2.42494194929 -2.85307604526 -1.51042255910 -1.59864161068 -2.33359642527 -2.14742750104 -2.96813910723 -2.03899760449 -2.15638669868 -2.70752206553 -2.31120186746 -2.24527796549 -2.25142828680 -1.89650730361 -1.90755617633 -2.03352829520 -1.86748831342 -1.73450490497 -1.83374903836 -2.67730477318 -1.35114065573 -2.03170627282 -1.81144808245 -1.57704662648 -3.07856028415
