# Number of parameters = 203 Objective function value = -3469.95741185738  Maximum gradient component = 4.61591770925154e-005
# theta[1]:
-0.663564339024
# theta[2]:
6.73010273376
# theta[3]:
5.65022829871
# theta[4]:
6.19583366706
# theta[5]:
0.660162663334
# theta[6]:
4.00000000000
# log_rinit_devs:
 0.206487763072 0.119276673300 0.121504927469 0.0324464619663 -0.479715825807
# log_rbar_devs:
 1.64068613650 1.45176038638 1.23870495074 1.24676103040 1.13306554044 1.28175988127 0.901601620556 0.715004621976 0.612535490807 0.440790442868 0.313260992782 0.204910868892 0.350870481409 0.486025618078 0.726609081007 0.740931307650 0.851599083519 0.742242121819 0.805238393371 0.507801731055 0.507220306565 0.567959367249 0.539069519486 0.433901261568 0.488792223204 0.544955205568 0.554945932781 0.893380141653 0.617001848936 0.544713505033 0.392299696418 0.296989202265 0.118473240639 -0.298235210939 -0.462323495617 -0.634279034148 -1.25260029690 -1.58838478774 -1.86877946577 -1.87089070849 -1.80273923243 -1.81592284963 -1.80732924556 -1.80927831325 -1.67606691836 -2.04213889885 -2.22795337710 -2.69076617760 -2.38902688048 -0.820591485494 0.670287663583 -0.498037433356 -1.91671903330 -0.900428875193 0.636700183416 -0.0572347184650 -1.04803208605 -0.217595966248 1.39517922457 -0.294583746734 -2.06517187526 -1.05156480116 1.47074942288 -0.828284456742 -1.48615147251 -1.25482383982 0.209859812314 0.113675520638 1.11598832552 1.13106161812 -0.253246560172 0.478307916456 0.899525157620 0.417561393166 1.66867317808 -0.290800537769 0.431226957112 0.588053551237 0.967036760931 1.25317605003 0.866435705780 0.837405747567 -0.0326057286275 -0.480238348961 0.491166543053 -1.50581069047 1.57565293935 -0.938314180677 0.851274066505 0.682795556807 0.533296202263
# mat_params[1]:
 6.08966496290 9.54983457868
# mat_params[2]:
 3.92785954005 5.76011516001
# mat_params[3]:
 4.14503283992 6.25490192883
# log_m_devs:
 -0.00117550479323 0.00117550479323
# log_slx_pars[1]:
 0.655860544082 -3.07466549985
# log_slx_pars[2]:
 1.68170999858 -0.0559724391688
# log_ft_pars:
 -1.48086986000 -1.49717459807 -1.85313452262 -1.69682207277 -1.37020245853 -1.23685953843 -1.18115320542 -1.47185884645 -0.973120762629 -1.63110379037 -1.66617760762 -4.82546104186 -4.12357355303 -4.56401036183 -3.21665937671 -2.29091144771 -1.95622487250 -1.46455333981 -1.28721806408 -2.14089919935 -2.25796358070 -2.34868691715 -2.59945498683 -2.04596369239 -2.39080032061 -3.09385359476 -2.56323230729 -1.98180974890 -1.92460580936 -1.35388388545 -0.827920873089 -0.805701367880 -1.09804000418 -1.36569147427 -1.25989143061 -0.441608411075 -0.786523667097 -1.01587110548 -3.70184701730 -3.77261722028 -3.01430506367 -2.56851267933 -2.89731009199 -3.12049915838 -2.94002549235 -2.80665194175 -1.71557133486 -2.14298097847 -8.90183941930 -4.58178818741 -3.12675692129 -2.33742376052 -2.34801830622 -1.94841115374 -2.57245733655 -2.41146584455 -1.83607228357 -2.18626595936 -3.28456721363 -2.16280418746 -1.31432616239 -2.30592262629 -3.96918691895 -2.79890271364 -1.68591897239 -2.19974167131 -3.16686600075 -2.06208966348 -2.53367915645 -3.21344715931 -2.66285429390 -3.34544911686 -2.57651835419 -2.67813537120 -3.57550016731 -2.87974617015 -2.68568566626 -2.76201074535 -2.72934760598 -2.69007581692 -2.65993482052 -2.38251340272 -2.08299601884 -2.01955049739 -2.97533379924 -1.49783737927 -1.34492643005 -1.09766547669 -0.890630227090 -2.52795476998
