# Number of parameters = 202 Objective function value = -3576.19145236828  Maximum gradient component = 0.00499379667329712
# theta[1]:
0.0990969515098
# theta[2]:
9.73142489622
# theta[3]:
9.22471832887
# theta[4]:
9.54529109067
# theta[5]:
0.607837730784
# theta[6]:
4.00000000000
# log_rinit_devs:
 -0.160855085844 -0.113375357938 0.0565937591990 0.0265130426501 0.191123641933
# log_rbar_devs:
 0.761439512153 0.579306149028 0.352350557369 0.444250359143 0.318773492077 0.787252771858 0.398751464280 0.364380814055 0.399031195448 0.529225454049 0.472886032906 0.452824593978 0.572387416816 0.662531292912 0.897038161529 0.738490581826 0.826477194345 0.614213562777 0.893669590240 0.608454708454 0.587446910307 0.659971182602 0.547985323411 0.244443848202 0.343476630446 0.365739050416 0.208129207780 0.666379297487 0.107490721378 -0.102558859661 -0.256272061695 0.0299907293208 0.156112915096 -0.313927568578 -0.473312375956 -0.587805560267 -0.848240250034 -0.919021125248 -1.01807198339 -1.20010464947 -1.24222860592 -1.38645005745 -1.41465615488 -1.45648503949 -1.32422499287 -1.89844502312 -2.01046581371 -2.22965047451 -1.74415605871 -0.287392986002 1.32534583301 -0.0375515951367 -1.39843664779 -0.404298558055 1.17259453688 0.450509167430 -0.593218605329 0.240342326426 1.93698440163 0.177129801556 -1.51116490007 -0.548195374629 1.98708847537 -0.390173947267 -1.15169888871 -0.893185218484 0.514903120245 0.430802613152 1.44274446962 1.46865801907 0.0580307693829 0.827558958431 1.13798804223 0.640431906473 1.93524190517 -0.253220105550 0.288613762014 0.259950040123 0.473252215582 0.654405385686 0.249419425792 0.178858098956 -0.871412752217 -1.35982293948 -0.401604468136 -2.45878368493 0.784217079986 -1.60758452736 0.151917774728 -0.0797313056562 0.295664309136
# mat_params[1]:
 7.94681627938 10.3612385940
# mat_params[2]:
 8.57085855633 11.5263463026
# mat_params[3]:
 6.64179296921 9.07715356924
# log_m_devs:
 0.00000000000
# log_slx_pars[1]:
 1.65760003876 0.122871067073
# log_slx_pars[2]:
 1.74861393822 -0.279589078024
# log_ft_pars:
 -2.18983883428 -2.30476055234 -2.70280798317 -2.56421748954 -2.28137282608 -2.31986446919 -2.43786216421 -2.85803061056 -2.50913846527 -3.34583242120 -3.47375621960 -4.03439007158 -5.86893501784 -2.95784245634 -4.87793705495 -3.93201513040 -2.83384265366 -2.40866462117 -2.30782300920 -3.23664060546 -3.33817478821 -3.37607074407 -3.56410869265 -2.98160323849 -3.26433446160 -3.84833943802 -3.21381162412 -2.53584535074 -2.50879317419 -1.99572883225 -1.57527876403 -1.65704703884 -2.07954798428 -2.51628427567 -2.53737055001 -1.92974802231 -2.58402750177 -2.98816947883 -5.64547080486 -5.54334165020 -4.62870386038 -4.06454510056 -4.25488374957 -4.38963710232 -4.15099290574 -4.02228986989 -2.96287084979 -3.48916663504 -10.1604364259 -5.44571168751 -3.88146937117 -3.56926041700 -4.09565337340 -3.74214017806 -3.70529703537 -3.65842489436 -3.44562181423 -3.75844860043 -4.26661839095 -3.45791797544 -3.16009466424 -4.25817474206 -4.97887209195 -4.02004464116 -3.33786459512 -4.04113721645 -4.39472471173 -3.08719093453 -3.33516690688 -4.09534016442 -3.86509632443 -4.62630694670 -3.65936000613 -3.76898972167 -4.36619588627 -3.92705699518 -3.81504188790 -3.76183524422 -3.37890223756 -3.04424134204 -2.98692545539 -2.70378471786 -2.47364733231 -2.47145388611 -3.18756914966 -1.71276012740 -2.51567081892 -2.34332368993 -2.21879864483 -3.79678809008
