# Number of parameters = 203 Objective function value = -3518.97168580580  Maximum gradient component = 0.000365854173508665
# theta[1]:
-0.228019553857
# theta[2]:
7.78196183034
# theta[3]:
7.18355931138
# theta[4]:
7.59374653155
# theta[5]:
0.454048609682
# theta[6]:
4.00000000000
# log_rinit_devs:
 0.0700478878182 0.0698402844018 0.115608958335 -0.0275294475757 -0.227967682980
# log_rbar_devs:
 1.02769205480 0.859694695806 0.677181720926 0.715872016113 0.564698189590 0.881380631739 0.530038164808 0.491416096266 0.515627055455 0.645629429666 0.612794821902 0.615453498460 0.730909682655 0.807558941672 0.990470414614 0.857539928524 0.873531982010 0.683700461595 0.876850895098 0.644609049944 0.635324346616 0.700964334901 0.617462493189 0.390398714004 0.479451531000 0.514425503707 0.392590234511 0.752000945158 0.264272004082 0.00737278798353 -0.254820266883 -0.178091594237 -0.178773241318 -0.644380454755 -0.907494932810 -1.15328626667 -1.46435338250 -1.54929738996 -1.61742242194 -1.73058110841 -1.75113008164 -1.84479140205 -1.84977046825 -1.87076005867 -1.74697054997 -2.21544605197 -2.31990710917 -2.50114097157 -1.96664001815 -0.500244672072 1.04730600632 -0.274613992442 -1.67699428649 -0.661794964616 0.920794330954 0.202234422400 -0.838692520958 0.0250352831718 1.68180104341 -0.0839582318801 -1.79268186276 -0.759744479801 1.79842079429 -0.597163259285 -1.32748598782 -1.03584220093 0.415279024952 0.301715334986 1.33610781423 1.35987614923 -0.0537529016097 0.724380783776 1.09091977881 0.622197097699 1.91277492014 -0.120341395852 0.594488217772 0.730348791166 1.10340378236 1.40809252753 0.971331811958 0.912605582222 -0.0348736166619 -0.550816114821 0.297361175841 -1.82085104227 1.18848337236 -1.20879278280 0.476764907336 0.201974035095 0.403092469179
# mat_params[1]:
 7.35608924151 10.1473586813
# mat_params[2]:
 6.55717092563 9.68379086672
# mat_params[3]:
 5.39197304614 8.08418034673
# log_m_devs:
 -0.0402446203510 -0.0371654513274 0.0537298246223 0.0236802470561
# log_slx_pars[1]:
 1.48694393467 -0.326482032831
# log_ft_pars:
 -1.11375598195 -1.19962351705 -1.64659655274 -1.51682238402 -1.21596588966 -1.09585812080 -1.20173253933 -1.63989108528 -1.27559456062 -2.09525084760 -2.27276795870 -1.21907914030 -4.66910576740 -1.28772716197 -3.63828274972 -2.76652153403 -2.44523253613 -1.98937679744 -1.84116153018 -2.75535852479 -2.86233309251 -2.90593472605 -3.11981235809 -2.55834818031 -2.85167144117 -3.47049324288 -2.87704345609 -2.19033633038 -2.15717870483 -1.59339385587 -1.06412384984 -1.02752119520 -1.34372089671 -1.70478375108 -1.62897078094 -0.860365646736 -1.38543534764 -1.75214723102 -4.44900619774 -4.41885975416 -3.55742878457 -3.03422323050 -3.27195393005 -3.44103651453 -3.22477245671 -3.12888563914 -2.06098653706 -2.59001826469 -9.33641394852 -4.68496416224 -3.12992166073 -2.83515841092 -3.21692350690 -2.69689025775 -2.76727596495 -2.84572346235 -2.57357291315 -2.78380244636 -3.39506254907 -2.67182586641 -2.23643997825 -3.17483100706 -4.08678420998 -3.31545053722 -2.52172073614 -3.02836482508 -3.47400739663 -2.34982971174 -2.66606606013 -3.44952748163 -3.18615791043 -3.85277863613 -2.89969529446 -3.07842928095 -3.73403921843 -3.34309664339 -3.19490566059 -3.14245519163 -2.97886068179 -2.90332126789 -3.00004928435 -2.74885475778 -2.52261763838 -2.50117056650 -3.21073440333 -1.78386063410 -2.49315400639 -2.32457442182 -2.05415549258 -3.54750676267
