# Number of parameters = 205 Objective function value = -3537.32657910906  Maximum gradient component = 0.000403502161491673
# theta[1]:
0.0151088052170
# theta[2]:
10.2310758367
# theta[3]:
8.98117283376
# theta[4]:
9.27195532240
# theta[5]:
0.693336009180
# theta[6]:
4.00000000000
# log_rinit_devs:
 -0.301241594085 -0.182268463615 0.0625562915019 0.106259629214 0.314694136984
# log_rbar_devs:
 1.30034376771 1.07174390802 0.788445026644 0.781315741312 0.594557855874 1.00977356524 0.551593949788 0.458590274057 0.435619793921 0.523742053105 0.430940375553 0.374179944654 0.455470859908 0.525359564682 0.761775163928 0.618557834119 0.743226992817 0.531770406960 0.816607768451 0.538594827875 0.527566720857 0.609453869947 0.505656019923 0.209196074428 0.313632063444 0.346569923546 0.201615469559 0.667524777050 0.115514220437 -0.0933316823328 -0.252597576585 0.0289755758513 0.154789781606 -0.311909812588 -0.471324562853 -0.587707243794 -0.847772580873 -0.915145898718 -1.00945537396 -1.18548424640 -1.22276051014 -1.36156585727 -1.38436577733 -1.42090565650 -1.28530924570 -1.85958131728 -1.97345857251 -2.18567078229 -1.69587393011 -0.226898822154 1.38569308975 0.000159112899151 -1.34998850494 -0.368262080265 1.20707406981 0.481897990222 -0.566610004371 0.267238072822 1.95637441215 0.196781108658 -1.46965892608 -0.539102661257 1.99444156764 -0.386346813283 -1.14549514979 -0.885709396403 0.524715394203 0.440684671053 1.45753964599 1.48160780365 0.0666863266306 0.838127219214 1.15035030919 0.644141152921 1.97878781656 -0.260173765652 0.255833105286 0.149212317238 0.234446573692 0.220938038752 -0.172921336579 -0.241874334569 -1.18824598942 -1.61756928591 -0.634287989845 -2.55472268434 0.696389833740 -1.53313584919 0.258345715130 0.0940724725913 0.230982230253
# mat_params[1]:
 8.11793186488 10.8854468825
# mat_params[2]:
 6.46610646823 9.10752838362
# mat_params[3]:
 6.81460184781 9.58712822048
# log_m_devs:
 0.0888373636127 -0.0888373636127
# log_slx_pars[1]:
 1.70783341727 -0.215593458625
# log_slx_pars[2]:
 1.87188367024 -0.153602783698
# log_slx_pars[3]:
 1.75938863293 -0.414315800864
# log_ft_pars:
 -2.09883891622 -2.13988256058 -2.52963446652 -2.34286343646 -1.99568515227 -1.87063214660 -1.94915129719 -2.34774390230 -1.94651014746 -2.68223556009 -2.75648591968 -6.73516386138 -5.07655446105 -6.56912396115 -3.98215985258 -3.04512712117 -2.72424688893 -2.29311763443 -2.20794113448 -3.14010528447 -3.24436456409 -3.28909603225 -3.48802672837 -2.90447788871 -3.18882749748 -3.78695091425 -3.16749925219 -2.52309697410 -2.49795654059 -1.96842650044 -1.52465434561 -1.62019418913 -2.07439140502 -2.50935208393 -2.50708999150 -1.87986615999 -2.52830910716 -2.93584002195 -5.60069283580 -5.50616105579 -4.59966366840 -4.04217582306 -4.25279521397 -4.39335794385 -4.15310594054 -4.02446085267 -2.96283504521 -3.47411815447 -10.1750351961 -5.58978586298 -4.13274945765 -3.73648825820 -4.14518036585 -3.70781953102 -3.77372855444 -3.74718879695 -3.47721615019 -3.74452814226 -4.36279942808 -3.53683047073 -3.14741273478 -4.16062736329 -5.02435942237 -4.08587693436 -3.32096219412 -3.91983789352 -4.32109736189 -3.10228343461 -3.44171854411 -4.19964271701 -3.90362111452 -4.60834860003 -3.65005643383 -3.76617354300 -4.44501660987 -3.97087235174 -3.80372329634 -3.68324236686 -3.26636776695 -2.25509076623 -2.20195496980 -1.96348647636 -1.80546236533 -1.89641801398 -2.71210155539 -1.30051260917 -2.13125588219 -2.02612568608 -2.01686286048 -3.74558533709
