# Number of parameters = 201 Objective function value = -3527.75252922035  Maximum gradient component = 1.73314174424750e-005
# theta[1]:
-0.163677202929
# theta[2]:
8.50420664154
# theta[3]:
7.84970187122
# theta[4]:
8.21270114780
# theta[5]:
0.431718177389
# theta[6]:
4.00000000000
# log_rinit_devs:
 -0.0732961603660 -0.0312540644909 0.0850732895730 0.0548590229185 -0.0353820876347
# log_rbar_devs:
 0.871246731214 0.717409202056 0.538245789744 0.556408358492 0.416795927957 0.680429224077 0.362079923681 0.307810747764 0.301823120342 0.399444446849 0.371933959734 0.370031052591 0.460874894432 0.551323321990 0.766156011103 0.728341127714 0.862188065064 0.678355049042 0.834851463853 0.621656732646 0.599106798098 0.639027550874 0.550793688242 0.337279863834 0.397791373969 0.407778125448 0.284266733480 0.569258546364 0.127449325600 -0.112656478890 -0.339342872659 -0.261685140362 -0.259349154944 -0.667021608784 -0.884826101885 -1.06964104626 -1.31405502068 -1.38444044937 -1.45603472502 -1.57496026035 -1.60739553804 -1.70289155148 -1.71923112706 -1.74864755820 -1.65934070791 -2.08907820435 -2.17751005180 -2.33990273808 -1.79831126072 -0.357222643742 1.23128683382 -0.0969067606023 -1.53172943983 -0.508476682023 1.11017472011 0.372253639027 -0.676644082678 0.182355868643 1.89387071067 0.0885774878663 -1.67538798440 -0.607453486965 2.00005422417 -0.470308797521 -1.20988034922 -0.937792769773 0.528361087098 0.414976493753 1.46902822443 1.49599845311 0.0375044800772 0.808586967812 1.15515020832 0.632239219191 1.93709297786 -0.258272343617 0.374746705957 0.393193883003 0.616100661299 0.715437399538 0.386251409712 0.435475923553 -0.226008544299 -0.510146069369 0.486438314932 -1.44108898837 1.65880406889 -0.763420649453 0.885513675158 0.456309009738 0.361121384697
# mat_params[1]:
 7.11750156402 10.0833606000
# mat_params[2]:
 9.29878941150 14.5629206388
# log_m_devs:
 -0.0619143552194 0.0455492770205 0.163531969171 -0.147166890972
# log_slx_pars[1]:
 1.56842716714 -0.272556845944
# log_ft_pars:
 -1.53410120600 -1.59584444109 -2.02928946512 -1.89282065944 -1.59681835452 -1.46302115282 -1.55424424379 -1.98227818944 -1.61050605814 -2.39208840259 -2.52235589405 -2.73341150015 -4.93981755823 -2.05204933681 -3.87016899987 -2.98056472644 -2.69396982225 -2.22453785200 -2.07814429713 -2.98730252940 -3.07979316647 -3.10984158297 -3.30651926710 -2.73266692626 -3.02059030499 -3.62568049955 -3.01452884319 -2.31079294820 -2.25945856844 -1.69463075892 -1.19370404361 -1.19987287248 -1.54451536182 -1.91686754077 -1.86012078815 -1.15153714566 -1.74978499431 -2.15493341385 -4.85383426479 -4.80711736341 -3.93520787083 -3.40738686164 -3.64234910429 -3.80391181764 -3.57283722783 -3.46650813552 -2.41385784458 -2.95949936116 -9.71628891179 -5.07307729644 -3.57810681870 -3.21514307159 -3.56794447352 -3.04066611360 -3.16501832050 -3.21177511805 -2.92704233346 -3.14068072999 -3.82053452487 -3.05295701793 -2.60992531198 -3.53006972262 -4.50404490525 -3.67496553180 -2.87062048317 -3.35490002860 -3.77617206551 -2.63871464842 -3.01340645702 -3.79165539898 -3.49002241313 -4.13996111392 -3.17173861438 -3.30982190478 -3.98205933284 -3.52679886016 -3.33328902571 -3.19741300437 -2.89483186919 -2.65643094403 -2.86524862053 -2.74333119936 -2.65687916792 -2.81149361284 -3.71728002836 -2.48516748435 -3.37534016657 -3.31447440314 -3.16566275880 -4.67784413320
