# Number of parameters = 203 Objective function value = -3561.65326957971  Maximum gradient component = 6.98200618095812e-005
# theta[1]:
-0.119288319882
# theta[2]:
9.11072339328
# theta[3]:
8.23465310390
# theta[4]:
8.56214897558
# theta[5]:
0.439321449305
# theta[6]:
4.00000000000
# log_rinit_devs:
 -0.159210822180 -0.109365231070 0.0572470325620 0.0409992708749 0.170329749814
# log_rbar_devs:
 1.10518493769 0.905874436593 0.667187087060 0.723709455996 0.578622593058 1.00286075411 0.596859464642 0.542699488581 0.549054075358 0.660945433851 0.600120398347 0.585820779397 0.706167213447 0.792749080310 1.01924115810 0.858183810723 0.941527495911 0.720313822358 0.984589381331 0.703170929375 0.691362359640 0.770675400892 0.669042242468 0.384492389813 0.493597647398 0.528711670282 0.379489861679 0.837274680532 0.261431296633 0.0145012053654 -0.194107628133 0.0279868211519 0.106179618851 -0.399870051665 -0.614125806132 -0.782342245561 -1.07041327016 -1.15556302670 -1.26297690116 -1.44516042638 -1.50074412781 -1.64704417607 -1.68143084926 -1.72960417557 -1.60704682685 -2.18538628213 -2.31806116272 -2.53549542322 -2.03312319676 -0.570520805168 0.990295259999 -0.355537576247 -1.72851584920 -0.725440942816 0.852039890812 0.136734387123 -0.908982522331 -0.0593053889658 1.61383707355 -0.142504317627 -1.81450478585 -0.835380793379 1.71251482067 -0.671825508492 -1.41785044665 -1.13859982831 0.287484291943 0.189439485467 1.20901574997 1.23540940714 -0.177637177133 0.603574326134 0.938672732617 0.456094045385 1.72861670892 -0.373000464011 0.260901264501 0.313305692981 0.572311385666 0.709799333366 0.368627617138 0.396253219079 -0.311900618624 -0.631365338147 0.344625275484 -1.57286696053 1.53179602718 -0.841074174927 0.816673999593 0.441281919162 0.320378169861
# mat_params[1]:
 7.56631720706 10.1671566565
# mat_params[2]:
 7.31913045151 10.2573366542
# mat_params[3]:
 8.95382574723 13.5284072070
# log_m_devs:
 0.106130824772 -0.106130824772
# log_slx_pars[1]:
 1.45152238820 0.0678954313588
# log_slx_pars[2]:
 1.66201360496 -0.285894194464
# log_ft_pars:
 -2.20327240377 -2.29808725945 -2.67548336520 -2.51173544686 -2.20461069678 -2.20970573601 -2.30286303097 -2.69619257365 -2.32201123385 -3.14042672831 -3.26053780762 -5.94209111776 -5.65987288752 -6.08919541776 -4.67613664767 -3.72154306696 -2.58500503121 -2.14433184024 -2.02736912684 -2.94454676657 -3.04852719290 -3.08584331890 -3.28284129370 -2.71240200754 -2.99820594452 -3.59359478775 -2.98072056264 -2.31409939248 -2.29192010747 -1.77097597655 -1.30664910137 -1.32891081932 -1.70210010673 -2.10564971553 -2.08429456899 -1.40972269811 -2.00134398505 -2.37801248729 -5.02693444152 -4.92707848328 -4.00817486464 -3.43512510239 -3.61892646938 -3.74616699507 -3.49858374982 -3.36716445779 -2.28726724431 -2.78665190976 -9.46248305060 -4.76478627282 -3.17446186490 -2.89588994091 -3.40524312655 -2.98799388509 -2.94715427542 -2.95443417035 -2.74867439380 -3.02553626510 -3.53363306565 -2.76726080140 -2.45376642661 -3.49954924048 -4.25013910663 -3.37606202022 -2.69597705440 -3.33087858790 -3.68966954068 -2.44441199364 -2.71676011611 -3.48663514614 -3.26445934096 -4.00333660061 -3.02866865717 -3.16583568172 -3.77397556650 -3.35929318106 -3.25477658305 -3.19722155880 -2.89314999191 -2.65313349388 -2.82795703359 -2.70918550392 -2.62514321625 -2.78016071349 -3.65649307887 -2.37643065396 -3.17024545603 -3.08662762296 -2.97926920072 -4.54330453794
