# Number of parameters = 55 Objective function value = -1126.57714143428  Maximum gradient component = 8.36445988011101e-005
# theta[1]:
-0.590152677321
# theta[2]:
3.22352034567
# theta[3]:
5.79806403872
# theta[4]:
6.18290721714
# theta[5]:
0.827185806105
# theta[6]:
4.00000000000
# log_rinit_devs:
 3.18630268850 1.85081392143 0.0701027538721 -2.38296544909 -2.72425391471
# log_rbar_devs:
 -0.738184328535 -2.05598218838 -1.03909582570 0.535643519533 -0.227826771668 -1.39303965067 -0.445213756567 1.30069623457 -0.612497676496 -2.17664969322 -1.23707594164 1.49047819797 -0.872226306826 -1.65489836188 -1.25060625452 0.193227409330 0.0564614327541 0.975746212931 1.00398201847 -0.375878821499 0.508080275354 0.829859776100 0.428634839399 1.70795260963 -0.222157912876 0.418711139287 0.618254103801 0.989729146908 1.22775532177 0.894190671254 0.841637305502 -0.105046557767 -0.537843821741 0.431339869926 -1.65576649631 1.56109280671 -0.742596722919 0.939073374855 0.390040823166
# mat_params[1]:
 4.25302192650 6.36006413962
# log_m_devs:
 -0.0471352439369 0.0471352439369
# log_slx_pars[1]:
 1.55604499121 -0.210958650882
# log_ft_pars:
 -13.5000000000 -13.5000000000 -13.5000000000 -13.5000000000 -13.5000000000 -13.5000000000 -13.5000000000 -13.5000000000 -13.5000000000 -13.5000000000 -13.5000000000 -13.5000000000 -13.5000000000 -13.5000000000 -13.5000000000 -13.5000000000 -13.5000000000 -13.5000000000 -13.5000000000 -13.5000000000 -13.5000000000 -13.5000000000 -13.5000000000 -13.5000000000 -13.5000000000 -13.5000000000 -13.5000000000 -13.5000000000 -13.5000000000 -13.5000000000 -13.5000000000 -13.5000000000 -13.5000000000 -13.5000000000 -13.5000000000 -13.5000000000 -13.5000000000 -13.5000000000
