# Number of parameters = 197 Objective function value = -3475.99888409729  Maximum gradient component = 0.000246965310600677
# theta[1]:
-0.0746443159245
# theta[2]:
9.69635007132
# theta[3]:
8.30470830053
# theta[4]:
8.71370309851
# theta[5]:
0.360428126922
# theta[6]:
4.00000000000
# log_rinit_devs:
 -0.287909316191 -0.177527930982 0.0544585304696 0.114042855694 0.296935861010
# log_rbar_devs:
 1.43329490691 1.21783505747 0.953968472589 0.934013211211 0.751404609273 1.12431531800 0.683562849520 0.589694501245 0.553502684350 0.634321944847 0.547895259750 0.501081724242 0.584223307403 0.655378688168 0.876814353214 0.741476310702 0.847901387466 0.640150332869 0.891257208662 0.627167402488 0.612992011378 0.682589322977 0.578861444233 0.301889156161 0.392353632257 0.414250576049 0.265770208308 0.677356873751 0.134481488773 -0.107272474302 -0.313565202931 -0.117086889671 -0.0492425330452 -0.524879387977 -0.728657942364 -0.889611157605 -1.16316111175 -1.24259098606 -1.34158778547 -1.50969193626 -1.55801155396 -1.69196514815 -1.72023260737 -1.76252956489 -1.64586936776 -2.19848276880 -2.32587627249 -2.53869092499 -2.05170521842 -0.592523103736 0.989485742161 -0.374967840732 -1.73985659302 -0.742744138838 0.824413767770 0.117085151268 -0.917490925828 -0.0751291036380 1.56876691457 -0.156180303346 -1.80608456491 -0.845239234966 1.66674208728 -0.684088751655 -1.42145032794 -1.14403273740 0.274984890400 0.181383140074 1.19812753710 1.22378930160 -0.170763243994 0.605802156164 0.948456117927 0.486052085884 1.74753298749 -0.299887164176 0.352788094391 0.433369096381 0.727754474145 0.914909351446 0.525327389658 0.488034009938 -0.316811747050 -0.695068602391 0.288229528609 -1.55916283048 1.64670740221 -0.538011636639 1.18545608455 0.904876660253 0.410325469456
# mat_params[1]:
 7.36187459432 10.2588543920
# log_m_devs:
 0.0598155117830 -0.0598155117830
# log_slx_pars[1]:
 1.63763400524 -0.237177371234
# log_ft_pars:
 -2.06794196155 -2.10335387807 -2.49641922841 -2.31104988880 -1.96795575391 -1.82635247805 -1.89972679478 -2.29394441151 -1.88677475923 -2.61468843742 -2.69048801965 -7.03169817857 -5.01991439215 -6.96484264818 -3.92597731913 -2.98990906855 -2.66106250410 -2.22582263969 -2.12231343768 -3.04810453234 -3.15229756824 -3.19188166329 -3.39032207844 -2.81182535696 -3.09308466984 -3.68816997571 -3.06873205355 -2.39438930365 -2.35699101889 -1.80976014384 -1.32809883747 -1.36238291777 -1.75177101105 -2.15219875060 -2.11767007243 -1.43989806949 -2.04718730237 -2.43700852997 -5.10011477293 -5.01199656738 -4.10494752433 -3.54425216249 -3.74767859620 -3.88459349836 -3.63981157627 -3.51162228730 -2.43621813517 -2.93941779667 -9.63594299747 -5.00534142681 -3.48595462753 -3.14933008113 -3.58470211555 -3.13160499976 -3.16047444962 -3.17053022674 -2.92243492438 -3.18139776535 -3.75318748541 -2.96914781600 -2.59372075186 -3.60246300850 -4.44787147366 -3.57362940056 -2.83311225741 -3.42214675619 -3.83322427095 -2.64284181689 -2.96250373857 -3.72940624791 -3.46562080786 -4.17528218505 -3.21939467056 -3.36933856651 -4.02161198692 -3.58847907989 -3.46096255846 -3.40817785683 -3.16090139186 -2.98474708756 -3.11321036721 -2.92804700528 -2.77146226450 -2.84632692526 -3.66260181812 -2.32638481023 -3.29166243553 -3.23043778783 -3.16637299640 -4.77806588365
