# Number of parameters = 205 Objective function value = -3554.71887051353  Maximum gradient component = 0.00105123041195181
# theta[1]:
-0.226714715881
# theta[2]:
7.76892946100
# theta[3]:
7.18760596414
# theta[4]:
7.55544927306
# theta[5]:
0.488750895925
# theta[6]:
4.00000000000
# log_rinit_devs:
 0.0868843670378 0.0833903988989 0.113788198541 -0.0284602995408 -0.255602664937
# log_rbar_devs:
 0.991631360337 0.834458197374 0.666747484748 0.697796275408 0.552944067867 0.830973845646 0.503905980474 0.463151284869 0.481857180639 0.600609257515 0.572528243643 0.581630792951 0.695794391351 0.769826603686 0.935628500697 0.810362990078 0.818477126845 0.638951296668 0.808898465415 0.593410255495 0.585410109754 0.646240043413 0.570995460469 0.364399938024 0.447250414235 0.481287240265 0.370397539037 0.695614695927 0.242139651363 -0.00739725866610 -0.267953242889 -0.219281835231 -0.235636064229 -0.676352722754 -0.937196987327 -1.18620202036 -1.48844381855 -1.57337034735 -1.63580220284 -1.73727835447 -1.75466080719 -1.83895915822 -1.84158484898 -1.85809349085 -1.74182503282 -2.17096797664 -2.25961913522 -2.42109679593 -1.85634396584 -0.398388242466 1.15589357674 -0.153408052048 -1.58540399300 -0.561820163482 1.04977570769 0.312780584878 -0.741831273488 0.129635267979 1.83328394250 0.0195781724996 -1.74411298238 -0.667937735646 1.94690737883 -0.516384938365 -1.25368561579 -0.967652467753 0.506667628807 0.382721517676 1.43241100283 1.45554079315 9.47836117823e-005 0.774110834712 1.12932705896 0.607408442218 1.92066720600 -0.257269648936 0.392305313609 0.432955742970 0.681542654362 0.805572614529 0.420344555641 0.398272574749 -0.371161110992 -0.715415067589 0.299237875745 -1.55582129037 1.69332653749 -0.707852442668 0.962648276560 0.560024794859 0.349857557534
# mat_params[1]:
 7.43002029112 10.2527889125
# mat_params[2]:
 6.52204359764 9.59519143046
# mat_params[3]:
 6.19946466957 9.27000611624
# log_m_devs:
 -0.0432649642414 0.105005684487 -0.176417180916 0.114676460670
# log_slx_pars[1]:
 1.47516258245 -0.337231229553
# log_slx_pars[2]:
 1.74062805303 -0.290560902447
# log_ft_pars:
 -1.13104463181 -1.21311386230 -1.65636309663 -1.52660628721 -1.22854378983 -1.10388615422 -1.20335012552 -1.63618061323 -1.27074381201 -2.08896808558 -2.26470006070 -1.22615563655 -4.66200758079 -1.40287112832 -3.64006339121 -2.76037944772 -2.43134940691 -1.97285574868 -1.82066623633 -2.73244093685 -2.83931176413 -2.88436981658 -3.10082194246 -2.54335775422 -2.84181813883 -3.46663068404 -2.87856653899 -2.19114070965 -2.15651698803 -1.59183741107 -1.06579896800 -1.03148843188 -1.34263627388 -1.69728248295 -1.61695660494 -0.845819251195 -1.37240823421 -1.74375992354 -4.44845844875 -4.42630717040 -3.57248140093 -3.05718147756 -3.30384452161 -3.47898845233 -3.26525086665 -3.17526353467 -2.11812716455 -2.66398467725 -9.43440545541 -4.79092953845 -3.26391965802 -2.93992951703 -3.27477061503 -2.72465020395 -2.85411428406 -2.93882952508 -2.64188154870 -2.83339546780 -3.51256682784 -2.78595473563 -2.31340638692 -3.20948924042 -4.19701055566 -3.42959441142 -2.59743716807 -3.05606027601 -3.50570980723 -2.40003778622 -2.74648592816 -3.53191872043 -3.24023006034 -3.87395368122 -2.91237231039 -3.07028598912 -3.72794706053 -3.30795263426 -3.10301629986 -2.97110921538 -2.70374408162 -2.49284880817 -2.66982305393 -2.49318310707 -2.34836519324 -2.43262901626 -3.28264324172 -2.00648670032 -2.08508262128 -1.76447447303 -1.53372671188 -3.09355720327
