# Number of parameters = 208 Objective function value = -3683.76702149525  Maximum gradient component = 0.000108636144249166
# theta[1]:
-0.318691536188
# theta[2]:
7.55536297714
# theta[3]:
6.62392082451
# theta[4]:
7.17498466148
# theta[5]:
0.484545470953
# theta[6]:
4.00000000000
# log_rinit_devs:
 0.0537267888146 0.0169177410274 0.0784414603097 0.00929478074942 -0.158380770901
# log_rbar_devs:
 1.33478255540 1.13128590574 0.913592084612 0.953362645803 0.807074838345 1.08481775507 0.681744303074 0.578637825076 0.518111786998 0.540831064562 0.467258285810 0.436267815915 0.551298947117 0.666097726129 0.883054745101 0.807547747383 0.880512598878 0.676841991806 0.834257216587 0.604014616467 0.607174476322 0.685319763616 0.622157792497 0.412470090730 0.511194135517 0.574343329516 0.496112904031 0.877121814685 0.453680271148 0.238288523257 -0.0337307798977 -0.00156651940650 -0.0210316353144 -0.460725292469 -0.702936995678 -1.00085017762 -1.37873164282 -1.49345997184 -1.54128639310 -1.61257365915 -1.59501031948 -1.67346737700 -1.67121512480 -1.69335803066 -1.58009590118 -2.11009257810 -2.32061002097 -2.60686175338 -2.13125128845 -0.678988148749 0.744582708005 -0.514825648121 -1.95464981936 -0.930680515867 0.661239018638 -0.0666746167189 -1.10963871525 -0.241042944097 1.43973275041 -0.386216540262 -2.12806681440 -0.993485225457 1.66051750543 -0.790100258530 -1.49752333120 -1.18129179906 0.303411363978 0.170338302585 1.22178142733 1.25709552832 -0.170613313510 0.622412342376 1.00635423750 0.539655498994 1.84254194138 -0.198490306093 0.532728964251 0.675037979175 1.04532090545 1.33293562191 0.895023934066 0.840619697641 -0.0853537394514 -0.558639678501 0.395824727345 -1.69226945483 1.51585262134 -0.909560611051 0.918093489889 0.720389409535 0.546221409104
# mat_params[1]:
 6.99475306258 10.0113980258
# mat_params[2]:
 7.14664261191 10.4397297968
# mat_params[3]:
 5.46076487757 8.18431034667
# mat_params[4]:
 5.19478940213 7.71164255230
# log_m_devs:
 0.00000000000
# log_slx_pars[1]:
 1.02839031685 -0.638720552581
# log_slx_pars[2]:
 1.30581397581 -0.611618451471
# log_slx_pars[3]:
 1.68121969865 -0.185611435611
# log_slx_pars[4]:
 1.64018131018 -0.380480392175
# log_ft_pars:
 -1.71280902117 -1.77148124501 -2.13373365306 -1.97060643370 -1.64943811106 -1.58273277440 -1.61451561668 -1.95942174104 -1.53323156582 -2.30519518051 -2.41178682448 -3.07647698011 -4.82183452566 -2.80206746034 -3.85397078578 -2.93237202967 -2.20394551448 -1.74262694158 -1.58019739899 -2.49982619853 -2.60778674590 -2.66680748014 -2.90584680743 -2.34741075092 -2.64518115780 -3.29938055494 -2.73827237495 -2.08496861027 -2.08903758594 -1.50784650801 -0.953567051882 -0.914316484020 -1.25022233362 -1.62032949195 -1.52376794996 -0.720878669613 -1.19527594214 -1.54016708289 -4.25777645812 -4.27338250587 -3.45276911174 -2.96723606538 -3.24679779867 -3.43268252022 -3.21185117802 -3.11842558249 -1.98549162848 -2.44332495685 -8.44619117998 -3.57404944858 -1.63238922130 -1.38132256986 -1.98736000498 -1.67583829986 -1.56341617954 -1.53785436645 -1.32811302931 -1.67254059460 -2.13144454525 -1.34206069575 -1.04554274906 -2.22344815597 -2.98482359783 -2.11502078508 -1.48349868970 -2.25606436207 -2.70808283825 -1.40959515846 -1.49892995841 -2.24630366371 -2.09522011019 -2.93425705454 -2.01438076590 -2.16918238957 -2.71427610220 -2.35150587535 -2.32076168116 -2.38044794899 -2.17291889141 -1.99458607992 -2.05335173610 -1.85816487247 -1.70297548807 -1.76839928580 -2.55618191086 -1.15520698908 -1.71558003032 -1.56446431236 -1.45929203432 -3.06472978131
