# Number of parameters = 206 Objective function value = -3560.92780300831  Maximum gradient component = 0.000240694339853372
# theta[1]:
-0.178650027649
# theta[2]:
7.18677429547
# theta[3]:
7.82474853783
# theta[4]:
8.27767410968
# theta[5]:
0.406355748960
# theta[6]:
4.00000000000
# log_rinit_devs:
 0.244874142432 0.130518808302 0.106231031256 -0.0866898110365 -0.394934170954
# log_rbar_devs:
 0.0836634111326 -0.0576251461520 -0.203538985946 -0.0210355509068 -0.0613604274615 0.418248043236 0.148268634851 0.228392026023 0.366437963277 0.601782093152 0.618491121216 0.554893136362 0.494535588694 0.597406608480 0.784785484185 0.859568207019 1.17743110392 0.952712024063 1.17643810278 0.898940584308 0.875867839044 0.937229866512 0.830270049503 0.556984173414 0.648157662441 0.671381676015 0.521269683978 0.932204797120 0.380952735058 0.123584945252 -0.105105942287 0.0655224503210 0.114036008040 -0.382115573579 -0.615803586361 -0.806297245063 -1.09664833896 -1.18378969549 -1.28580731521 -1.45518021908 -1.50957421604 -1.64738379060 -1.68101196951 -1.72964682777 -1.61779431137 -2.17726823292 -2.31577435770 -2.53616212314 -2.03872216772 -0.564461128952 0.985354130167 -0.363173384959 -1.74870781217 -0.736456331574 0.845356399423 0.130898892776 -0.909712160894 -0.0541746334756 1.60502567434 -0.144377474039 -1.81866932782 -0.817687085488 1.73452619763 -0.648701043009 -1.38292954391 -1.09311335067 0.343645681275 0.242921151360 1.27348388006 1.30280680712 -0.101089598707 0.687043704842 1.04476292772 0.591647828280 1.86962853843 -0.149399480301 0.551689367778 0.677938381635 1.03661824920 1.32229289645 0.901582579075 0.846323571395 -0.0872763023999 -0.573807962516 0.339718831777 -1.69668932790 1.45591285227 -0.870758416681 0.852733811246 0.584812667151 0.442649347956
# mat_params[1]:
 7.25871539597 10.1543302923
# mat_params[2]:
 7.01901581629 9.99426202201
# mat_params[3]:
 6.42505859975 9.23387833554
# log_m_devs:
 -0.207750101352 0.102724043611 0.105026057741
# log_slx_pars[1]:
 1.14958490191 -0.259107639075
# log_slx_pars[2]:
 1.61670792740 -0.309228486747
# log_slx_pars[3]:
 1.73638037070 -0.384041340169
# log_ft_pars:
 -1.40057235645 -1.54624647883 -2.00399624796 -1.95240959921 -1.75693075549 -1.85651795022 -2.06871549914 -2.59436454239 -2.36449540988 -3.33275657192 -3.58283411602 -0.529194653765 -5.75099964371 -0.727281194942 -4.67477701156 -3.90869613799 -2.74333904750 -2.27034169763 -2.12753201572 -3.03294786695 -3.12309755789 -3.14575784271 -3.33297619489 -2.75503433258 -3.03231942785 -3.62123881210 -3.00320809430 -2.31558037811 -2.28210101102 -1.74627022397 -1.26054455688 -1.26018498697 -1.60735734673 -1.99374438767 -1.95371050539 -1.25172067037 -1.82326185542 -2.19450712376 -4.84939483652 -4.76165672488 -3.85125098163 -3.28450788232 -3.47411175849 -3.60524570853 -3.35855558128 -3.23028723564 -2.14436198962 -2.63780198258 -9.31625812834 -4.61571308202 -3.01185529130 -2.76062271585 -3.26885427784 -2.82547619471 -2.77462029943 -2.80712050781 -2.60535185411 -2.86690363578 -3.36651939959 -2.62604067716 -2.30746461230 -3.33422741683 -4.09313441152 -3.26505355164 -2.58813259061 -3.19884865372 -3.56551796432 -2.34888987086 -2.62656059646 -3.40640362852 -3.19742840128 -3.93159356719 -2.96041223035 -3.12205716401 -3.74521657183 -3.36071910309 -3.27757974556 -3.24769987451 -3.03064290101 -2.90956689510 -3.00400239634 -2.78577666397 -2.58855045182 -2.60922419787 -3.33944908144 -1.91835621906 -2.08132960052 -1.89202217673 -1.78457461440 -3.41590755995
