# Number of parameters = 208 Objective function value = -3525.05290826752  Maximum gradient component = 4220.24806021601
# theta[1]:
-0.673002226389
# theta[2]:
6.29561912621
# theta[3]:
5.72429212557
# theta[4]:
6.18680754584
# theta[5]:
0.762912493137
# theta[6]:
4.00000000000
# log_rinit_devs:
 0.376737878938 0.204349841688 0.123062226212 -0.0451590351131 -0.658990911724
# log_rbar_devs:
 1.38379338024 1.19536106387 0.986599023092 1.02646521284 0.938506644564 1.09792482267 0.730622683396 0.550585934325 0.478287185975 0.311998473645 0.232571368753 0.185062137241 0.273284072058 0.469915532432 0.705689320272 0.745642891705 0.862841081840 0.756274901403 0.825575718468 0.544828441608 0.542491625740 0.600167469435 0.565508783875 0.455895217890 0.507069314283 0.554745019591 0.555273190971 0.877237861828 0.598031435357 0.517271213116 0.360257261770 0.265848009926 0.0931776782202 -0.317906572759 -0.483167151590 -0.655773358416 -1.24435442876 -1.55346223514 -1.80371873083 -1.81151470039 -1.75069063674 -1.76668601974 -1.75878837865 -1.76020565732 -1.63324432807 -1.99574825557 -2.16736914312 -2.58581416065 -2.22171266768 -0.672098086225 0.834014296174 -0.348667899534 -1.78609393140 -0.763002136520 0.808417307798 0.0978516736470 -0.913998933875 -0.0693693224075 1.58453667993 -0.158245317781 -1.95747690291 -0.910575585378 1.66034888403 -0.707290999637 -1.37940226518 -1.14415751580 0.334463129327 0.228625676475 1.24669570115 1.25764112741 -0.163769527741 0.571119961640 0.981930808729 0.460836753580 1.74581337712 -0.333696501541 0.368922184661 0.469380732254 0.753031646597 0.869920968746 0.454663554949 0.399692002014 -0.384750086988 -0.722059208638 0.303329602996 -1.55152325262 1.67589084567 -0.731161931398 1.02740520252 0.834970180166 0.443189561022
# mat_params[1]:
 6.35840806162 9.63090575708
# mat_params[2]:
 6.21293281916 9.80693641439
# mat_params[3]:
 4.13180856417 6.15961935613
# mat_params[4]:
 4.19730349042 6.18692513533
# log_m_devs:
 -0.0538382346387 0.0399705217978 0.127851054424 -0.237801853495 0.123818511912
# log_slx_pars[1]:
 0.838346722327 -1.18006927277
# log_slx_pars[2]:
 1.44356585789 -0.456178966651
# log_ft_pars:
 -1.19305255240 -1.20904861677 -1.57624221734 -1.44788014402 -1.13961294344 -1.02733533677 -0.978672222485 -1.28688864316 -0.808918756778 -1.49637006251 -1.58445661738 -1.89294290668 -4.04593303268 -2.84826826146 -3.23010778322 -2.35405260437 -2.05711571062 -1.56731454079 -1.39910977715 -2.25722851095 -2.37175119828 -2.45789186575 -2.70123638951 -2.14345476394 -2.48448608820 -3.17767195700 -2.63733168145 -2.04552453054 -1.98213210045 -1.40659755573 -0.881506577339 -0.863686908839 -1.16125007468 -1.42890219567 -1.32176543234 -0.511647514684 -0.885579149795 -1.14549004384 -3.83946196578 -3.90067569355 -3.13524414305 -2.68475820953 -3.01158167647 -3.23156407493 -3.04708698609 -2.91142467155 -1.83251305078 -2.27758486269 -9.06749615320 -4.76915518000 -3.35045999540 -2.52926532421 -2.49883354888 -2.09272347583 -2.78415677632 -2.60109819356 -2.00207924923 -2.35604670231 -3.51497092803 -2.35750680058 -1.48997441415 -2.45878680354 -4.20021975610 -2.98298944184 -1.83794861575 -2.31824816874 -3.30729598210 -2.20021774682 -2.70607847627 -3.37570925644 -2.78265538524 -3.44179293986 -2.67354178821 -2.74159652874 -3.67365535228 -2.92155784020 -2.67686366959 -2.69986496526 -2.59556747768 -1.68752525776 -1.83580490612 -1.67100458753 -1.53481207613 -1.63161817512 -2.50568066396 -1.23756198084 -1.94280488024 -1.81852684019 -1.55781498860 -3.09962020358
