# Number of parameters = 94 Objective function value = -385.938963033983  Maximum gradient component = 9.91190539960850e-005
# theta[1]:
-0.689030088336
# theta[2]:
3.78373266665
# theta[3]:
5.62782175101
# theta[4]:
5.82946695208
# theta[5]:
1.09001677615
# theta[6]:
4.00000000000
# log_rinit_devs:
 2.87944488894 1.69586867398 0.0326159199125 -2.21766669122 -2.39026279161
# log_rbar_devs:
 -0.250349005834 -1.59884716006 -0.612783216865 0.968512425147 0.171508730450 -1.04862181052 -0.0827687095769 1.76553955346 -0.254820816536 -1.91860485484 -0.950327612424 1.88788366514 -0.637048045872 -1.47129608862 -1.10961750320 0.345061203522 0.0917882967307 0.946514356001 0.796839779890 -0.806445617143 0.111962959923 0.454818024761 0.0470650896367 1.26181083071 -0.586726724812 0.0355662281164 0.236229131667 0.581441074260 0.790172974129 0.488527589931 0.441945645295 -0.407860132194 -0.774654145850 0.204522523199 -1.62816283029 1.53974903948 -0.847193556568 0.880789621011 0.716977103297 0.220901985454
# mat_params[1]:
 4.00000000000 6.00000000000
# log_m_devs:
 0.194456289356 -0.277850595609 0.0833943062532
# log_slx_pars[1]:
 1.49272342353 -0.276944278292
# log_ft_pars:
 -1.57667433150 -2.05445158663 -1.61350479438 -1.55320630376 -1.60796144537 -1.34137921400 -1.54110160822 -2.09278009133 -1.40653535282 -1.03103213829 -1.99677681345 -2.85132563092 -2.12532090376 -1.42271923498 -2.01076730386 -2.42469165821 -1.17344233251 -1.16006876163 -1.76812953049 -1.47430327656 -2.35997322079 -1.49955040911 -1.73857883421 -2.29503877278 -2.00628378067 -2.00330603077 -2.09282533793 -1.94257353024 -1.77384008235 -1.83163985823 -1.62504609205 -1.48320243722 -1.58429958385 -2.46731669281 -1.15570113630 -1.80148062452 -1.57629961687 -1.29597107773 -2.84601825279
