# Number of parameters = 207 Objective function value = -3692.23036236450  Maximum gradient component = 0.000129884428034507
# theta[1]:
-0.364884050357
# theta[2]:
6.76506113775
# theta[3]:
6.86871026549
# theta[4]:
7.42072010261
# theta[5]:
0.517056028341
# theta[6]:
4.00000000000
# log_rinit_devs:
 0.315261711378 0.169291598293 0.107971276975 -0.0903628205550 -0.502161766091
# log_rbar_devs:
 0.639604866457 0.453410294492 0.273363803700 0.384857472750 0.290939244169 0.627417790159 0.294112612897 0.284869098494 0.341781571156 0.500387567269 0.536670081924 0.505973863878 0.485310476193 0.572352604671 0.653229282038 0.720038471780 0.947488597889 0.746361825543 0.918766652862 0.687234593128 0.681769824863 0.751327137295 0.675775123436 0.453504754787 0.544288331860 0.593449765913 0.498946631220 0.872782110542 0.431963324918 0.206025940063 -0.0574485169193 0.00304206094604 0.00383349761153 -0.433842175748 -0.667480289159 -0.923008932638 -1.25446600488 -1.34278772654 -1.39205557729 -1.48103650869 -1.47638792009 -1.56655708292 -1.57346852481 -1.60507195224 -1.50336085727 -2.04516575903 -2.24611230962 -2.52380343322 -2.06468961610 -0.629668119431 0.821485758493 -0.443566722142 -1.88388299069 -0.858600811675 0.738394521582 0.0124436594245 -1.03101199855 -0.166667214753 1.52410611462 -0.294359819079 -2.03759021436 -0.909782809243 1.73740016221 -0.715983898268 -1.43025056898 -1.12301730317 0.354348705260 0.225097580149 1.27483290666 1.30989640416 -0.122764648882 0.668656520410 1.04225271285 0.565795526422 1.87383655318 -0.210325906588 0.498617454946 0.619519613610 0.997445465297 1.33856275920 0.901957004529 0.860671407354 -0.0541198564484 -0.506360616510 0.486853245223 -1.56402955587 1.69055248180 -0.672517260107 1.17434343921 0.967107257810 0.546186972591
# mat_params[1]:
 7.06984370776 10.0667442806
# mat_params[2]:
 7.33706604386 10.5616433132
# mat_params[3]:
 5.86708871425 8.78898021552
# mat_params[4]:
 5.61870689710 8.07795000966
# log_m_devs:
 -0.121304721377 0.121304721377
# log_slx_pars[1]:
 1.05898960822 -0.558474984847
# log_slx_pars[2]:
 1.35061419191 -0.547830469223
# log_slx_pars[3]:
 1.70282617843 -0.221786841445
# log_ft_pars:
 -1.19518084117 -1.27583118548 -1.68386583990 -1.58390975950 -1.32027799680 -1.30987071477 -1.42019301705 -1.86388404404 -1.55408606583 -2.46128249831 -2.70016785894 -0.773955010880 -4.96773053710 -0.590722994757 -3.79997379283 -3.01745291709 -2.37969298339 -1.91296901333 -1.75804340211 -2.67986064688 -2.78133872575 -2.82905376193 -3.05523037155 -2.48777019062 -2.77616033984 -3.41361012812 -2.83750773000 -2.17350992625 -2.16838343185 -1.58755166686 -1.03935154194 -1.01643585253 -1.37028581565 -1.75185236437 -1.66549185277 -0.892969377501 -1.41714639095 -1.79039945140 -4.50551219761 -4.50150607305 -3.66491539737 -3.16688402545 -3.43487247825 -3.60862796960 -3.37582168684 -3.27287722917 -2.14577331741 -2.60381239441 -8.55683147952 -3.65798860616 -1.71637187992 -1.47983134334 -2.10729975082 -1.81157797814 -1.68662202599 -1.64985556275 -1.45747505940 -1.81202960416 -2.25119926363 -1.46036512074 -1.19362596503 -2.38397610549 -3.10857551360 -2.21634732769 -1.60147322614 -2.38884376896 -2.81575685270 -1.49183872941 -1.57787386975 -2.32577691367 -2.17977989010 -3.02208707343 -2.09295692907 -2.23525569035 -2.77045515088 -2.40285237888 -2.37061624161 -2.42058265088 -2.18080715562 -1.98155028981 -2.04376831286 -1.86288931093 -1.72152125560 -1.79778364892 -2.59475356163 -1.20297495637 -1.85483501425 -1.71492111752 -1.62092483755 -3.27656788254
