# Number of parameters = 200 Objective function value = -3451.02050148650  Maximum gradient component = 4.61047422850123e-005
# theta[1]:
-0.664322770221
# theta[2]:
6.73025178783
# theta[3]:
5.63514058006
# theta[4]:
6.16485895197
# theta[5]:
0.674129802567
# theta[6]:
4.00000000000
# log_rinit_devs:
 0.206507326767 0.119153508856 0.121091540408 0.0325475544946 -0.479299930526
# log_rbar_devs:
 1.65505016326 1.46672642797 1.25433149088 1.26033752242 1.14715351305 1.29473634157 0.915313999090 0.728462601332 0.625670835509 0.452699692644 0.324695198351 0.215629903036 0.362607192769 0.497451525348 0.740234963311 0.755034204842 0.865468634088 0.756551816434 0.818654186754 0.521603118740 0.520969092842 0.581429682667 0.552796811670 0.448421006595 0.502985459515 0.559090141592 0.569629947324 0.906974561481 0.631918238953 0.560040549246 0.407851671691 0.311783149495 0.132869557071 -0.282558984504 -0.446298282061 -0.617952688494 -1.23484508834 -1.56963019919 -1.84887588466 -1.85091164034 -1.78309439460 -1.79604686495 -1.78753711261 -1.78984506773 -1.65792759913 -2.02330421895 -2.21067872642 -2.67538513976 -2.37743011177 -0.810666503255 0.684053858724 -0.484957535627 -1.90350728732 -0.887691752394 0.647581026091 -0.0459207817775 -1.03573093739 -0.206427634760 1.40448314048 -0.284720123662 -2.05478196157 -1.04199018341 1.47692079613 -0.819935998770 -1.47752074615 -1.24785270484 0.215157838025 0.117505702857 1.11690607974 1.13213050229 -0.251565499362 0.478534830453 0.898961653482 0.415830368800 1.66743097620 -0.292652191236 0.429198776939 0.584867425857 0.963090467781 1.24745103569 0.851269092094 0.809666111113 -0.0496833666241 -0.503121426960 0.415552259937 -1.54131018187 1.46476305310 -1.01402867452 0.656889428589 0.355356992788 0.527612876310
# mat_params[1]:
 6.08643185653 9.54322211896
# mat_params[2]:
 3.91180144522 5.72566450404
# mat_params[3]:
 3.70273148576 5.48557739108
# log_m_devs:
 0.00000000000
# log_slx_pars[1]:
 0.633165904430 -2.99687589230
# log_ft_pars:
 -1.48025773420 -1.49666251979 -1.85285046169 -1.69628826688 -1.36978362574 -1.23593396363 -1.18000638123 -1.47016250769 -0.971299264456 -1.62797169895 -1.66229475129 -5.02069289115 -4.12016702590 -4.87892441774 -3.21554198884 -2.28990148788 -1.95518940480 -1.46378369834 -1.28613168829 -2.13922544430 -2.25622716925 -2.34682377254 -2.59756975925 -2.04449139883 -2.38933565948 -3.09237794762 -2.56214622063 -1.98071436625 -1.92376524151 -1.35371371815 -0.828531627257 -0.806206602053 -1.09800841469 -1.36573348835 -1.26021178620 -0.442563682429 -0.788512073221 -1.01927286980 -3.70606865845 -3.77705002266 -3.01883598644 -2.57328648290 -2.90218660605 -3.12527091699 -2.94429968669 -2.81083859297 -1.71970062831 -2.14661017216 -8.90287989727 -4.57889529989 -3.12541581195 -2.33690978497 -2.34844352930 -1.94919900622 -2.57010808332 -2.40939546773 -1.83500787841 -2.18454134943 -3.28000952427 -2.15894457798 -1.31152828032 -2.30215150654 -3.96150551258 -2.79185082096 -1.67923870149 -2.19251797748 -3.15833445472 -2.05252182490 -2.52072601949 -3.19986723475 -2.64946185788 -3.33166524083 -2.56192568564 -2.66265412099 -3.55941946623 -2.86384693144 -2.66936490699 -2.74487246450 -2.71118597890 -2.67040037226 -2.63691584570 -2.35226273807 -2.04858536340 -1.97924018654 -2.91483342539 -1.42233311957 -2.78135398253 -2.24930367321 -1.99343093161 -3.50513700644
