# Number of parameters = 202 Objective function value = -3573.63761692967  Maximum gradient component = 0.000559133889195557
# theta[1]:
-0.0156590974963
# theta[2]:
9.04317437578
# theta[3]:
8.69907857948
# theta[4]:
8.97157193150
# theta[5]:
1.01276868125
# theta[6]:
4.00000000000
# log_rinit_devs:
 -0.0900632081061 -0.0579389641140 0.0938913024449 -0.00164735090714 0.0557582206824
# log_rbar_devs:
 0.713405805737 0.542317727697 0.325493264238 0.405832418649 0.273072036205 0.741013059886 0.375512362130 0.371449018931 0.453841834457 0.628373588880 0.613907335377 0.634399517839 0.781900091197 0.882731562474 1.11631979287 0.940631367832 0.965215803415 0.752965910052 1.01950803304 0.725252145959 0.702874000296 0.776777418243 0.671103694710 0.376700517293 0.484135391847 0.521285246036 0.378835109736 0.855785888355 0.299330350194 0.0907970901276 -0.0719940207317 0.205185058455 0.325311019788 -0.152148164436 -0.322020144580 -0.450725935770 -0.722155018468 -0.800611867736 -0.905468933009 -1.09008792467 -1.13887712232 -1.28667210424 -1.32018885717 -1.36649095282 -1.23907339010 -1.81335375412 -1.93383318622 -2.15450115118 -1.66263629587 -0.198595369170 1.40087605306 0.0457569434665 -1.31526823054 -0.326588624065 1.25075113475 0.524244054410 -0.528203157977 0.310250394082 2.01145860066 0.230355850462 -1.46375713750 -0.508350655591 2.04276218546 -0.360814241138 -1.12509474800 -0.867196402994 0.548646512724 0.460655057620 1.47590947213 1.49930903802 0.0760886120272 0.847346961262 1.16052141200 0.636625430989 2.00171623835 -0.290556263442 0.196884420214 0.0362431457939 0.0530848791852 -0.0289738349014 -0.410385324818 -0.488050143826 -1.46851592540 -1.92013987923 -0.963931370140 -2.91479237511 0.250545904169 -1.98248760567 -0.185579552789 -0.338937072364 0.105760975312
# mat_params[1]:
 7.96734872238 10.2762483063
# mat_params[2]:
 8.12421963123 11.0729710643
# mat_params[3]:
 6.12144638583 8.89081264079
# log_m_devs:
 0.0821088805329 0.0877254365242 -0.169834317057
# log_slx_pars[1]:
 1.70648246430 -0.210845922461
# log_ft_pars:
 -1.08069670299 -1.19955151394 -1.66350999789 -1.55078738706 -1.26257798749 -1.21311535015 -1.36683874184 -1.84786849882 -1.53020613847 -2.37807623297 -2.55828157714 -1.88208762783 -5.03378946628 -1.17390089071 -4.02793999742 -3.14605782904 -2.83233242193 -2.37933787230 -2.25713973393 -3.16442643479 -3.24999513576 -3.27913790333 -3.46677314011 -2.87937042337 -3.16077043412 -3.75733112687 -3.14012709446 -2.49695302936 -2.47655377870 -1.95652227628 -1.52113566702 -1.61018598157 -2.05062204761 -2.47951891866 -2.47576345866 -1.84570086394 -2.48322999231 -2.88015499256 -5.53357765576 -5.42942188963 -4.51205009596 -3.94376329918 -4.13901470488 -4.26900824492 -4.02146005947 -3.88493868838 -2.81518115437 -3.32344101845 -10.0144479885 -5.39639601122 -3.90472926060 -3.52893465911 -3.95933762402 -3.54027118700 -3.59446722668 -3.57127755612 -3.31194933923 -3.58570816989 -4.18750155146 -3.36850956766 -2.99506520614 -4.02153555400 -4.85596097066 -3.91713725410 -3.16427282943 -3.77901989428 -4.16813380749 -2.92736159272 -3.23668661604 -3.99202667849 -3.70823630913 -4.42170045774 -3.46026300147 -3.57343129873 -4.23888099184 -3.77462949879 -3.61310974440 -3.48783067012 -3.03473795010 -2.57255044689 -2.57946795566 -2.33739583034 -2.15163803370 -2.20009277571 -2.97099593179 -1.53922132658 -2.21260680805 -2.05898668361 -1.96805695166 -3.63198044097
