# Number of parameters = 201 Objective function value = -3521.06930772964  Maximum gradient component = 0.000937156932242427
# theta[1]:
0.0815451022105
# theta[2]:
10.0157687932
# theta[3]:
8.99084640317
# theta[4]:
9.32891248868
# theta[5]:
0.531108436733
# theta[6]:
4.00000000000
# log_rinit_devs:
 -0.211221357605 -0.118762660477 0.0704333590057 0.0913531540139 0.168197505062
# log_rbar_devs:
 1.09124323323 0.907012171848 0.680686854183 0.675464321894 0.519026216049 0.827381751597 0.464683756943 0.386120973829 0.363087503517 0.434854620287 0.365449240189 0.325020126647 0.389794463677 0.443342798740 0.619350068952 0.497557293901 0.577977666841 0.402687781449 0.609892922157 0.387844461765 0.368872116923 0.418891142236 0.326113030127 0.0878297969592 0.156625319234 0.165323586507 0.0313546280558 0.356056165790 -0.103904858291 -0.309182225704 -0.469081788210 -0.285183850669 -0.211808568878 -0.597347377198 -0.745890540536 -0.853281897854 -1.06039105454 -1.11302475629 -1.18437097277 -1.31887706605 -1.34690607606 -1.45123253123 -1.46650605731 -1.49636429239 -1.39841141093 -1.85372321854 -1.92850356149 -2.09625407003 -1.58919971122 -0.159875874329 1.46550686666 0.117104970762 -1.28265084449 -0.282035641220 1.31449980492 0.583734198288 -0.454583993076 0.378417677924 2.08520728317 0.308556035842 -1.42932112278 -0.419312547608 2.13851391483 -0.284269408347 -1.03684861186 -0.788212846249 0.641110554435 0.550145534447 1.58491204530 1.61321895116 0.184340874357 0.946398080842 1.27088330663 0.764624792417 2.09264122643 -0.128776818278 0.447175582448 0.425487130164 0.664193602349 0.888544812797 0.463127151210 0.405365476782 -0.627251890665 -1.13901127575 -0.219080255729 -2.35379939909 0.793922774852 -1.66263493845 0.0611326041632 -0.227337347930 0.306139435332
# mat_params[1]:
 8.32877092739 11.2198637880
# mat_params[2]:
 6.52843923569 8.83608251772
# mat_params[3]:
 6.37971064848 8.81251882344
# log_m_devs:
 -0.0388840193578 0.0388840193578
# log_slx_pars[1]:
 1.71520520021 -0.221369496492
# log_ft_pars:
 -2.01108026778 -2.05751121585 -2.46378687199 -2.29918602689 -1.97908011810 -1.84240490571 -1.92268390685 -2.33322119251 -1.94828466038 -2.69767091713 -2.77892204547 -5.86815615639 -5.11595121708 -5.34458157580 -3.99340516152 -3.03857563889 -2.69551367402 -2.25710060661 -2.14784425803 -3.07881788456 -3.18331996793 -3.22479966666 -3.42205503881 -2.84623354687 -3.13851023943 -3.73791946671 -3.11403115560 -2.41705787467 -2.37137264644 -1.83005540562 -1.38547486763 -1.46301397979 -1.87500361618 -2.29541346405 -2.29648693011 -1.67797674436 -2.35461998805 -2.79228072879 -5.49004748793 -5.42677388205 -4.54667864868 -4.01562944294 -4.24404153051 -4.40387330513 -4.17591811610 -4.06306456172 -3.02438783770 -3.58293966937 -10.3190018969 -5.65028354267 -4.15826380794 -3.76003063121 -4.16758367904 -3.73355509305 -3.80982196668 -3.78434576136 -3.51709236672 -3.78832552483 -4.42121222200 -3.59554408287 -3.20709298083 -4.22020574554 -5.09597874798 -4.15760344364 -3.39501865117 -3.99319774300 -4.38406714280 -3.15573596999 -3.50109226878 -4.26347838457 -3.96742018623 -4.67056792103 -3.71014152732 -3.82242324623 -4.50058860093 -4.02458273172 -3.86391940285 -3.76530131710 -3.41031794291 -3.14274728412 -3.11359199721 -2.82681740650 -2.57472104855 -2.54092002858 -3.25041734558 -1.77357698985 -2.62632813342 -2.38343353937 -2.17895860593 -3.68338472652
