# Number of parameters = 204 Objective function value = -3702.98759864593  Maximum gradient component = 0.000611861899000847
# theta[1]:
-0.333197909456
# theta[2]:
7.76177039600
# theta[3]:
6.76706805457
# theta[4]:
7.20994389866
# theta[5]:
0.608631995437
# theta[6]:
4.00000000000
# log_rinit_devs:
 0.0595618583527 0.0410812376780 0.0823563285741 -0.0122398940549 -0.170759530550
# log_rbar_devs:
 1.36115596220 1.17570244180 0.984507025616 1.00578429139 0.848107677842 1.10254648456 0.723854242463 0.631729031157 0.579415823655 0.639103332798 0.581188079391 0.557571100677 0.670559785505 0.776793851783 0.977112062522 0.884130990303 0.930552086548 0.747408900613 0.901025910861 0.676322126284 0.670838072432 0.736208993795 0.667604835471 0.461176922156 0.543325373677 0.590393233177 0.508415183661 0.861282341087 0.449904782756 0.243346202077 -0.00742445733800 0.0294256995216 0.00960413105520 -0.410878498542 -0.629117862359 -0.878351856869 -1.21899381727 -1.32213908058 -1.38066936642 -1.46305107681 -1.45837489203 -1.54467914484 -1.55561577856 -1.58771319492 -1.49824121510 -2.02883372306 -2.25138545108 -2.55670655596 -2.09193472398 -0.646959104123 0.796305963811 -0.453517556695 -1.91013589150 -0.880205351926 0.729682721928 -0.00816998702766 -1.05868119522 -0.184631607023 1.52450648284 -0.327516659701 -2.10039353629 -0.949679645100 1.72542315792 -0.765087985963 -1.48047329657 -1.17485925384 0.316059564200 0.170432538140 1.22406458853 1.25588277216 -0.201634738480 0.581059897862 0.946946677489 0.431173891593 1.75693202523 -0.416410497474 0.256664944533 0.301668425521 0.552369860256 0.675815946827 0.276125122178 0.254169975802 -0.518193130011 -0.852634681263 0.208387865206 -1.63783643539 1.67786924484 -0.753072216493 0.986283775748 0.639987426357 0.390293618003
# mat_params[1]:
 7.27706457579 10.1533452197
# mat_params[2]:
 7.32636047522 10.5791834656
# mat_params[3]:
 5.53705710663 8.26131007118
# log_m_devs:
 0.0781119565557 -0.214427014507 0.136315057951
# log_slx_pars[1]:
 1.29101578958 -0.473349667942
# log_slx_pars[2]:
 1.67080802837 -0.226241536870
# log_ft_pars:
 -1.46254066414 -1.54021526676 -1.93867411534 -1.77483522078 -1.45556165486 -1.33586336242 -1.40360084170 -1.76948055344 -1.34720055601 -2.11686457084 -2.24468718173 -1.85334243956 -4.61848837932 -2.41526921965 -3.64224968706 -2.74179118057 -2.39782991273 -1.92712955898 -1.77708082675 -2.68867501331 -2.78666388715 -2.84069243913 -3.06684610878 -2.49497786579 -2.79044008446 -3.43719538620 -2.86261232246 -2.21670376406 -2.19468158591 -1.60430953725 -1.06351776503 -1.05853581978 -1.41862220909 -1.77893047148 -1.68206214844 -0.915391913747 -1.44137095164 -1.81753678300 -4.53589278920 -4.53254479048 -3.69990238679 -3.20390924401 -3.47837257057 -3.65210600822 -3.41478863880 -3.29102014677 -2.15427125265 -2.59934789527 -8.56039058856 -3.67577634906 -1.76568857161 -1.52523647157 -2.12320457474 -1.78890875402 -1.67717443139 -1.66761660530 -1.47408857857 -1.80342045363 -2.26597144550 -1.49548134684 -1.21326780043 -2.36106017016 -3.10337354303 -2.24313829574 -1.61923323731 -2.36014113416 -2.77178722448 -1.46881325343 -1.57886474703 -2.32714664544 -2.16849224963 -2.98360123917 -2.03972061297 -2.16951090760 -2.70278532782 -2.32392780188 -2.26539839509 -2.26580518899 -1.96476431907 -1.66118180111 -1.78805433709 -1.66167550996 -1.57763038037 -1.72773592324 -2.62796348292 -1.33092401553 -2.06287215320 -1.79622226823 -1.57409660972 -3.11499022436
