# Number of parameters = 205 Objective function value = -3676.68100557255  Maximum gradient component = 0.000483471182972048
# theta[1]:
-0.318171655822
# theta[2]:
7.24657189941
# theta[3]:
6.65238516356
# theta[4]:
7.20154586113
# theta[5]:
0.492012095626
# theta[6]:
4.00000000000
# log_rinit_devs:
 0.181152668581 0.119164001807 0.112753489267 -0.0294500910715 -0.383620068584
# log_rbar_devs:
 1.09514218015 0.917083498320 0.744292729257 0.801113078671 0.668210237714 0.935069442614 0.583821390065 0.530747476710 0.516491545936 0.621109780680 0.582223281691 0.502364811056 0.528597840694 0.545600502108 0.711846534585 0.729543738266 0.905945784775 0.720455404045 0.862524735670 0.634243538466 0.628540748610 0.693078365494 0.627173411313 0.424272021457 0.504167202743 0.553380236040 0.478228542363 0.830409923354 0.432073151180 0.236469010873 -0.0160836206217 0.00137972841885 -0.0334300581161 -0.453158728048 -0.667432144597 -0.934381562409 -1.30484686933 -1.42755283086 -1.49037674035 -1.56263215408 -1.54950522763 -1.62835816974 -1.63378528151 -1.66075079591 -1.56023855202 -2.07084236779 -2.28480701888 -2.59543499462 -2.15639527597 -0.709675913284 0.728151431093 -0.528782937015 -1.97872935214 -0.948799543808 0.649105546865 -0.0799229958260 -1.12018915651 -0.252401037715 1.43231155035 -0.396677314697 -2.15572956290 -0.999281392047 1.65526891144 -0.799858774313 -1.50461476023 -1.19092157582 0.294618921585 0.158811287981 1.21329583776 1.24807831768 -0.184578811956 0.601947268660 0.983214559730 0.505299827739 1.80642340318 -0.269467621649 0.444842076659 0.579322197999 0.969132630997 1.31705553860 0.882908069173 0.840241902882 -0.0471031382209 -0.476984078503 0.533321435264 -1.48673236900 1.79206407326 -0.642413429749 1.16646731136 0.912241194450 0.543152989823
# mat_params[1]:
 7.09846573506 10.3021498477
# mat_params[2]:
 5.51279869401 8.34151850450
# mat_params[3]:
 5.45523434818 7.90289972448
# log_m_devs:
 -0.127916774341 0.0250087388491 0.00165966419890 0.101248371293
# log_slx_pars[1]:
 1.23712831208 -0.568756467049
# log_slx_pars[2]:
 1.68257838023 -0.209132341251
# log_ft_pars:
 -1.32277475907 -1.40117137294 -1.81479810620 -1.67822414850 -1.38650188256 -1.28169418024 -1.37256269043 -1.77380055943 -1.39470233248 -2.21212754019 -2.38490753344 -1.03190667611 -4.64904603262 -0.839792475847 -3.46079554669 -2.62755022943 -2.37209333232 -1.89649651782 -1.74088382283 -2.65369817594 -2.75027731694 -2.80654545579 -3.03509530435 -2.46076496016 -2.75713566349 -3.40992403680 -2.83770172681 -2.19376492753 -2.17217795124 -1.57418376549 -1.02491287718 -1.01309910804 -1.36819877450 -1.72249330575 -1.61916817710 -0.837209294519 -1.34113488234 -1.70353679268 -4.42413603163 -4.43111042681 -3.60747501757 -3.11888719641 -3.40197102544 -3.58256739975 -3.35144304745 -3.23365571795 -2.09889451993 -2.54919300642 -8.43784468304 -3.54888255189 -1.58776293047 -1.35464167615 -1.98178591371 -1.67942347756 -1.55029955129 -1.52301599572 -1.32635174520 -1.67669128108 -2.11835365748 -1.33365336080 -1.05500144265 -2.24168749199 -2.97959819881 -2.10847109805 -1.49396222236 -2.27705410086 -2.71990136611 -1.41119867793 -1.48709021683 -2.23295005507 -2.09303018031 -2.93879559597 -2.01412248479 -2.16275804026 -2.69123049533 -2.32777465435 -2.29627012899 -2.34799417529 -2.12043239410 -1.93070459001 -1.99912116999 -1.82129994853 -1.68376455881 -1.76716786368 -2.57989767459 -1.20949801033 -1.89239065431 -1.70206321057 -1.54537002511 -3.14012376399
