# Number of parameters = 206 Objective function value = -3709.29555265424  Maximum gradient component = 0.000118212403043943
# theta[1]:
-0.299653010723
# theta[2]:
8.55791502423
# theta[3]:
7.22505932127
# theta[4]:
7.61349411865
# theta[5]:
0.869116360026
# theta[6]:
4.00000000000
# log_rinit_devs:
 -0.102422057159 -0.0450037759759 0.0784244900948 0.0489615322516 0.0200398107881
# log_rbar_devs:
 1.50174992269 1.30662799690 1.08560165898 1.06961465103 0.887725297308 1.14026600247 0.738919379108 0.617284036456 0.541344897949 0.576210648393 0.500987017394 0.478280471905 0.576611060464 0.665071265176 0.868897544918 0.772567351761 0.851904008295 0.659666050767 0.833534004466 0.611948643494 0.609462693353 0.678514307783 0.607419332943 0.394531248306 0.483419826985 0.530624372821 0.442675950828 0.802432029075 0.373499189409 0.156002729131 -0.0781898158284 0.0133448283290 0.0361958991518 -0.371721266420 -0.567786791662 -0.754264737096 -1.02223541293 -1.07590847620 -1.11575309728 -1.20487039738 -1.19855565888 -1.28645926087 -1.29390412528 -1.32331649293 -1.23774741542 -1.77343545138 -1.97014273544 -2.25284675998 -1.83652218742 -0.423125756032 1.05943579095 -0.198424513227 -1.64281734565 -0.623617950213 0.984603463539 0.254485847061 -0.793955291492 0.0578587022162 1.77555691363 -0.0578143139087 -1.82460787099 -0.721923032121 1.92621272012 -0.564107023308 -1.29965024951 -1.02354123449 0.446793513404 0.316215534253 1.35811144855 1.38812535684 -0.0646136951647 0.715206068264 1.06564330536 0.539366834842 1.93629743355 -0.326245930541 0.278233670696 0.172752723040 0.234440957747 0.169860925523 -0.226153870178 -0.275954605018 -1.10516974341 -1.48327693852 -0.463172340066 -2.35268031616 0.913265655674 -1.54484362877 0.230503269134 -0.0317627682781 0.175214047002
# mat_params[1]:
 7.67331237085 10.6061288519
# mat_params[2]:
 6.39646320243 9.37291204207
# mat_params[3]:
 4.98525389506 7.39135328400
# log_m_devs:
 0.183311531259 -0.247867567819 0.0645560365603
# log_slx_pars[1]:
 1.40911429760 -0.324475284641
# log_slx_pars[2]:
 1.76238060726 -0.180716244582
# log_slx_pars[3]:
 1.57884134819 -0.364862000393
# log_ft_pars:
 -1.76984967564 -1.83213825598 -2.21539755013 -2.02293585367 -1.67889475411 -1.53807860588 -1.58926484135 -1.93712463319 -1.48854936138 -2.21507143800 -2.29854867302 -5.42966480342 -4.67393205017 -5.17623650602 -3.64454455004 -2.71299011065 -2.36590683236 -1.90023282240 -1.76547836575 -2.68132946077 -2.78256673450 -2.83623438145 -3.06036804873 -2.48748452625 -2.78534007448 -3.42847934429 -2.85090545776 -2.21134038748 -2.18895987889 -1.60787759659 -1.07936374679 -1.10494863272 -1.50451052300 -1.89227552347 -1.82182799011 -1.10356426806 -1.69701404379 -2.11863019225 -4.85119696739 -4.84226107231 -4.00871339883 -3.51441463048 -3.79325570839 -3.96755237379 -3.72820307613 -3.60402463744 -2.49286441820 -2.95349776309 -8.74488713268 -3.85481355947 -1.97631784784 -1.68207323048 -2.26301965237 -1.97926413009 -1.91539797604 -1.85854624991 -1.64049963385 -1.99921148424 -2.48630165845 -1.66490179279 -1.37495841344 -2.56230724474 -3.31375661868 -2.36105508569 -1.69277044849 -2.47418853729 -2.90107900996 -1.55055280746 -1.63989834489 -2.37467044437 -2.18444132580 -3.00486510710 -2.07613484093 -2.19123885236 -2.74598203889 -2.34596505475 -2.27822686446 -2.28458451406 -1.92171315373 -1.93823665263 -2.06036968074 -1.89357013780 -1.76052068826 -1.85944102783 -2.69935919301 -1.36589557370 -2.04177518927 -1.81374865749 -1.58381696391 -3.08838259626
