# Number of parameters = 203 Objective function value = -3673.26597759260  Maximum gradient component = 5.38430767998335e-005
# theta[1]:
-0.393864619249
# theta[2]:
7.08542399764
# theta[3]:
6.65418796358
# theta[4]:
7.21328109077
# theta[5]:
0.500936826353
# theta[6]:
4.00000000000
# log_rinit_devs:
 0.229298435765 0.149091249319 0.120653075439 -0.0461242701806 -0.452918490342
# log_rbar_devs:
 0.991756738355 0.814334084048 0.646639255537 0.715177578884 0.588773815453 0.864566260838 0.520527981368 0.481386023008 0.484864431358 0.609577894869 0.581277449998 0.486538516046 0.492123813887 0.486099530349 0.637185663288 0.673994490314 0.867745203283 0.682212951371 0.825221475456 0.596124091116 0.591569032128 0.657828512337 0.593040028360 0.390400373969 0.472152771566 0.523428361144 0.449770495587 0.805882951515 0.407262855835 0.212639468276 -0.0402154208449 -0.0224473559828 -0.0569232764808 -0.477651354655 -0.690818623930 -0.958164357307 -1.33089080235 -1.45310465692 -1.51404109093 -1.58328781469 -1.56645752582 -1.64205382293 -1.64376802966 -1.66749020296 -1.56200737615 -2.06650702988 -2.26791138232 -2.56230852239 -2.10390511015 -0.659007880171 0.784246209637 -0.477086625176 -1.92680331803 -0.897167311267 0.701990563170 -0.0279822504833 -1.06962373101 -0.201971297339 1.48513091257 -0.344313463596 -2.10195169121 -0.949485895079 1.70658826323 -0.751645160653 -1.45790728137 -1.14521145633 0.340342975657 0.204673836424 1.25946929894 1.29459214341 -0.139416643812 0.648884889040 1.02994345521 0.552667515202 1.85929438154 -0.218739152724 0.496965217936 0.627653257548 1.01118102439 1.35174136816 0.912825638504 0.865970749812 -0.0375125183225 -0.482822651471 0.511286583679 -1.53204224099 1.71575043817 -0.644037129852 1.20578381412 1.00508994624 0.552506873095
# mat_params[1]:
 7.10258327897 10.3178625995
# mat_params[2]:
 5.57050152946 8.40949627696
# mat_params[3]:
 5.46054248415 7.92122993676
# log_m_devs:
 -0.0923471231137 0.0923471231137
# log_slx_pars[1]:
 1.23366646623 -0.573399793111
# log_slx_pars[2]:
 1.68291895697 -0.214751059109
# log_ft_pars:
 -1.23217362051 -1.31170169735 -1.73069327998 -1.60359622827 -1.31948554700 -1.22193974622 -1.32145367925 -1.73592549073 -1.37313105683 -2.21137144633 -2.40477738203 -0.821858643312 -4.63604912525 -0.618909810600 -3.39719766607 -2.58377341219 -2.34712612350 -1.87054701482 -1.71392012444 -2.62748027959 -2.72543460062 -2.78336901933 -3.01370508908 -2.44017680837 -2.73780891941 -3.39271335676 -2.82209817343 -2.17975837081 -2.15956854364 -1.56146128295 -1.01048631410 -0.997494844113 -1.35307143154 -1.70840877070 -1.60605220683 -0.823005413695 -1.32567320219 -1.68860289427 -4.41188186819 -4.42229879566 -3.60204731870 -3.11679667192 -3.40339749212 -3.58759472772 -3.36050617961 -3.24686478440 -2.11888180494 -2.57898912161 -8.46911623183 -3.57643255472 -1.62304463926 -1.39052747810 -2.01626117959 -1.71096815996 -1.58158687160 -1.55427754575 -1.35904392026 -1.70722447689 -2.14846353090 -1.36495241301 -1.08827456210 -2.27123972951 -3.00660344537 -2.13531594420 -1.52165624897 -2.30109448591 -2.73787149105 -1.42788537198 -1.50972926545 -2.25732607761 -2.11617060009 -2.95909171240 -2.03216431873 -2.17980141285 -2.71254841179 -2.35002689267 -2.31921192002 -2.36921607421 -2.13930124455 -1.94831647388 -2.01422693969 -1.83247352008 -1.68938050287 -1.76548145044 -2.56679373914 -1.18251016122 -1.83025207330 -1.69511214271 -1.59892199845 -3.25607150693
