# Number of parameters = 207 Objective function value = -3672.01388144851  Maximum gradient component = 0.000936513987012395
# theta[1]:
-0.409118368587
# theta[2]:
7.70725574329
# theta[3]:
6.68335574183
# theta[4]:
7.09548384726
# theta[5]:
0.735974930111
# theta[6]:
4.00000000000
# log_rinit_devs:
 0.0341730700859 -0.000626055459143 0.0679993096847 0.0129100643421 -0.114456388653
# log_rbar_devs:
 1.37818455464 1.17500632226 0.963726311959 0.992139350549 0.845341002541 1.10789828111 0.711068616941 0.612362395489 0.539403136421 0.555917374656 0.473726166832 0.449550953864 0.580229894027 0.714391059504 0.967821641536 0.887174035431 0.949370757785 0.733089738085 0.899958158597 0.691481933629 0.706208064260 0.791981875587 0.737911291911 0.549096571122 0.667864955738 0.740720147273 0.664751784258 1.03663677717 0.596420826804 0.343106469679 0.0628836582167 0.116009727370 0.110720293089 -0.346402544426 -0.638659499597 -0.929501056551 -1.25605212997 -1.32073298903 -1.34322335317 -1.41074281774 -1.39142273854 -1.46138141123 -1.44997695325 -1.45949755640 -1.35829964391 -1.91083143980 -2.16070308401 -2.49126690987 -2.08586987017 -0.628170291332 0.819429795226 -0.413682612052 -1.85963429270 -0.840900452917 0.758971581399 0.0191130888574 -1.03987943529 -0.152429577483 1.55389795090 -0.294225458644 -2.07227076975 -0.954555393670 1.69609912178 -0.779201727697 -1.50669141935 -1.20003347739 0.292026142201 0.139121279281 1.18183042462 1.20956051181 -0.246231765335 0.533886063851 0.894244215201 0.370453374887 1.70195146353 -0.466375487025 0.215615316111 0.275457339698 0.541412062168 0.681992111993 0.271184217704 0.229261182742 -0.579897755640 -0.948501350244 0.0347278017381 -1.90324518605 1.25253282461 -0.984043054201 0.856818450682 0.672503167413 0.330289887709
# mat_params[1]:
 7.13855908499 10.1158644002
# mat_params[2]:
 7.39908239126 10.5819196046
# mat_params[3]:
 5.34299134270 7.97818570090
# mat_params[4]:
 5.31164229813 8.27498872264
# log_m_devs:
 0.143809632511 -0.143809632511
# log_slx_pars[1]:
 1.09800607891 -5.01619614194
# log_slx_pars[2]:
 1.48018985146 -0.400737962073
# log_slx_pars[3]:
 1.67529358218 -0.265316986538
# log_ft_pars:
 -1.80337078478 -1.86777649344 -2.22554512047 -2.05269104366 -1.73227332109 -1.65530598588 -1.69681431375 -2.03125788966 -1.60098745077 -2.36392209675 -2.46348138273 -5.60717488267 -4.88785499222 -5.76308887255 -3.96743472321 -3.05129120508 -1.91885876821 -1.46214079389 -1.29924385726 -2.20612278259 -2.33380103190 -2.39951281023 -2.64354008025 -2.10693615495 -2.42627792852 -3.08373898951 -2.53282087346 -1.87755381489 -1.88111795881 -1.34126272612 -0.808089578115 -0.751668686835 -1.05620723607 -1.42396160129 -1.35197269203 -0.549005079648 -1.00710180634 -1.35967632841 -4.08938074689 -4.11395520199 -3.30178367887 -2.82155883653 -3.09940847958 -3.29617131591 -3.09320174125 -3.00592411239 -1.89786030442 -2.35715487512 -8.99265349042 -4.18017129203 -2.41948237046 -2.19712134669 -2.64306030162 -2.13215078213 -2.12005215836 -2.23487118481 -1.99948633329 -2.20311139665 -2.76072298115 -2.09705254742 -1.70455848523 -2.64829393976 -3.48555666254 -2.78717262562 -2.05335655911 -2.57316395750 -2.97363355258 -1.82221942215 -2.06401017868 -2.85125492025 -2.64475309632 -3.33080499273 -2.35266523122 -2.51726381028 -3.10496033609 -2.75061027729 -2.61376455192 -2.51017165393 -2.24114222161 -2.01863162316 -2.18850998345 -2.01863937608 -1.87329000364 -1.95061953069 -2.78180071242 -1.47055161869 -1.71679945595 -1.58329777869 -1.52169310976 -3.25026650722
