# Number of parameters = 201 Objective function value = -3496.74343140633  Maximum gradient component = 9.72211134449439e-005
# theta[1]:
-0.195116127630
# theta[2]:
8.50786066595
# theta[3]:
7.32328025712
# theta[4]:
7.78102803678
# theta[5]:
0.366575500700
# theta[6]:
4.00000000000
# log_rinit_devs:
 -0.138208724455 -0.0723198452234 0.0772169486502 0.0904267451301 0.0428848758984
# log_rbar_devs:
 1.32738608058 1.14274262275 0.929845812244 0.912415177678 0.739753429397 0.996250963911 0.609372844254 0.505618730546 0.442059970002 0.497884834076 0.433080792498 0.416712646226 0.510666602869 0.592351290290 0.782538685688 0.678829036158 0.748508763827 0.559349851574 0.730538262901 0.514600821976 0.505040732291 0.561514124238 0.479782497018 0.265555597853 0.341081054721 0.367346879556 0.250924225467 0.568089147499 0.116159324357 -0.135575265880 -0.396730184259 -0.344039769479 -0.354483906244 -0.791794985307 -1.04756162431 -1.28936380648 -1.58444579583 -1.65957609016 -1.71420948368 -1.80869289204 -1.81627625111 -1.89339396874 -1.88821904381 -1.89961615659 -1.77803752718 -2.21143663712 -2.29771501618 -2.45909699051 -1.91734783198 -0.455784644688 1.10851292460 -0.223017891262 -1.63352236158 -0.616146681177 0.974867758793 0.253825806093 -0.784453226909 0.0762376997193 1.73546368505 -0.0267762774961 -1.74069199392 -0.705003827288 1.85477808433 -0.548152136276 -1.27634025347 -0.988338260862 0.466169312433 0.355535210962 1.39830966582 1.42329781232 0.00663806149406 0.784112788502 1.15354768915 0.685233765524 1.97739660893 -0.0623360667988 0.651333963454 0.781786715341 1.14749353581 1.44693212832 1.01519615587 0.959701877571 0.0138852791743 -0.489525642790 0.406774381109 -1.68810903270 1.44497657778 -0.931072126404 0.805076632604 0.552292513116 0.451506214184
# mat_params[1]:
 6.71436674105 9.79033630588
# mat_params[2]:
 5.80105301437 8.44095501016
# log_m_devs:
 -0.0596756769040 0.0596756769040
# log_slx_pars[1]:
 1.47479686050 -0.339868216388
# log_slx_pars[2]:
 1.69880473817 -0.386235238120
# log_ft_pars:
 -1.78194275542 -1.83041411133 -2.23461464008 -2.06100901387 -1.73253587326 -1.57093719564 -1.62982214749 -2.00708370774 -1.58096018681 -2.30637429486 -2.39314716071 -6.00004443683 -4.77461582366 -5.79012747935 -3.71285775983 -2.77805767524 -2.43080555789 -1.97739643183 -1.83573144935 -2.75767959161 -2.86723828269 -2.91263861200 -3.12746151866 -2.56335135787 -2.85728714898 -3.47704016564 -2.87960850909 -2.18034186434 -2.13952241473 -1.56277776586 -1.02258385346 -0.986756976304 -1.30699316430 -1.67105229257 -1.59567843784 -0.826638972188 -1.36254572345 -1.74332466585 -4.45794630066 -4.44446822567 -3.59949272710 -3.09350235826 -3.35115298024 -3.53403521912 -3.32535374515 -3.24170969045 -2.19035247382 -2.73893786195 -9.50619517514 -4.87244905823 -3.35234943635 -3.03791894708 -3.38463981381 -2.84085185483 -2.94708179626 -3.02912630722 -2.74018007114 -2.93922083975 -3.58460681297 -2.85791248598 -2.39589873781 -3.30905373451 -4.26871959859 -3.50045028057 -2.67867316172 -3.15524811466 -3.61485002483 -2.51454450016 -2.86141777010 -3.64967657153 -3.36782815524 -4.01510640270 -3.06684372899 -3.24780851204 -3.92328067003 -3.52329155704 -3.35583470309 -3.29350702880 -3.13534977278 -3.06578124997 -3.15800184934 -2.89687220696 -2.66218543324 -2.63149797577 -3.34774126653 -1.93946500604 -1.90993503801 -1.69720876263 -1.56336425590 -3.15819765774
