# Number of parameters = 205 Objective function value = -3680.62648772043  Maximum gradient component = 0.000112543621446384
# theta[1]:
-0.335049881840
# theta[2]:
7.39823163674
# theta[3]:
6.47096651292
# theta[4]:
7.03464246875
# theta[5]:
0.473016203196
# theta[6]:
4.00000000000
# log_rinit_devs:
 0.0513948635036 0.0135190605024 0.0814396411053 0.0266097048064 -0.172963269918
# log_rbar_devs:
 1.35570637716 1.15623399375 0.926962983596 0.967479821113 0.839795925027 1.10436398760 0.714502792395 0.595151356059 0.547588416897 0.527028105825 0.442172184962 0.384785482746 0.510325787443 0.630170937631 0.879016437256 0.824684036150 0.899588366041 0.697994773121 0.838013544215 0.610960465030 0.615185645860 0.692056744002 0.634886192883 0.435799406248 0.532365212717 0.598563849683 0.529345750466 0.899352890116 0.495291491432 0.289708309421 0.0173236880471 0.0259774672561 -0.0108776594862 -0.443711267240 -0.686060089816 -1.00727681629 -1.41273182732 -1.55121464555 -1.60379133013 -1.66548711960 -1.64398397569 -1.71631033252 -1.71189009708 -1.73035731635 -1.61526681049 -2.12596188350 -2.33998367208 -2.63508816164 -2.15559806562 -0.695360445734 0.719886437467 -0.537082705010 -1.98357783970 -0.955943415968 0.637802268063 -0.0943581083748 -1.13719575939 -0.265521456520 1.41499526039 -0.422131755853 -2.17649659684 -1.02122480313 1.64251215344 -0.811970769400 -1.51359022945 -1.19170767440 0.298770114973 0.161050234933 1.21619239316 1.25218122375 -0.175757489097 0.616147485464 1.00527406359 0.539179479956 1.84323291992 -0.196317101772 0.534640210539 0.679407000294 1.04811950465 1.33062463107 0.895478007704 0.836580551062 -0.0718097525514 -0.523665479166 0.459314350812 -1.59143001098 1.66114430931 -0.818364557334 0.967835868851 0.704658458926 0.555687670601
# mat_params[1]:
 6.82406474000 9.95143405385
# mat_params[2]:
 6.99575732245 10.3368852163
# mat_params[3]:
 5.26131721259 7.91855995295
# log_m_devs:
 -0.0307454147789 0.0307454147789
# log_slx_pars[1]:
 0.347966390217 -2.89456500593
# log_slx_pars[2]:
 1.27625016937 -0.661565953523
# log_slx_pars[3]:
 1.66477288551 -0.197306662908
# log_ft_pars:
 -1.85548316830 -1.88988751641 -2.23156069572 -2.07867278714 -1.75770583949 -1.72533126830 -1.71553819946 -2.05636432768 -1.63639813813 -2.40759503641 -2.49525214893 -5.67766625823 -4.91946183448 -5.70739453632 -3.99870482922 -3.05627729661 -2.16453936339 -1.70204829161 -1.53343733950 -2.45032490729 -2.55890414990 -2.62109413590 -2.86352078392 -2.30802726083 -2.60993983960 -3.27072363740 -2.71472135760 -2.06233296174 -2.06652978454 -1.48456643584 -0.930875850237 -0.885506071099 -1.20881235784 -1.56907459080 -1.46678845702 -0.649775810972 -1.09652454512 -1.42145748093 -4.13629678701 -4.16057888606 -3.34679892101 -2.86607183843 -3.14987857775 -3.34069859269 -3.12449551284 -3.03460563482 -1.89930727993 -2.35860718830 -8.38438085115 -3.50943047811 -1.54449452091 -1.30619029365 -1.92283020828 -1.60822112397 -1.48098595511 -1.46134718147 -1.25540172158 -1.59748297503 -2.04737952751 -1.26603855530 -0.970561380806 -2.14720956751 -2.90381272968 -2.05108139320 -1.43056678047 -2.20384660866 -2.65860648792 -1.36498199338 -1.44390298680 -2.19159934044 -2.05179426381 -2.89677724740 -1.97748880573 -2.13641346074 -2.67552694637 -2.32109740432 -2.29613938483 -2.35689822500 -2.15034159495 -1.96954025314 -2.02704631542 -1.83104299486 -1.67612326253 -1.74471933234 -2.54066200517 -1.15663683828 -1.77821742482 -1.58651949545 -1.41253385509 -2.99482678350
