# Number of parameters = 206 Objective function value = -3579.52718279700  Maximum gradient component = 0.000290045155524216
# theta[1]:
-0.113448179317
# theta[2]:
8.70609154607
# theta[3]:
8.05775342710
# theta[4]:
8.33488688327
# theta[5]:
0.803744115303
# theta[6]:
4.00000000000
# log_rinit_devs:
 -0.0837476799503 -0.0313338366498 0.0926267584898 0.0507741681727 -0.0283194100624
# log_rbar_devs:
 0.852840406446 0.694563095562 0.505565647460 0.517979716775 0.371253696337 0.644090252288 0.313155812146 0.252557994495 0.246358039305 0.344453497823 0.315637975407 0.309930667243 0.398559319178 0.485954884387 0.701637230570 0.653808672255 0.784007573521 0.601721308771 0.773396391549 0.561462613563 0.545304977230 0.594155892214 0.511305091551 0.297705509956 0.368887905685 0.387913129197 0.271217520225 0.578321494436 0.136684925431 -0.0877802584488 -0.289110528075 -0.170862682686 -0.137307862601 -0.528077567122 -0.711123710100 -0.857161834553 -1.07678368964 -1.13129519655 -1.19411323997 -1.31039655784 -1.33354714799 -1.42579682427 -1.43663534942 -1.46147410916 -1.36294651915 -1.78847423730 -1.85912812090 -2.01172016405 -1.46859680190 -0.0289406998072 1.56969955796 0.236366218416 -1.19496033585 -0.181133669154 1.44002451111 0.692862452560 -0.362942451427 0.488603044066 2.22308796693 0.396102918321 -1.38531172654 -0.331806170582 2.28785531136 -0.207338019232 -0.960798492455 -0.702919494590 0.756785416807 0.649805610196 1.70369556699 1.73091989900 0.264246860632 1.03175144210 1.36251255944 0.814439810541 2.24356962838 -0.117294159346 0.400046833612 0.197277786886 0.152914869962 -0.0150201255589 -0.414077743475 -0.484421049767 -1.35859202771 -1.74964008501 -0.690946849972 -2.55542411825 0.853031060136 -1.56935288964 0.232020670754 -0.00213957457427 0.207340847511
# mat_params[1]:
 7.64279081509 10.6162506656
# mat_params[2]:
 5.50125519022 8.08089979209
# mat_params[3]:
 5.78413244750 8.25443886080
# log_m_devs:
 -0.0364225972891 0.0507550770206 0.175058912707 -0.229930321351 0.0405389289122
# log_slx_pars[1]:
 1.60280636847 -0.249247107401
# log_slx_pars[2]:
 1.70128667341 -0.427512851899
# log_ft_pars:
 -1.50511910818 -1.56772511954 -1.99763103192 -1.85601986349 -1.55225812154 -1.41724574005 -1.50447497951 -1.92737184927 -1.55049132177 -2.32734304517 -2.45354753968 -2.94787893836 -4.87043539178 -1.96240578740 -3.79418140539 -2.90070644906 -2.61067059554 -2.14668207986 -2.00957170519 -2.92439182473 -3.02259554096 -3.05958511169 -3.26198870888 -2.69211214366 -2.98670407620 -3.59860668815 -2.99366401029 -2.30536126667 -2.26411632479 -1.71191125144 -1.23096280117 -1.26701077187 -1.64579348516 -2.04271937178 -2.01047570332 -1.34125103479 -1.97876937785 -2.40728724184 -5.11482619177 -5.07005936871 -4.20362368507 -3.68332479430 -3.92699444189 -4.09407488458 -3.86730936691 -3.76574692548 -2.72834662871 -3.28735187758 -10.0534470031 -5.42596193972 -3.95637559211 -3.55853405973 -3.89528640148 -3.37280136039 -3.52127145996 -3.54618221943 -3.24978103467 -3.46559136328 -4.17335944051 -3.37831757731 -2.92766693746 -3.84339785983 -4.82802784506 -3.95920254203 -3.14150406762 -3.62266631716 -4.03227719395 -2.87911449482 -3.26891686144 -4.04064037942 -3.71879582660 -4.36475503751 -3.39487735275 -3.51477745266 -4.24523141432 -3.77885301634 -3.56541146694 -3.35832523432 -2.88404170491 -2.40894078313 -2.47713612279 -2.25326344016 -2.07310111416 -2.12905983326 -2.93707177045 -1.58508933350 -1.91552838506 -1.66777856523 -1.54390541135 -3.13476974083
