# Number of parameters = 205 Objective function value = -3678.32595267420  Maximum gradient component = 0.000162419235097396
# theta[1]:
-0.266552545573
# theta[2]:
7.47160008608
# theta[3]:
6.58916569006
# theta[4]:
7.14869271721
# theta[5]:
0.488881430619
# theta[6]:
4.00000000000
# log_rinit_devs:
 0.121105396673 0.0720480504887 0.0887123029599 -0.0264572952724 -0.255408454849
# log_rbar_devs:
 1.32851878429 1.14036746263 0.953592745474 0.991169261175 0.842276380739 1.10469156593 0.726789614702 0.646658974889 0.603338017322 0.675945568279 0.619760049799 0.559957268891 0.632128933269 0.695357272243 0.862174696684 0.781208264129 0.831427147213 0.648997487044 0.794982081476 0.566515616829 0.566028219542 0.637332016875 0.576051499879 0.375751190701 0.462761315864 0.519040223033 0.447559936063 0.810661441058 0.408686874880 0.212019815656 -0.0447699380405 -0.0299598320464 -0.0677696475194 -0.496139791819 -0.718460654149 -1.00061172243 -1.38999896358 -1.52145291864 -1.58447125204 -1.65163161403 -1.63351734592 -1.70836937953 -1.70946566766 -1.73351843890 -1.62622035097 -2.13325746361 -2.33848294672 -2.63591618959 -2.16775639007 -0.719077130833 0.709891774802 -0.542692952085 -1.99102400720 -0.962106677072 0.633144443486 -0.0961314579549 -1.13751113483 -0.267645158180 1.41622907957 -0.415653434342 -2.17486993917 -1.01681220358 1.63911134479 -0.813685436657 -1.51823766138 -1.20167145920 0.284177994770 0.147430687862 1.20024065511 1.23448048674 -0.196969927004 0.589496102775 0.970514517601 0.492799962353 1.79059455837 -0.281285995466 0.432019922742 0.570132453760 0.963282339297 1.31315483860 0.882147661546 0.840239093692 -0.0401658316343 -0.462816570453 0.553846655189 -1.45523591131 1.83497608443 -0.633296029648 1.15939381452 0.885576257696 0.554028968987
# mat_params[1]:
 7.09818873939 10.0364709095
# mat_params[2]:
 7.12158612528 10.4759154862
# mat_params[3]:
 5.41824897697 8.22124034073
# mat_params[4]:
 5.40328764864 7.83833149300
# log_m_devs:
 -0.0713967195354 0.0713967195354
# log_slx_pars[1]:
 1.23847576347 -0.563273949126
# log_slx_pars[2]:
 1.67514824374 -0.206714667658
# log_ft_pars:
 -1.39201996665 -1.47068144058 -1.87171159732 -1.71764895536 -1.40754013144 -1.29612768715 -1.36918747869 -1.74217880388 -1.33128009117 -2.11809524701 -2.26240343460 -1.31717636999 -4.56881375901 -1.43579991642 -3.50172800259 -2.61376972676 -2.27452833614 -1.80316336711 -1.64553530884 -2.55808396390 -2.66165403219 -2.72397794805 -2.95928487540 -2.39235729562 -2.69372811811 -3.35190778372 -2.78613650191 -2.14472270939 -2.12825572239 -1.53477028501 -0.983161576739 -0.960947356408 -1.30575188384 -1.65795823163 -1.55408860836 -0.758902493010 -1.24119675568 -1.59099675243 -4.31088271955 -4.32491882038 -3.50664382906 -3.02197588624 -3.30675506071 -3.49225575518 -3.26872892729 -3.15739931104 -2.02593334522 -2.48444669882 -8.42644923021 -3.53548032906 -1.56543729987 -1.33240481463 -1.95780304205 -1.65230920513 -1.52286986021 -1.49953658174 -1.30129880577 -1.64920617070 -2.09216212166 -1.31006577468 -1.02793171756 -2.21168023598 -2.95296944371 -2.08825006365 -1.47293005360 -2.25325276919 -2.69998188696 -1.39630612007 -1.46994527079 -2.21469831982 -2.07556256024 -2.92121870469 -1.99727588339 -2.14794197567 -2.67489396594 -2.31237429505 -2.28034928188 -2.33156238687 -2.10703357374 -1.92008896391 -1.99060685661 -1.81373467447 -1.67756906407 -1.76311986729 -2.58076380285 -1.21743351614 -1.91448050437 -1.70140734966 -1.51672877863 -3.08322977919
