# Number of parameters = 200 Objective function value = -3547.98285563346  Maximum gradient component = 1.26056020124520e-005
# theta[1]:
0.131193006630
# theta[2]:
9.37730580704
# theta[3]:
9.63011124487
# theta[4]:
9.98289667535
# theta[5]:
0.707987955163
# theta[6]:
4.00000000000
# log_rinit_devs:
 -0.0595115794753 -0.0543089619568 0.0853538491384 -0.0138542708591 0.0423209631527
# log_rbar_devs:
 0.173543493038 0.0427834658238 -0.131121527869 0.00613674330388 -0.0696548264465 0.447114168776 0.151037154443 0.199345112169 0.330723243563 0.528883993972 0.525859394202 0.553633211560 0.718195915114 0.835162466388 1.07681585969 0.905396518544 0.916181970782 0.715870660388 0.974867818744 0.684428718460 0.647344561303 0.702895306766 0.582703026631 0.277182086760 0.360097340866 0.371694134652 0.214174354134 0.652567645652 0.123219596874 -0.0655176889389 -0.200037108713 0.0853258956415 0.213823354544 -0.232419283145 -0.378316279794 -0.484639909750 -0.739308740897 -0.815227960324 -0.918124956015 -1.10183993478 -1.14834074133 -1.29427504706 -1.32785026419 -1.37309725259 -1.25238062541 -1.81316168053 -1.92550678300 -2.15084141840 -1.67572424046 -0.223442398572 1.41039109466 0.0502204607185 -1.30995597962 -0.319470923290 1.25755973071 0.533546498322 -0.508154045215 0.322430780800 2.02555432519 0.262460576472 -1.44086584159 -0.471559637248 2.06071501457 -0.319221019432 -1.08276379279 -0.832446430956 0.573966900603 0.491723289219 1.50295919835 1.52917932986 0.112996515625 0.874765617102 1.17825101855 0.662239716943 1.93092799040 -0.281730969203 0.230747503025 0.187563102741 0.381937847932 0.544727670958 0.147655287601 0.0672150621644 -1.00422327083 -1.48241275277 -0.525170906769 -2.56107545927 0.681159257136 -1.70859819065 0.0309156194532 -0.215867437358 0.315528703303
# mat_params[1]:
 8.10459357178 10.2770256674
# mat_params[2]:
 9.00221015037 11.9518313514
# mat_params[3]:
 6.92288799354 9.40866419360
# log_m_devs:
 0.00000000000
# log_slx_pars[1]:
 1.77319371567 -0.215420508467
# log_ft_pars:
 -0.984242179362 -1.13311109611 -1.63000776647 -1.56377462338 -1.32900743278 -1.34018077703 -1.54710612840 -2.08066572063 -1.82327919296 -2.71752380422 -2.92267840759 -1.60498653524 -5.42525847767 -0.876837633255 -4.44015806977 -3.57136761390 -3.26849274387 -2.83421484743 -2.72158402419 -3.63330078457 -3.71298868105 -3.73632317771 -3.91121239002 -3.31102007876 -3.58318703694 -4.16123054810 -3.51743610680 -2.84073326441 -2.80430966864 -2.28202331811 -1.87277296780 -1.99134649330 -2.43952788213 -2.87373409549 -2.88771982423 -2.29055327678 -2.96126924052 -3.36955721325 -6.02568814764 -5.91901256758 -5.00151381515 -4.43555875472 -4.62894719661 -4.76073027315 -4.51661077433 -4.37792945006 -3.31581587883 -3.83996742323 -10.5233490432 -5.86683311162 -4.37078672565 -3.98561960303 -4.44152829274 -4.07545744733 -4.11869568922 -4.06296380739 -3.80545142351 -4.11096312078 -4.69885943868 -3.85940977436 -3.50511841816 -4.58207143816 -5.39312436426 -4.41027931367 -3.66816555982 -4.34494962767 -4.74198653943 -3.46033432737 -3.74083194932 -4.49155854452 -4.21462405022 -4.95268945154 -3.99885891149 -4.10111810757 -4.71360790250 -4.22980768124 -4.07456722556 -3.99997126533 -3.61352252648 -3.26654896597 -3.18454935438 -2.88165445894 -2.63277243347 -2.61558453506 -3.33564020899 -1.85752259557 -2.75198600082 -2.54816763778 -2.40901259053 -3.97854274433
