# Number of parameters = 202 Objective function value = -3606.99243027419  Maximum gradient component = 9.45258562463430e-005
# theta[1]:
-0.332568865148
# theta[2]:
7.52793280883
# theta[3]:
6.54611757829
# theta[4]:
7.00641270643
# theta[5]:
0.743603221693
# theta[6]:
4.00000000000
# log_rinit_devs:
 0.112815003446 0.0973160348020 0.117954907449 -0.0373017478527 -0.290784197844
# log_rbar_devs:
 1.43957316917 1.25970844539 1.07176587955 1.08986540001 0.917925636529 1.19141873157 0.799351158013 0.713834774188 0.687425206456 0.781827421926 0.726414305804 0.694597575326 0.786410163772 0.870409134407 1.08827860580 1.02260602226 1.09585534605 0.892375791642 1.06578086043 0.843363935215 0.848212800708 0.928423359434 0.864863007787 0.659593569454 0.768560596513 0.833753085750 0.751438258784 1.13711551131 0.688186377428 0.446668416659 0.173677017092 0.232149996055 0.225295601860 -0.237525421689 -0.512478946914 -0.798539331118 -1.14902711303 -1.23820743790 -1.28402258507 -1.36755547237 -1.36121898445 -1.44881576944 -1.45451141193 -1.48342120771 -1.39241722819 -1.98534685389 -2.29186952947 -2.70039968783 -2.38195353930 -0.896479400037 0.530792228462 -0.688600008277 -2.10373860840 -1.09248768694 0.471640785073 -0.245074625620 -1.28321624021 -0.401397644420 1.24852647086 -0.542216964141 -2.28462137856 -1.19327712094 1.39041077285 -0.997337515825 -1.71422706070 -1.40148270456 0.0719585699153 -0.0667926266132 0.958398031816 0.984544513380 -0.426358385309 0.347800059531 0.721337175042 0.245690102138 1.53223810392 -0.481169240898 0.248254435883 0.401492570873 0.782459390923 1.08183352014 0.654033087558 0.590899430707 -0.334202811496 -0.790533581627 0.184174021377 -1.87213272070 1.35550966891 -1.10068036246 0.688625210262 0.467991244700 0.448002651385
# mat_params[1]:
 7.25347217705 10.1010890445
# mat_params[2]:
 7.25152724741 10.4585812491
# mat_params[3]:
 4.99701828088 7.55562083586
# log_m_devs:
 0.00631228703317 0.0629161032405 -0.0692283902737
# log_slx_pars[1]:
 1.42987900003 -0.354234210999
# log_ft_pars:
 -1.08166903359 -1.15784403393 -1.58744063792 -1.44420331214 -1.12474755724 -0.977618572287 -1.04452503657 -1.43553017494 -1.02188295381 -1.79787491615 -1.95195861080 -1.13363064697 -4.30389339662 -1.06409124642 -3.24263713168 -2.39647474250 -2.10336298842 -1.63290120750 -1.46981537295 -2.37820602235 -2.49290466068 -2.55262302110 -2.78766388048 -2.23572848666 -2.54356114724 -3.19437647897 -2.63304105456 -1.98567333816 -1.97982759640 -1.42096646626 -0.882109404775 -0.839846871951 -1.16395538629 -1.52642388320 -1.43964715425 -0.641303758374 -1.10931785603 -1.45658460436 -4.17084294964 -4.17775162576 -3.34979653434 -2.85367991994 -3.11853339353 -3.29701129482 -3.07323300666 -2.95766927023 -1.80880749595 -2.21731699734 -8.81288022162 -4.06999597649 -2.32397072789 -2.06087199061 -2.47269176129 -1.98187584754 -2.01730117558 -2.11787295516 -1.84549776017 -2.06590089246 -2.65678076916 -1.96002844691 -1.51295923149 -2.48288611549 -3.38485379892 -2.66258445008 -1.88156446036 -2.42894625174 -2.90924761430 -1.77709596236 -2.01246502725 -2.79450643478 -2.57062185661 -3.26829444148 -2.32581010160 -2.51168334156 -3.11767243249 -2.76222914047 -2.63566767863 -2.61202805173 -2.45935829102 -2.37043753994 -2.46682150919 -2.22486748267 -2.01649364552 -2.01099776455 -2.76812935091 -1.40573465266 -2.21172441666 -2.14554473128 -1.91660766572 -3.46911240871
