# Number of parameters = 205 Objective function value = -3687.70091768050  Maximum gradient component = 5.01062651285082e-005
# theta[1]:
-0.404887999171
# theta[2]:
6.68251842670
# theta[3]:
6.68893038048
# theta[4]:
7.26363081617
# theta[5]:
0.515217617101
# theta[6]:
4.00000000000
# log_rinit_devs:
 0.330521646219 0.173092475037 0.108267849827 -0.0879120526602 -0.523969918424
# log_rbar_devs:
 0.754246898997 0.560507966697 0.374387971584 0.479294458551 0.379623609151 0.698779986871 0.348656215457 0.321159950548 0.356988060064 0.493361611343 0.530236897635 0.505317146736 0.503479211933 0.601736820472 0.684878422158 0.746060290434 0.959201867755 0.758767851249 0.922831331268 0.692224162501 0.689578726663 0.761772007875 0.691578016687 0.475420687308 0.568295654073 0.623048588273 0.536026736782 0.911113008690 0.480084853592 0.260122108111 -0.00832640211879 0.0341315490452 0.0216119859105 -0.417692103742 -0.656928107904 -0.937679798294 -1.29670669311 -1.40229108265 -1.45336462127 -1.53460186716 -1.52534699738 -1.61114888058 -1.61545566138 -1.64419347320 -1.53892777450 -2.07793074182 -2.28834866842 -2.57074466931 -2.08936564991 -0.641084312433 0.789733704651 -0.476215177098 -1.91769361108 -0.892333408116 0.703869014847 -0.0254843052774 -1.06940555914 -0.201864337049 1.48337577607 -0.343019807082 -2.08227350840 -0.949971104636 1.70834615784 -0.748251203530 -1.45608180491 -1.14116472457 0.343435070322 0.210591059971 1.26415821796 1.30097521510 -0.129367952604 0.666356806765 1.04987298555 0.583508163125 1.88981962228 -0.156711726250 0.575528860309 0.715460454149 1.08393405198 1.37138445930 0.935297663397 0.882742090010 -0.0396769064161 -0.502772938531 0.473410209061 -1.59044023619 1.65880512884 -0.770920851821 1.03517729825 0.787750537542 0.565729466160
# mat_params[1]:
 6.95582882159 9.98063144276
# mat_params[2]:
 7.19470611487 10.4684098161
# mat_params[3]:
 5.56695903821 8.29778342219
# log_m_devs:
 -0.116343676965 0.116343676965
# log_slx_pars[1]:
 1.04054485785 -0.748807121525
# log_slx_pars[2]:
 1.32030237293 -0.589498656959
# log_slx_pars[3]:
 1.68783028763 -0.212151564711
# log_ft_pars:
 -1.18869951591 -1.26132498782 -1.66227666539 -1.55672518538 -1.28508898273 -1.26031596925 -1.35238125574 -1.77816204720 -1.44864856566 -2.33768275685 -2.57044630235 -0.852959767459 -4.86367969536 -0.676741115416 -3.72324089303 -2.93483422630 -2.31483069363 -1.84789088386 -1.68796423681 -2.60864793740 -2.71185021806 -2.76412435142 -2.99549088797 -2.43131823529 -2.72322347720 -3.36806834446 -2.79820519262 -2.13812870079 -2.13636779275 -1.55359226669 -1.00202644921 -0.970044844523 -1.31273324961 -1.68587678144 -1.59169355519 -0.801637725356 -1.29741692774 -1.65332361842 -4.36735539561 -4.37162876688 -3.54131651309 -3.04770809123 -3.31944088987 -3.49746098168 -3.26879591703 -3.16818354891 -2.03305766282 -2.48684148705 -8.46709587751 -3.58192035043 -1.63572142554 -1.39835515933 -2.02063951742 -1.71442267986 -1.58655030712 -1.55638789751 -1.35811196540 -1.70681824787 -2.15020826654 -1.36248978071 -1.08303099773 -2.26704751999 -3.00733100464 -2.13384388650 -1.51792165664 -2.29816555699 -2.73551125690 -1.42507212127 -1.51222227093 -2.26220044157 -2.11907321877 -2.96266293683 -2.03847236164 -2.18969906860 -2.73191287959 -2.37278457903 -2.34780296815 -2.40776613217 -2.19200034070 -2.00871414029 -2.06944289840 -1.87822504696 -1.72605919446 -1.79468606944 -2.58283686300 -1.18632827024 -1.80380689507 -1.64795394708 -1.52188148926 -3.14365503124
