# Number of parameters = 203 Objective function value = -3523.33388148774  Maximum gradient component = 6.55236740083146e-005
# theta[1]:
-0.231439502022
# theta[2]:
7.74163475357
# theta[3]:
7.15143505803
# theta[4]:
7.57197168962
# theta[5]:
0.444825050383
# theta[6]:
4.00000000000
# log_rinit_devs:
 0.0781357397014 0.0735081543120 0.113918250008 -0.0289407569077 -0.236621387114
# log_rbar_devs:
 1.02422889557 0.855853072801 0.674846504843 0.715476800175 0.566248060531 0.880078926062 0.530087738172 0.491306241858 0.513680253032 0.642508291235 0.608101810796 0.607539468874 0.721255409148 0.796760969819 0.976468099504 0.844340702820 0.859773209272 0.671384773918 0.861570714356 0.630462209289 0.620763954749 0.685297857751 0.601696787198 0.375458838494 0.462118058722 0.496070043384 0.375007813716 0.730312375872 0.247845744378 -0.00711334029197 -0.270912205264 -0.201160224087 -0.205522950269 -0.668427790913 -0.932041385041 -1.18332734760 -1.50035823725 -1.58848234591 -1.65598771795 -1.76582148027 -1.78424251883 -1.87576560979 -1.87947232166 -1.89902786384 -1.77348272450 -2.23723359584 -2.34095834407 -2.52240029942 -1.98609869562 -0.516449343156 1.02841692412 -0.290090785430 -1.69289104816 -0.677214549502 0.906059496464 0.187550879361 -0.853474731703 0.0118764539097 1.66866418587 -0.0965512923543 -1.80783834583 -0.772345231763 1.78647053161 -0.608413911153 -1.33839534363 -1.04566848861 0.407313326377 0.293868687480 1.32911883262 1.35253491688 -0.0610267493936 0.716978685278 1.08454868284 0.615416756144 1.90543032618 -0.127594333308 0.586474414429 0.722186968851 1.09384561140 1.39637751875 0.963698595129 0.907279841815 -0.0429805256442 -0.546449326624 0.352714996544 -1.74736928860 1.39614869911 -0.990170388883 0.765703860309 0.529361879643 0.418175984690
# mat_params[1]:
 7.32928514681 10.1385213984
# mat_params[2]:
 6.51584230723 9.65220467854
# mat_params[3]:
 5.57281884770 8.15828909602
# log_m_devs:
 -0.0477703011512 0.0477703011512
# log_slx_pars[1]:
 1.46867562381 -0.334363601955
# log_slx_pars[2]:
 1.67771071782 -0.386159655844
# log_ft_pars:
 -1.13550412947 -1.22217891301 -1.66679637054 -1.53595660016 -1.23622065891 -1.11871464633 -1.22542912977 -1.66156348120 -1.29693860620 -2.11786863965 -2.29547107188 -1.20785701490 -4.68467862976 -1.32068772202 -3.65523023980 -2.78145305791 -2.45720594697 -2.00124036240 -1.85343517339 -2.76868288340 -2.87530711048 -2.91923173015 -3.13365123382 -2.57106001231 -2.86354487390 -3.48295993338 -2.88911820215 -2.20127725854 -2.16691434903 -1.59823943123 -1.06420163429 -1.02630909468 -1.34251022577 -1.70191019501 -1.62218612561 -0.847975551537 -1.36892212934 -1.73358419583 -4.43206962446 -4.40510820050 -3.54642927567 -3.02571529291 -3.26687030535 -3.43789307514 -3.22271445975 -3.12856116563 -2.06069165829 -2.59053589477 -9.34189194719 -4.70382214012 -3.15776709339 -2.85578869801 -3.21948155363 -2.69149058877 -2.78159503109 -2.86436925675 -2.58159465954 -2.78708056994 -3.41576071780 -2.69287707563 -2.24049809728 -3.16959856936 -4.10607633357 -3.33957855064 -2.52855639318 -3.02420076815 -3.48348646437 -2.37137781877 -2.69406375523 -3.47869402713 -3.20731430017 -3.86570344051 -2.91735325769 -3.09838972507 -3.75905897154 -3.36645770467 -3.20829791400 -3.15463455074 -2.99661377871 -2.92398606926 -3.01868051818 -2.76307447662 -2.53450414937 -2.50958838688 -3.22919623721 -1.82091717779 -1.85710265977 -1.65101294874 -1.51824417163 -3.10745651255
