# Number of parameters = 92 Objective function value = -232.133267670075  Maximum gradient component = 1.84388031466196e-005
# theta[1]:
-0.664407302428
# theta[2]:
3.09140999716
# theta[3]:
5.65523789160
# theta[4]:
6.01794542437
# theta[5]:
0.854688766151
# theta[6]:
4.00000000000
# log_rinit_devs:
 3.16293708073 1.89843930707 0.0499235289662 -2.37682605644 -2.73447386033
# log_rbar_devs:
 -0.717564113036 -1.92113565498 -0.940616684948 0.548854508207 -0.216607973404 -1.44003979891 -0.447177696387 1.31288155798 -0.620397495742 -2.09134205692 -1.29560978850 1.44884686275 -0.859569311781 -1.69674471762 -1.25467964443 0.172228339035 0.00292516431146 0.811230678243 0.887033120538 -0.477649171128 0.449863782861 0.698768222716 0.355653960100 1.61108851373 -0.251786604511 0.342824978395 0.583527354849 0.949721662321 1.16154841334 0.917337741486 0.910339518587 -0.112216620791 -0.530026617464 0.399307128859 -1.55948772818 1.39243142733 -0.834612779788 0.893299596638 1.03941712952 0.378134796716
# mat_params[1]:
 3.67000000000 4.48000000000
# log_m_devs:
 0.00000000000
# log_slx_pars[1]:
 1.53292419873 -0.243485372247
# log_ft_pars:
 -1.10890264887 -1.68127786520 -1.31780552534 -1.20452003288 -1.23450390883 -0.992749045013 -1.23851211193 -1.70683576134 -0.988537576387 -0.642504150433 -1.68392753553 -2.49003329788 -1.74594128158 -1.09840780970 -1.79291391739 -2.28388821168 -1.05510491049 -1.05591809597 -1.73590990373 -1.56504900587 -2.38793045708 -1.47964119313 -1.67729823081 -2.25725321068 -1.95604033166 -1.94104207461 -2.00122424746 -1.83767083122 -1.68877046374 -1.77344267683 -1.59278365871 -1.46192156169 -1.54918702620 -2.37099752895 -0.995493956554 -1.53420980745 -1.34151787112 -1.13300890173 -2.79800788732
