# Number of parameters = 203 Objective function value = -3634.74476399866  Maximum gradient component = 0.000907716849333068
# theta[1]:
-0.332863346566
# theta[2]:
7.62631880379
# theta[3]:
6.74635725247
# theta[4]:
7.13100773110
# theta[5]:
0.918296560558
# theta[6]:
4.00000000000
# log_rinit_devs:
 0.109690262206 0.101779098323 0.121215213527 -0.0412631724567 -0.291421401598
# log_rbar_devs:
 1.32058062762 1.15108404841 0.971504828060 0.987634171814 0.819267593331 1.08149148903 0.710356608875 0.633623590255 0.621349008923 0.720393542608 0.672935445133 0.647814501064 0.737259563751 0.821579047797 1.03854960007 0.980237618008 1.05394071505 0.857112719950 1.02646832316 0.814278292077 0.818145102717 0.893947635314 0.831395754120 0.632746586626 0.737394985087 0.797709873688 0.715222987057 1.07981395020 0.639662504438 0.396872705857 0.131869179089 0.194144090360 0.191433814902 -0.254398422574 -0.515884812680 -0.772457336424 -1.08356400300 -1.15212484164 -1.18977301190 -1.27180859391 -1.26529121334 -1.34948503023 -1.35388325445 -1.37796776824 -1.29603281921 -1.87358905253 -2.16068325821 -2.54165165777 -2.20249656469 -0.744125154939 0.710561534855 -0.509510680221 -1.94517975036 -0.930284067888 0.659631466462 -0.0707127035514 -1.12288604112 -0.240361549011 1.45060846669 -0.381242897622 -2.15353768105 -1.05135055146 1.56939724586 -0.882675430303 -1.61191444039 -1.31308041467 0.169629383322 0.0209631394429 1.05156659455 1.07556826581 -0.368249404322 0.403919880085 0.762839972101 0.241541631303 1.56511092754 -0.581912655057 0.108055748806 0.177037052224 0.458630118563 0.613533683727 0.193561582633 0.146416937120 -0.676123823482 -1.05733485208 -0.0565268483016 -1.96054103814 1.25465424642 -0.957259747412 0.906966918175 0.748515288413 0.259370783633
# mat_params[1]:
 7.46867839065 10.2677562244
# mat_params[2]:
 7.47860728434 10.6226229701
# mat_params[3]:
 5.29810045552 7.96281667642
# log_m_devs:
 0.0527379589944 0.117545796985 0.0498235791008 -0.220107335081
# log_slx_pars[1]:
 1.46498214870 -0.331687692257
# log_ft_pars:
 -1.03419357318 -1.11121814468 -1.54479988708 -1.40590721207 -1.08939402195 -0.943267400165 -1.01262264523 -1.41189749168 -1.00860797997 -1.79478632596 -1.95583776119 -1.07874038751 -4.31566482960 -0.985054928067 -3.25246873637 -2.41003581874 -2.12324094655 -1.65212332011 -1.49121400509 -2.39958058027 -2.51356180055 -2.57147875874 -2.80387297678 -2.25202733792 -2.56139280238 -3.20990321018 -2.64601464507 -1.99498844623 -1.98480310868 -1.42844830348 -0.897555421931 -0.865951008851 -1.19775491933 -1.56502197587 -1.48658697387 -0.710051826669 -1.21342811852 -1.58745520312 -4.31121374301 -4.31607908488 -3.48870862477 -2.99570979000 -3.26446814195 -3.44515809208 -3.22104962863 -3.10760363384 -1.97504881985 -2.40162431510 -9.00527551158 -4.24343622928 -2.52827195731 -2.24790467890 -2.64802930012 -2.14639773482 -2.20378076849 -2.29822159682 -2.02890798379 -2.24193550715 -2.85607634921 -2.15101674587 -1.71454463757 -2.66066550816 -3.56622585131 -2.82116937153 -2.03744994449 -2.55647075980 -3.00219676694 -1.85936529723 -2.11532141401 -2.89049205467 -2.64648197818 -3.32308146089 -2.36497354801 -2.52472659825 -3.13679321531 -2.75550054793 -2.59925391280 -2.51257019561 -2.26935958187 -2.06863554621 -2.22668889299 -2.04272655119 -1.88657326635 -1.94868601903 -2.78214918428 -1.46562533918 -2.28924355720 -2.28953586664 -2.20013410551 -3.88039187909
