# Number of parameters = 204 Objective function value = -3532.11926113608  Maximum gradient component = 0.000282704455540047
# theta[1]:
-0.105525333963
# theta[2]:
8.79913612071
# theta[3]:
8.17858471210
# theta[4]:
8.51692663867
# theta[5]:
0.470071444412
# theta[6]:
4.00000000000
# log_rinit_devs:
 -0.0833820263356 -0.0501643916181 0.0841221667191 0.00548266318700 0.0439415880476
# log_rbar_devs:
 0.945539745668 0.772694690039 0.562647164298 0.614632757292 0.471375480492 0.873333501548 0.507580594802 0.477794543604 0.522093575433 0.673008369621 0.665083407502 0.706158574241 0.858812607311 0.953192964088 1.15522667035 0.977804622373 0.988447772123 0.781598207143 1.01540897471 0.736031170346 0.712737087475 0.777227970403 0.674775855567 0.401980043597 0.496737790105 0.525397284079 0.383250054317 0.808009969763 0.266456452974 0.0315107064404 -0.172495628316 0.0227673370453 0.0868201249377 -0.393980934220 -0.603042652306 -0.772849510225 -1.05675808807 -1.14861781459 -1.25897878659 -1.43706558184 -1.49776440506 -1.64226205647 -1.68259918351 -1.73554453612 -1.62943494291 -2.18363479891 -2.31971367076 -2.54201261853 -2.05007176752 -0.586221989632 0.983236348456 -0.353941416703 -1.72981862332 -0.725817984625 0.853017987849 0.138802616141 -0.902690869838 -0.0522471787523 1.61598713447 -0.137855731530 -1.82003769437 -0.834049731145 1.70491016149 -0.678356840873 -1.42221745448 -1.14630958764 0.282871134942 0.184710093722 1.20584182648 1.23034083508 -0.182521973627 0.591961833397 0.929936846096 0.443173787461 1.71560517479 -0.389688076742 0.246885866091 0.298572418081 0.558851586513 0.696801054995 0.337510887687 0.339584479456 -0.386818519013 -0.707060414138 0.305444711209 -1.54126462442 1.67338839771 -0.736015829510 0.892636441625 0.458889792230 0.324664030676
# mat_params[1]:
 7.65533853546 10.1283209346
# mat_params[2]:
 7.29897459721 10.2767925149
# mat_params[3]:
 8.05854053591 11.8597130273
# log_m_devs:
 0.0817740951428 -0.128196493203 0.0464223980601
# log_slx_pars[1]:
 1.63589677126 -0.222265569431
# log_slx_pars[2]:
 1.73289720443 -0.323313375137
# log_ft_pars:
 -1.27376619580 -1.37600270168 -1.82735693636 -1.69805224836 -1.39921921732 -1.31802797066 -1.44768206655 -1.90294912112 -1.55556368020 -2.37654426227 -2.54169713752 -2.61264536401 -5.02842211350 -2.02318703021 -4.04032504242 -3.13807465762 -2.80354832550 -2.34150300742 -2.20555544752 -3.10723897809 -3.19154017404 -3.21672510004 -3.40545096158 -2.82259734447 -3.10226263203 -3.69924315052 -3.08542871848 -2.42313803635 -2.39178702843 -1.85397957805 -1.38515361270 -1.42570594251 -1.81270523148 -2.20650479163 -2.16701495833 -1.48908089567 -2.08759012135 -2.46713613474 -5.11769608810 -5.01804045157 -4.09942871900 -3.52722557336 -3.71758200657 -3.84293539814 -3.58803241745 -3.44821323005 -2.36223051809 -2.85695337512 -9.54962782190 -4.92407251116 -3.40018050087 -3.05646554497 -3.48350328397 -3.03360120504 -3.08552471056 -3.09932991164 -2.84646676254 -3.10558676710 -3.69941244042 -2.91313234665 -2.53078853139 -3.53622289519 -4.39527111455 -3.51628657230 -2.76611525926 -3.35049456855 -3.76171161211 -2.56552607869 -2.88110429626 -3.64538874079 -3.37482297534 -4.07980819604 -3.12111466593 -3.26141566451 -3.90626679975 -3.46264103462 -3.32048543858 -3.24887320159 -2.96935327856 -2.74927642212 -2.91078634760 -2.76395917305 -2.65184291912 -2.77784062887 -3.65034026902 -2.36955208304 -2.79776123765 -2.59156517328 -2.42625614842 -3.97627851386
