# Number of parameters = 201 Objective function value = -3556.22437407742  Maximum gradient component = 7.72794574160670e-005
# theta[1]:
0.124258573717
# theta[2]:
9.17401643503
# theta[3]:
9.63451204283
# theta[4]:
10.0036810421
# theta[5]:
0.689800574675
# theta[6]:
4.00000000000
# log_rinit_devs:
 -0.0192755344458 -0.0209766189359 0.0962132776716 -0.0156302454725 -0.0403308788174
# log_rbar_devs:
 -0.0305119069299 -0.140018636258 -0.286142488409 -0.149659095287 -0.207581314344 0.271363574420 0.0263531949918 0.0946093472244 0.235337039215 0.428353014064 0.429647322293 0.452519004286 0.604442399230 0.715649146230 0.941085435785 0.791089134687 0.793268363379 0.616485126673 0.848228310270 0.588422825974 0.552846519323 0.598628127683 0.486483612693 0.209817625811 0.278572938395 0.281931027929 0.132662548546 0.512157785788 0.0303727427277 -0.149551192258 -0.277956952490 -0.0315752480173 0.0789151632919 -0.324738527903 -0.460204346611 -0.558660118206 -0.788052047413 -0.857096226376 -0.949341061799 -1.11348264815 -1.15507075838 -1.28398900626 -1.31246247017 -1.35253452710 -1.24536555077 -1.74559629927 -1.83352718276 -2.03004651175 -1.53488223105 -0.105964912190 1.53185463799 0.189056731271 -1.20003586715 -0.202976542807 1.38838910626 0.655667815106 -0.389412653133 0.444066201096 2.16970987696 0.382057864140 -1.36827455404 -0.353610776557 2.21052527060 -0.212275784930 -0.976342771684 -0.731215649150 0.689802995284 0.601673186403 1.62582887620 1.65412943334 0.217429165810 0.976885028126 1.28259744198 0.749444059339 2.03532872484 -0.227107660071 0.286168416843 0.235693088468 0.432558549326 0.608018808719 0.201899933718 0.121319594988 -0.949038508315 -1.43210837644 -0.470867586311 -2.52470545354 0.736138944261 -1.67846447953 0.0702146479027 -0.190691009404 0.335439203353
# mat_params[1]:
 8.18976714271 10.4079717111
# mat_params[2]:
 9.14756535716 12.1410401131
# mat_params[3]:
 6.89273576878 9.32300553615
# log_m_devs:
 -0.0265302074541 0.0265302074541
# log_slx_pars[1]:
 1.76706477789 -0.215959813162
# log_ft_pars:
 -0.889499070907 -1.03632666599 -1.53975070399 -1.48367802705 -1.26198755036 -1.27044978454 -1.48584305471 -2.03412763060 -1.79409452093 -2.70355338053 -2.92007595215 -1.27405130842 -5.41398147827 -0.683638127131 -4.40727055509 -3.54683963520 -3.24921805600 -2.82322382802 -2.71135556539 -3.62990591752 -3.71590148374 -3.74318541492 -3.92276495323 -3.33007079914 -3.60839358740 -4.19009072435 -3.54818655049 -2.85338807743 -2.81189994384 -2.28774408493 -1.88214546476 -2.00147407809 -2.44012398233 -2.87335251835 -2.89109243515 -2.30189055815 -2.99023640492 -3.41448916836 -6.08584875547 -5.99341982029 -5.08828818448 -4.53502102146 -4.73836803868 -4.88016307461 -4.64319197925 -4.51422636803 -3.46559796747 -4.01365375199 -10.7222507912 -6.03260963690 -4.53047959941 -4.12803511560 -4.55915416053 -4.17365403573 -4.24026589383 -4.18904725082 -3.92328445776 -4.21862483327 -4.83962496523 -3.99778091418 -3.62782724418 -4.68321866028 -5.52897082324 -4.55220185914 -3.79828120553 -4.44959217175 -4.83931868493 -3.56553623351 -3.87110080484 -4.62482174572 -4.33363510972 -5.05663141966 -4.09748571484 -4.19234283842 -4.81870128189 -4.32308728665 -4.15247691767 -4.05733149644 -3.65657945111 -3.30946102969 -3.22792277350 -2.92187830858 -2.66558234816 -2.63816513618 -3.35485668275 -1.87572793258 -2.81161299403 -2.60300103278 -2.45811437394 -4.01415999401
