# Number of parameters = 202 Objective function value = -3628.85906224243  Maximum gradient component = 7.95200164538822e-005
# theta[1]:
0.0664526580813
# theta[2]:
9.23973479261
# theta[3]:
8.94642295168
# theta[4]:
9.61837999867
# theta[5]:
0.646511197968
# theta[6]:
4.00000000000
# log_rinit_devs:
 -0.121092774039 -0.0522811297992 0.113363512617 0.0430126680987 0.0169977231226
# log_rbar_devs:
 0.535251037495 0.352600844709 0.120297094953 0.163922921011 -0.00509695934923 0.358886586590 -0.0254312644188 -0.0870375195168 -0.0727610607068 0.0122280336004 -0.103114785668 -0.243843673912 -0.249804335227 -0.230958579187 -0.0291903171922 -0.146959534786 -0.0646937901652 -0.251941930625 0.00475777830808 -0.210581194793 -0.194071112154 -0.0966041589468 -0.155857672088 -0.379932434471 -0.249183831214 -0.181325200586 -0.274131897566 0.148290439616 -0.326494365962 -0.516003828538 -0.647984364507 -0.365349587820 -0.204682701901 -0.569943342550 -0.654549505763 -0.688526555063 -0.842163892962 -0.813497078559 -0.809692667684 -0.889777795141 -0.842453044845 -0.901106628342 -0.855066728886 -0.807311729499 -0.625804385206 -1.13441543301 -1.27941366004 -1.59167920754 -1.30473692823 0.0806949994836 1.68605188260 0.411478262540 -0.996809678279 0.00210721327932 1.58042461775 0.852020764732 -0.205853423158 0.641370211016 2.37975901381 0.562750359264 -1.23209403643 -0.164790192692 2.42607834372 -0.0246059022241 -0.794919954056 -0.544330640171 0.889080856212 0.789252177789 1.80346228136 1.82515964507 0.371745150736 1.13042125170 1.43512529393 0.870402297671 2.14612840153 -0.179245704640 0.333801269438 0.318007790794 0.588008322890 0.857513452206 0.458376737910 0.401601190127 -0.624845661723 -1.08400024401 -0.112433429319 -2.13249066125 1.11883171661 -1.19385841801 0.602403404653 0.381681577082 0.573479408421
# mat_params[1]:
 8.86089952131 11.4700405206
# mat_params[2]:
 9.60595923923 13.2471590650
# mat_params[3]:
 6.72205894291 9.18132876066
# log_m_devs:
 0.00000000000
# log_slx_pars[1]:
 1.71781860268 -0.188971106846
# log_slx_pars[2]:
 1.84402984796 -0.321075683614
# log_ft_pars:
 -1.23279096565 -1.31085784745 -1.73853130994 -1.59467524557 -1.27817611182 -1.17124414192 -1.26765367080 -1.69302633555 -1.31824468524 -2.10004323392 -2.20729078753 -1.10737812596 -4.44758464194 -0.413629860871 -3.16230523508 -2.24705734000 -1.92142938466 -1.47396836548 -1.36975851198 -2.31668393015 -2.44864985730 -2.52472784015 -2.76110186334 -2.20752159453 -2.53563885302 -3.18622911349 -2.60929166760 -1.98128474273 -1.97980778176 -1.45965415674 -1.01708270917 -1.13419427742 -1.63511319904 -2.12171363324 -2.17567363477 -1.60959046011 -2.34550305660 -2.85212407544 -5.62165583944 -5.62629520213 -4.81749741367 -4.35351389808 -4.65679508957 -4.87981599624 -4.71173699191 -4.64960183853 -3.64270537330 -4.18419437301 -10.8349714027 -6.05105590338 -4.44691532230 -4.06062102384 -4.48703066149 -4.09151222825 -4.16720215284 -4.13962126426 -3.87701885766 -4.15748668990 -4.78118566962 -3.95991595415 -3.58997337869 -4.62360447572 -5.47345349315 -4.52609366625 -3.77189518432 -4.39851080109 -4.78555798302 -3.52597174653 -3.81188066223 -4.55644410008 -4.26536984936 -4.97471261730 -4.00548524202 -4.10186475529 -4.70196281719 -4.20402884158 -4.01792896538 -3.90048862446 -3.50476111424 -2.52404863976 -2.38819245737 -2.13485193291 -1.98357930660 -2.06844256272 -2.84998259063 -1.39665097765 -1.97941068442 -1.79349555724 -1.70633491401 -3.40433221426
