# Number of parameters = 207 Objective function value = -3562.19616457971  Maximum gradient component = 0.000154133964921679
# theta[1]:
-0.246527080838
# theta[2]:
7.22967162739
# theta[3]:
7.23091965932
# theta[4]:
7.67600408413
# theta[5]:
0.399973134074
# theta[6]:
4.00000000000
# log_rinit_devs:
 0.144607238559 0.0639158395659 0.0930056970478 -0.0124825872115 -0.289046187961
# log_rbar_devs:
 0.584546186573 0.418327063986 0.226069879666 0.340913699336 0.264060625875 0.618252529105 0.294757232337 0.268001230024 0.306349498869 0.413978851183 0.410182455519 0.437672497285 0.427738715298 0.587995300830 0.803609286316 0.804063261441 1.01410170884 0.802264781017 0.991878195516 0.753431081891 0.742823440185 0.805709387795 0.717467072946 0.485414860834 0.574366138988 0.605877199762 0.476815513966 0.836356499323 0.337223863456 0.0714938425409 -0.191843327356 -0.105096908112 -0.100627360161 -0.576356716602 -0.848073585184 -1.09192551951 -1.39565952366 -1.47685555311 -1.54773108647 -1.67031491075 -1.69806389393 -1.79912843504 -1.80898422675 -1.83521780542 -1.71631225502 -2.20240161061 -2.31393714824 -2.49858296725 -1.96299976263 -0.493048950283 1.04699646424 -0.282542980857 -1.69393437194 -0.672775598594 0.918945468373 0.195347491390 -0.848707339004 0.0181055441838 1.68599340554 -0.0895642273380 -1.80234411485 -0.755222740756 1.82544648452 -0.587152608914 -1.31557939497 -1.01847654388 0.438315551584 0.323283953574 1.36625144296 1.39409695262 -0.0254052602318 0.760174759320 1.12889926655 0.662545908891 1.95917058100 -0.0830786610836 0.630755950640 0.762834607429 1.12791050311 1.42354108699 0.994546018024 0.940519117310 -0.00579469080037 -0.506327446729 0.392360380547 -1.70701259258 1.43108807471 -0.943105869149 0.811820093372 0.573673453364 0.435821526817
# mat_params[1]:
 6.88709217310 10.0132936891
# mat_params[2]:
 6.56667026403 9.63680062293
# mat_params[3]:
 5.72582021824 8.37274469128
# log_m_devs:
 -0.173095656701 0.00879361415342 0.0888755357734 0.0754265067743
# log_slx_pars[1]:
 0.712462912055 -3.71473151769
# log_slx_pars[2]:
 1.52779305574 -0.371032844729
# log_slx_pars[3]:
 1.68793253496 -0.385094990133
# log_ft_pars:
 -1.82429567307 -1.90303410343 -2.28941223806 -2.19731842633 -1.94111234389 -1.99796885836 -2.07471732541 -2.50593121586 -2.18633886076 -3.06667435592 -3.23824378261 -1.67550830512 -5.58896009791 -2.43373456786 -4.67724910580 -3.79564982048 -2.47269088121 -2.00648444160 -1.85884770998 -2.77258890218 -2.87945039559 -2.91709523133 -3.12495647734 -2.56441343815 -2.85553188147 -3.46550832566 -2.86730811205 -2.17005237020 -2.13760469204 -1.58725458965 -1.06710859513 -1.02508369599 -1.32963156471 -1.69318113271 -1.62789666577 -0.865176742600 -1.38639152392 -1.74882480621 -4.43677641550 -4.39825651068 -3.52831454402 -2.99628565405 -3.22037257972 -3.38251594476 -3.16280952886 -3.06418915409 -1.99240650395 -2.51366281900 -9.23804762482 -4.52135454665 -2.90654046649 -2.67903159898 -3.14075115898 -2.63676119873 -2.61340094670 -2.69837313324 -2.47789668023 -2.69652915746 -3.22706879536 -2.53394483218 -2.17048403635 -3.13448663236 -3.94201009139 -3.19491408054 -2.47912331841 -3.01746715975 -3.40234277496 -2.24225112826 -2.53049752734 -3.32269810147 -3.10953688638 -3.80560812097 -2.82960061567 -3.00914934395 -3.63401644586 -3.27151308894 -3.16245451643 -3.10435036011 -2.90957081021 -2.81006779038 -2.91392719018 -2.68015799962 -2.46881190200 -2.46857454330 -3.18060139014 -1.76783361196 -1.88429522528 -1.69031048492 -1.56873796113 -3.17029797243
