# Number of parameters = 207 Objective function value = -3576.21437711205  Maximum gradient component = 7.20278627959534e-005
# theta[1]:
-0.0904222151765
# theta[2]:
9.14567626303
# theta[3]:
8.09124348756
# theta[4]:
8.38998251947
# theta[5]:
0.689669769759
# theta[6]:
4.00000000000
# log_rinit_devs:
 -0.170036795446 -0.0878040699880 0.0757956279180 0.0818909836785 0.100154253838
# log_rbar_devs:
 1.15166286926 0.971581189995 0.754823384899 0.733338553597 0.564749255664 0.832455256074 0.461293402883 0.366254962166 0.323560683522 0.387894231797 0.329824877364 0.310174600068 0.394758664502 0.466379537939 0.648101227662 0.538676382609 0.609403393560 0.431389777821 0.619336989853 0.411195860249 0.402889825279 0.459922507807 0.380061997731 0.165311495326 0.242421263510 0.265241381970 0.148404130781 0.464149585585 0.0142257022084 -0.215466562239 -0.420781524290 -0.295982777788 -0.256058694238 -0.650886382515 -0.832339874239 -0.974205626175 -1.18992480395 -1.23388055619 -1.28625196923 -1.39375838557 -1.40524257761 -1.48867095090 -1.48850809897 -1.50347570168 -1.39040584584 -1.81137656144 -1.86897067727 -2.00855973182 -1.45378979495 -0.0188374320400 1.57988592074 0.244154503762 -1.18321138092 -0.172982092992 1.44465990162 0.697873698719 -0.359686676799 0.492204353810 2.22592229009 0.401001611082 -1.37460470332 -0.326554664695 2.29145289654 -0.199535331695 -0.953881216671 -0.694383467102 0.763450719421 0.657382768825 1.70977038148 1.73662518581 0.270864891970 1.03970313089 1.36922611554 0.824424585312 2.24275072746 -0.109493970296 0.417079408334 0.238116429959 0.231434210124 0.111049855070 -0.292367891024 -0.356254226556 -1.22074964390 -1.60803922384 -0.551536269095 -2.41688344562 0.970864665858 -1.44624295905 0.334739203158 0.0754014426963 0.234259802566
# mat_params[1]:
 7.68794864280 10.6655830983
# mat_params[2]:
 5.67771294688 8.26590816292
# mat_params[3]:
 5.95249182229 8.48215269759
# log_m_devs:
 0.0125342869227 0.153546422493 -0.212309101051 0.0462283916352
# log_slx_pars[1]:
 1.60064196572 -0.248156728892
# log_slx_pars[2]:
 1.69101713641 -0.248862691597
# log_slx_pars[3]:
 1.71334200606 -0.423974694756
# log_ft_pars:
 -1.78620917751 -1.83411044291 -2.23891200440 -2.06707909298 -1.73751176139 -1.58534611878 -1.64977489336 -2.03931919679 -1.62918457150 -2.36496893915 -2.45258995777 -6.06420579514 -4.82227149760 -5.76539193098 -3.74359025679 -2.80255596602 -2.45924198223 -2.01222631381 -1.88839214694 -2.81432367026 -2.92499819552 -2.97234522896 -3.18352311085 -2.61883647813 -2.91806556803 -3.53470808247 -2.93229409975 -2.24418997691 -2.20450291165 -1.64904499263 -1.15864155440 -1.18860995282 -1.56986959756 -1.97251032764 -1.94482975249 -1.27381373329 -1.91479573218 -2.35103378873 -5.06973023333 -5.03570910608 -4.17975253384 -3.66957313724 -3.92374122422 -4.10112527998 -3.88543962146 -3.79455251551 -2.76780561348 -3.33811567153 -10.1153766829 -5.48405682813 -4.01397628199 -3.61197116175 -3.94362352146 -3.41881989084 -3.57080737229 -3.59441886333 -3.29453637652 -3.50869533459 -4.22054138136 -3.42386214213 -2.96926951090 -3.88228910536 -4.87460758223 -4.00513715015 -3.18339776821 -3.66155957765 -4.07572808313 -2.92654577114 -3.31916475672 -4.09016106414 -3.76517051582 -4.40915743816 -3.44055695731 -3.56133490242 -4.29128497223 -3.82162112108 -3.60570707429 -3.40189563795 -2.94284369966 -2.20941589601 -2.26843722828 -2.07085717968 -1.92142712215 -2.00875046272 -2.83248589857 -1.46934815528 -1.96253336217 -1.71554214818 -1.58485802202 -3.17487398427
