# Number of parameters = 206 Objective function value = -3659.93182849266  Maximum gradient component = 0.000301354631258808
# theta[1]:
0.0233480092083
# theta[2]:
8.14046411256
# theta[3]:
8.80135604552
# theta[4]:
9.50118021361
# theta[5]:
0.716785241279
# theta[6]:
4.00000000000
# log_rinit_devs:
 0.0525844226013 0.0463876541069 0.122882228389 -0.0382017868799 -0.183652518217
# log_rbar_devs:
 -0.182035321818 -0.343297277621 -0.540980959290 -0.426018223093 -0.535774854987 -0.0894950546652 -0.411935058225 -0.392091294228 -0.289628776604 -0.128161119073 -0.187204747586 -0.280537422164 -0.267620724068 -0.205024568597 -0.00181559205627 -0.0360725968290 0.136337324899 -0.0577226598053 0.219407518288 -0.00415052810387 0.0148797692172 0.117796033420 0.0564655223110 -0.176907902895 -0.0387226143849 0.0282587204124 -0.0752819193864 0.362580231096 -0.146328114667 -0.356044722945 -0.502572177744 -0.215371947550 -0.0607709178562 -0.458080911820 -0.561476841404 -0.608572518974 -0.776409222207 -0.754408003283 -0.759223603563 -0.850512071213 -0.809117607339 -0.876774429730 -0.835419298921 -0.795825143072 -0.611053352861 -1.13618394886 -1.27679554176 -1.57909202872 -1.26867243305 0.120413566626 1.71556998850 0.436084330938 -0.972036898610 0.0328269162135 1.61299928728 0.885279998513 -0.171693515975 0.674297805111 2.41198037171 0.598103863454 -1.18636157988 -0.123651258889 2.46744674225 0.0231714766368 -0.747637742249 -0.493301897063 0.937399890551 0.838199991715 1.85111255164 1.87373699389 0.426873988375 1.19073864255 1.49613438915 0.944835002868 2.23409718663 -0.0626384424257 0.449223492005 0.413490918189 0.645908687472 0.871957704421 0.471655077059 0.398408699044 -0.665948526013 -1.14698982000 -0.182763683034 -2.24149065084 1.00709283179 -1.36084338389 0.440149655405 0.227539133602 0.632087148661
# mat_params[1]:
 8.55263629933 11.0588659775
# mat_params[2]:
 8.82917027792 11.5020687722
# mat_params[3]:
 9.48659353950 13.1238380435
# mat_params[4]:
 6.56832986237 9.05760971718
# log_m_devs:
 -0.0512121068550 0.0354751261461 0.0157369807088
# log_slx_pars[1]:
 1.67397012604 0.238200360720
# log_slx_pars[2]:
 1.73762361916 -0.272755229795
# log_ft_pars:
 -0.925793136141 -1.04428403165 -1.46196994747 -1.35576466369 -1.08589256642 -1.12687253876 -1.26726045525 -1.73626865784 -1.44964304047 -2.35649775148 -2.53649288941 -0.633021960459 -4.81092945090 -0.0456723793501 -3.63745044075 -2.79044028286 -1.81243702780 -1.37773957371 -1.27136217099 -2.21731552991 -2.35845574026 -2.43721852331 -2.67346525960 -2.12933092690 -2.45908015515 -3.10189484514 -2.52047442983 -1.87512041785 -1.87885852956 -1.37505974388 -0.937085884876 -1.01306211107 -1.47063617137 -1.95289164841 -2.01673641577 -1.44260428603 -2.15708386356 -2.64818347844 -5.40472139629 -5.39972505006 -4.58026976931 -4.10688781969 -4.39037536380 -4.60609880030 -4.43815695466 -4.38015134524 -3.37680846279 -3.93381107931 -10.5782093587 -5.71270505927 -3.99839843753 -3.69531035953 -4.23161310582 -3.89345231127 -3.86019847275 -3.82171717435 -3.61685730993 -3.92994323214 -4.43681626739 -3.64101361216 -3.35871769867 -4.45883773695 -5.16780610522 -4.21603333593 -3.54455415817 -4.25241754262 -4.59254210294 -3.26367734959 -3.47224930944 -4.22181844642 -3.99704703645 -4.75696724446 -3.77851009435 -3.87488247522 -4.42673663358 -3.97534253183 -3.84672458720 -3.77282525979 -3.35498077260 -2.98552126844 -2.91637439791 -2.63786256364 -2.41770693012 -2.42296297848 -3.14261946368 -1.67064677909 -2.44973927458 -2.30394604691 -2.20676150713 -3.81368615772
