# Number of parameters = 205 Objective function value = -3638.89838665636  Maximum gradient component = 2.80361125735330e-005
# theta[1]:
-0.341973309969
# theta[2]:
7.66284638657
# theta[3]:
6.54524455831
# theta[4]:
7.02685985760
# theta[5]:
0.605760351546
# theta[6]:
4.00000000000
# log_rinit_devs:
 -0.00723795909525 -0.0205286642501 0.0741675877535 0.0398279554964 -0.0862289199046
# log_rbar_devs:
 1.47586666732 1.27383203743 1.03953942122 1.07029104122 0.936262541096 1.22127512937 0.825292097938 0.712958366591 0.667459987405 0.662263149126 0.570727292653 0.504751784375 0.617865185115 0.737613160720 0.999727582901 0.930756757844 1.00697334262 0.781371017038 0.954235497057 0.734936340199 0.750189203073 0.839488834714 0.783325237394 0.587168038517 0.710274867030 0.786530360890 0.708319415376 1.09948462599 0.646323385088 0.391112609940 0.105514230100 0.162440326238 0.157704864669 -0.316915966126 -0.622268097424 -0.934928663768 -1.29052417605 -1.36993526118 -1.39991085417 -1.47256334410 -1.45652016715 -1.53259698051 -1.52459200614 -1.54063137907 -1.43538592004 -2.00756996375 -2.27958459215 -2.64651246944 -2.30063088539 -0.830360026103 0.600670410743 -0.626647924778 -2.05280125561 -1.03670546575 0.534267766784 -0.188499853872 -1.23137935310 -0.346596476788 1.31697732882 -0.489273301179 -2.24171016913 -1.12712381862 1.47748831189 -0.928346224638 -1.64421759669 -1.32555823209 0.151186437008 0.00947289710325 1.04215661306 1.07073749816 -0.346744844808 0.432109410809 0.804682527945 0.325565618313 1.62383956857 -0.426698253152 0.284403838560 0.417572315420 0.796640005573 1.13673137490 0.707520676297 0.646410132224 -0.265382815356 -0.707706029215 0.277560215372 -1.77112849246 1.45059983268 -0.944988884385 0.894857305589 0.735360193669 0.474255066436
# mat_params[1]:
 6.92737868491 9.99962462971
# mat_params[2]:
 7.21932637839 10.4343635178
# mat_params[3]:
 5.14938765900 7.87783582858
# mat_params[4]:
 4.99813509808 7.28842030308
# log_m_devs:
 0.0409124831895 -0.0409124831895
# log_slx_pars[1]:
 0.310612777289 -4.81977715813
# log_slx_pars[2]:
 1.46993095242 -0.399030364505
# log_ft_pars:
 -2.03297675230 -2.06876894817 -2.40316802445 -2.24264139469 -1.91807026570 -1.90175341164 -1.89368067269 -2.23399841060 -1.81976063704 -2.59552671383 -2.67660809203 -6.57888682030 -5.06890529988 -6.69631762249 -4.14728175118 -3.19996568663 -1.90024220378 -1.44420557952 -1.28215619564 -2.18946841223 -2.31817741325 -2.38469431844 -2.62952271408 -2.09265957087 -2.41070110580 -3.06824841462 -2.51785613401 -1.86437858403 -1.87047452791 -1.33097096877 -0.794029769761 -0.729971442045 -1.02850108596 -1.39351135782 -1.31781388561 -0.500887447625 -0.930906904876 -1.25996071185 -3.97923578583 -4.00276505095 -3.18728833839 -2.70120955704 -2.97190178042 -3.16420532501 -2.95946731515 -2.86691836354 -1.74355681505 -2.18458513339 -8.80226938289 -3.98645618411 -2.16887327247 -1.96969610844 -2.45205577916 -1.97199610152 -1.92154226589 -2.03050528624 -1.80462545780 -2.02849465247 -2.54417402668 -1.87968386164 -1.50005906909 -2.48689176599 -3.29263446827 -2.59653226433 -1.88650589446 -2.45596238991 -2.88430477737 -1.72447364751 -1.93012778317 -2.71630950499 -2.53756952145 -3.25890723671 -2.29556843403 -2.48120946473 -3.05743947048 -2.72506597008 -2.62679276283 -2.58471096411 -2.39072060769 -2.27482455029 -2.38220192323 -2.15996727302 -1.96599748888 -1.97959272661 -2.73589230236 -1.38010091666 -2.13278773071 -2.09693908097 -1.92178761465 -3.51024924674
