# Number of parameters = 210 Objective function value = -3689.55257469306  Maximum gradient component = 0.000125395410152617
# theta[1]:
-0.371641107669
# theta[2]:
6.84305239297
# theta[3]:
6.59430982769
# theta[4]:
7.14086955711
# theta[5]:
0.500819758986
# theta[6]:
4.00000000000
# log_rinit_devs:
 0.215947620431 0.104618378057 0.0970888899407 -0.0300213975648 -0.387633490864
# log_rbar_devs:
 0.907420139649 0.717871013650 0.503530370857 0.583429290687 0.487217136754 0.762554913086 0.403365221353 0.311685764538 0.308145348902 0.327947589590 0.305804143895 0.315103527849 0.415103176588 0.607477624357 0.804097269479 0.842075825603 1.02427124386 0.826437003737 0.969815864742 0.746729456481 0.741957636689 0.807588673771 0.740358424267 0.535410437636 0.620602666213 0.672097417143 0.590151078093 0.940516845512 0.531718208545 0.318530369845 0.0512016604566 0.0696920380760 0.0405627570470 -0.385151610383 -0.624410444333 -0.917402261830 -1.28427363344 -1.40280623078 -1.45752823667 -1.53391642291 -1.52685826681 -1.60997588378 -1.61694121553 -1.64616557047 -1.54758638532 -2.06329952685 -2.28019570135 -2.58247541590 -2.13583582518 -0.687493836038 0.746787689551 -0.511634702906 -1.96276039251 -0.934672006816 0.665876554995 -0.0641785545815 -1.10759679265 -0.242379031409 1.44885264415 -0.386072442414 -2.15033126606 -0.989983642918 1.67706381322 -0.786827855529 -1.49329338459 -1.17958367890 0.312430058516 0.180342487025 1.23820292968 1.27101066110 -0.164279596422 0.624298029780 1.00770470588 0.528835883891 1.83227820215 -0.247459317111 0.461818295567 0.591737460385 0.969765531391 1.31194605850 0.877117075006 0.824117234775 -0.0704250704577 -0.505951587650 0.484122845286 -1.55833585654 1.68632477895 -0.673723092750 1.19789196428 1.02281392263 0.539995774123
# mat_params[1]:
 6.83101790389 9.97425312184
# mat_params[2]:
 7.10012078004 10.4001722728
# mat_params[3]:
 5.47512870507 8.30012402125
# mat_params[4]:
 5.35138422891 7.77213299986
# log_m_devs:
 -0.108386675906 0.0636157590053 0.0447709169005
# log_slx_pars[1]:
 -3.00460369807 -14.3103186642
# log_slx_pars[2]:
 1.30187803156 -0.621803936140
# log_slx_pars[3]:
 1.71674400654 -0.124153349378
# log_slx_pars[4]:
 1.59639370275 -0.427901677573
# log_ft_pars:
 -1.50375044515 -1.54695304662 -1.91170113155 -1.79368292783 -1.50138361507 -1.48798937469 -1.50601417081 -1.88594711303 -1.50962163271 -2.33420272437 -2.48734752362 -2.32678195307 -4.95544421239 -2.00849384930 -4.04770881881 -3.18943713489 -2.34224411250 -1.87433225303 -1.71088283312 -2.62859846108 -2.72891208019 -2.77968169379 -3.00939037002 -2.44545722363 -2.73863444929 -3.38446081167 -2.81472111134 -2.14996153863 -2.14375296841 -1.55969422948 -1.01204095498 -0.978487461567 -1.31037553155 -1.67372467579 -1.57430571706 -0.778807537844 -1.26421358176 -1.61209434218 -4.32395765775 -4.33026530292 -3.50120555133 -3.00817707089 -3.28012039068 -3.45804640129 -3.22784525227 -3.12676441568 -1.98988261985 -2.44310384996 -8.35739857821 -3.48953472191 -1.54171949186 -1.26181155384 -1.85778797154 -1.57040386401 -1.48289080300 -1.44068429700 -1.21026624732 -1.56868880033 -2.05003479520 -1.23995088431 -0.927152397633 -2.12735118812 -2.92212960452 -2.02874030497 -1.37604254195 -2.17000046660 -2.65467542378 -1.35317099535 -1.41873768258 -2.15408427374 -1.99174469433 -2.83878949671 -1.93438277891 -2.08696213318 -2.62105772552 -2.24224344783 -2.19960827195 -2.26282782442 -2.04801434717 -2.05496876221 -2.15298260878 -1.98139821261 -1.82831134632 -1.89564481348 -2.66532356591 -1.28498800014 -1.89485799875 -1.83133985206 -1.77411031267 -3.39209091858
