# Number of parameters = 207 Objective function value = -3698.02621374533  Maximum gradient component = 0.000295473336426162
# theta[1]:
-0.341955618604
# theta[2]:
7.24088143492
# theta[3]:
6.78635004113
# theta[4]:
7.25594747922
# theta[5]:
0.580760253553
# theta[6]:
4.00000000000
# log_rinit_devs:
 0.195339789564 0.133554931294 0.116626776988 -0.0406638128977 -0.404857684949
# log_rbar_devs:
 0.967595374772 0.795185232310 0.628521185228 0.688365021643 0.558703175061 0.827024506193 0.488115594628 0.444725992354 0.445656218980 0.561885871561 0.524486726506 0.440798929984 0.457098475906 0.473043312117 0.646212253200 0.676059212679 0.862945037380 0.678133507106 0.822014580334 0.598558254221 0.592797703398 0.656455365658 0.590015488022 0.388219531908 0.468012671730 0.515651197374 0.438807603511 0.785024025233 0.386739629913 0.187217599886 -0.0621292219653 -0.0351848844712 -0.0602965329223 -0.471412813622 -0.681153297977 -0.928643273454 -1.26953406126 -1.37173422245 -1.42508686941 -1.49717895359 -1.48325131750 -1.55919390561 -1.56108727261 -1.58362246681 -1.48519588689 -1.98971867871 -2.18244025287 -2.45133481043 -1.94714187809 -0.506998009999 0.953454559120 -0.311637027014 -1.77310169390 -0.742391308198 0.874989060648 0.132192888477 -0.921762856625 -0.0493064764422 1.66896024687 -0.188037157642 -1.96279884923 -0.815015231074 1.87137947215 -0.635202890660 -1.35224999896 -1.04954519694 0.446498993744 0.301611901601 1.36125620097 1.39488945895 -0.0704659251988 0.717031229700 1.08480392274 0.569369032526 1.90421658770 -0.276588825677 0.404157143408 0.453304924438 0.713502441279 0.854364031622 0.441927761300 0.411632355422 -0.381541366920 -0.739859552579 0.262822366694 -1.66324874534 1.50685531115 -0.749813171350 1.06104293094 0.815201388092 0.435371396058
# mat_params[1]:
 7.25684539864 10.4353938597
# mat_params[2]:
 5.68357541668 8.39822162339
# mat_params[3]:
 5.94173238834 9.30278451334
# log_m_devs:
 -0.0888365388507 0.0814705428066 0.132507003422 -0.125141007378
# log_slx_pars[1]:
 1.26598335512 -0.510102064458
# log_slx_pars[2]:
 1.67969871244 -0.229169366796
# log_slx_pars[3]:
 1.70083448238 -0.259277136292
# log_ft_pars:
 -1.26023559956 -1.34003676744 -1.75926410095 -1.62834818400 -1.34036128754 -1.23840927090 -1.33548068376 -1.74787322203 -1.38035760280 -2.21063713510 -2.39342300816 -0.908319254627 -4.64458610957 -0.743212537417 -3.44953098281 -2.62820840951 -2.38621867275 -1.91015372356 -1.75660396043 -2.67002205991 -2.76705927301 -2.82220828469 -3.04952887407 -2.47551532436 -2.77252620766 -3.42350059984 -2.85001474958 -2.20453136199 -2.18194541486 -1.58658652337 -1.04141313815 -1.03748570789 -1.40085930912 -1.76207369501 -1.66604972906 -0.899682418302 -1.42946818855 -1.81138299776 -4.53917224628 -4.54518779820 -3.72217918811 -3.23605958735 -3.52265610161 -3.70595434455 -3.47638218954 -3.36191036421 -2.24224912462 -2.71097831493 -8.62577369474 -3.73856603828 -1.85627254627 -1.60704343919 -2.19501837983 -1.85389326344 -1.74794599080 -1.73398149845 -1.53792715976 -1.86290677953 -2.33365674187 -1.56044701010 -1.27586634598 -2.41546851209 -3.16505728703 -2.30152098152 -1.67452370748 -2.40716284947 -2.80820590445 -1.50352959959 -1.63357023361 -2.38712150405 -2.22117850581 -3.02891325607 -2.08210238263 -2.20892417705 -2.75494727797 -2.37348496403 -2.31265692466 -2.30997261298 -2.00855118471 -1.71592490213 -1.84312114678 -1.71252480145 -1.61919369112 -1.75462297754 -2.62981497773 -1.30301180939 -1.85249829165 -1.73763975812 -1.68206322433 -3.40196801037
