# Number of parameters = 205 Objective function value = -3657.81536949148  Maximum gradient component = 0.000562837909999329
# theta[1]:
0.0583505950743
# theta[2]:
8.78852530672
# theta[3]:
8.88795062670
# theta[4]:
9.54676393251
# theta[5]:
0.686512355397
# theta[6]:
4.00000000000
# log_rinit_devs:
 -0.0482518836651 -0.0227743435378 0.0977319487929 -0.00346695112475 -0.0232387704652
# log_rbar_devs:
 0.252257425664 0.0837572802304 -0.127060612663 -0.0336768132091 -0.157939342119 0.272115229170 -0.0762936450490 -0.0922589075818 -0.0311494506841 0.0897834566366 -0.00387174185010 -0.117091453208 -0.112608781648 -0.0835012032001 0.0889250740652 -0.0284061249073 0.0577493879592 -0.135365390579 0.141681546702 -0.0835381532042 -0.0632549284305 0.0405692896760 -0.0197925089683 -0.252327176049 -0.113285042261 -0.0454501419118 -0.148075703376 0.290257239262 -0.217279141090 -0.425221127085 -0.569349604571 -0.279582220744 -0.122653083524 -0.517407405602 -0.618012266853 -0.662424086010 -0.828157250483 -0.804478527591 -0.807798531403 -0.897939804264 -0.855245095169 -0.921936096387 -0.879604800219 -0.838683172406 -0.653390897088 -1.17816395195 -1.31900331130 -1.62195554265 -1.31359104947 0.0737584241310 1.66868738924 0.390813539019 -1.01701874983 -0.0128104548875 1.56653220021 0.839171836553 -0.217476324489 0.627883168714 2.36562551286 0.551867853684 -1.23295711678 -0.170898172902 2.41961180930 -0.0243550777105 -0.795515318254 -0.542048227472 0.888095450392 0.789215836654 1.80150123508 1.82402713008 0.376890073631 1.14002753900 1.44453735250 0.891168759463 2.17689485186 -0.122060351622 0.386242228356 0.349077783812 0.580402110913 0.806041979812 0.408407434684 0.336120967438 -0.729068894304 -1.20718029271 -0.239940454939 -2.29547600433 0.959316545318 -1.42235108602 0.371863693410 0.149619835887 0.585482141653
# mat_params[1]:
 8.49063089791 10.9342011084
# mat_params[2]:
 8.85651638019 11.5206080120
# mat_params[3]:
 9.52414131094 13.1575550208
# mat_params[4]:
 6.58402389011 9.07004670126
# log_m_devs:
 0.00334151329100 -0.00334151329100
# log_slx_pars[1]:
 1.71127771436 0.208177024577
# log_slx_pars[2]:
 1.74001961621 -0.272750840171
# log_ft_pars:
 -1.25918256990 -1.37076705652 -1.77451497605 -1.64805644046 -1.36431144588 -1.39051294216 -1.50901489287 -1.94575142048 -1.62081218620 -2.48105592819 -2.61467166362 -0.878805365931 -4.85373317677 -0.213635079546 -3.64474120884 -2.72860900643 -1.79121279851 -1.36376609764 -1.26014888518 -2.20689029215 -2.34850665388 -2.42764662213 -2.66434504137 -2.12066334333 -2.45143333232 -3.09529729307 -2.51457143552 -1.87006915266 -1.87465050826 -1.37176722507 -0.935556647485 -1.01401181293 -1.47422053149 -1.95852562066 -2.02457216264 -1.45339302153 -2.17083861881 -2.66396182334 -5.42207078874 -5.41833735643 -4.60025236377 -4.12822720514 -4.41297221086 -4.62987529358 -4.46298953258 -4.40575236361 -3.40328369384 -3.96104889321 -10.6051857754 -5.73766524319 -4.02101851955 -3.71684447672 -4.25337671159 -3.91721276731 -3.88436519416 -3.84453396697 -3.63927127084 -3.95346745593 -4.46038484023 -3.66334680914 -3.38116053982 -4.48288305177 -5.19124500088 -4.23705311008 -3.56515132183 -4.27500197319 -4.61543762732 -3.28471446718 -3.49187398566 -4.24101308122 -4.01598078480 -4.77646010211 -3.79812842166 -3.89343106209 -4.44266863826 -3.98948905896 -3.85943242793 -3.78525876623 -3.36528960552 -2.99234162785 -2.92112868070 -2.64248766458 -2.42312126932 -2.42957281043 -3.15085925569 -1.68009278819 -2.46563385756 -2.30840022141 -2.20090043182 -3.79760938105
