# Number of parameters = 204 Objective function value = -3501.29707311085  Maximum gradient component = 1633.54141132427
# theta[1]:
-0.368294406340
# theta[2]:
7.24713448637
# theta[3]:
6.60054741111
# theta[4]:
7.03444833284
# theta[5]:
0.486847589723
# theta[6]:
4.00000000000
# log_rinit_devs:
 0.181758343475 0.137026182294 0.123243758605 -0.0471796127933 -0.394848671581
# log_rbar_devs:
 1.16504401264 0.988890151588 0.817766132321 0.853352180706 0.700863929320 0.967860911153 0.604164684201 0.542909740551 0.532624553825 0.645718788867 0.604800406527 0.580517385479 0.691482543382 0.769858262178 0.940463838547 0.828414363020 0.847210626813 0.660141450296 0.821459082197 0.603605801409 0.603716770015 0.676004421132 0.610193646041 0.409973578907 0.503522984799 0.556088290682 0.461097920117 0.811221637266 0.370505762922 0.132016511812 -0.147466013979 -0.133631392947 -0.171268597259 -0.623473489724 -0.908697148185 -1.23424167727 -1.62563382079 -1.75479385271 -1.81737882442 -1.89494023242 -1.89321987124 -1.96289241611 -1.95161236719 -1.95503687271 -1.81521154447 -2.24158989931 -2.34367966316 -2.52504640170 -1.97437867898 -0.490013822749 1.05125791644 -0.262937263936 -1.67183613951 -0.653167124758 0.926853120508 0.207247428070 -0.832826381371 0.0358580240567 1.68503402488 -0.0829561327260 -1.80920271574 -0.756384443349 1.80651992722 -0.580617546335 -1.30470808255 -1.00604890562 0.456413622908 0.332431489322 1.36712713159 1.38842958939 -0.0252278969222 0.749764069513 1.12689828986 0.653915441948 1.95001005348 -0.0785449247370 0.638464584959 0.782471160834 1.15872180519 1.46129838967 1.02450086857 0.960099236032 0.0366566237290 -0.473562436011 0.324014493890 -1.82990920467 1.07748449660 -1.32982903783 0.289815739543 -0.0541864718605 0.423373398330
# mat_params[1]:
 7.04377116499 10.0101894967
# mat_params[2]:
 5.95712963913 9.08514560793
# mat_params[3]:
 4.45198119751 6.88767360041
# log_m_devs:
 -0.0650461480411 0.0750954112129 -0.0100492631718
# log_slx_pars[1]:
 1.36856456424 -0.443465369668
# log_slx_pars[2]:
 1.33205779341 0.650109014700
# log_ft_pars:
 -1.08148737930 -1.15673098275 -1.59087587151 -1.45794449038 -1.15602752291 -1.01843916587 -1.10061258283 -1.50875809458 -1.11906513699 -1.92433609552 -2.10413207315 -0.988947670712 -4.45235958867 -1.31103128915 -3.44370547866 -2.58071040511 -2.25581391612 -1.79678203014 -1.63371206715 -2.54705505243 -2.66235616952 -2.71951936900 -2.95164339424 -2.40276748586 -2.70793976214 -3.35084246083 -2.77997040324 -2.10155482855 -2.08043137482 -1.50890958122 -0.961476013330 -0.897342900037 -1.18379783627 -1.52564994642 -1.42612108819 -0.596379157644 -1.03489529123 -1.34854439549 -4.05070660082 -4.06068530710 -3.23104777825 -2.73265170234 -2.99541807128 -3.18764217275 -2.99231556744 -2.91784360979 -1.84844146497 -2.38593605723 -9.16206177161 -4.53941421387 -2.99677771656 -2.70809628198 -3.01820445595 -2.46324534516 -2.58971180469 -2.70148420691 -2.38217599358 -2.56534338896 -3.22770426535 -2.53071454230 -2.01247964094 -2.91389205579 -3.91131009109 -3.19646914700 -2.32308579205 -2.79024736347 -3.29903704778 -2.22630100609 -2.53546582782 -3.33053889455 -3.04914465856 -3.68155994193 -2.74949896727 -2.94534015880 -3.60207734260 -3.23282910660 -3.04093577847 -2.99268247234 -2.85842292405 -2.79710031337 -2.89211816126 -2.61850159251 -2.38403368085 -2.34500288904 -3.05682753987 -1.64261177345 -2.63461502162 -1.99441962790 -1.75846911946 -3.22899462737
