# Number of parameters = 94 Objective function value = -373.108520812084  Maximum gradient component = 0.000144258265718353
# theta[1]:
-0.777348723242
# theta[2]:
3.56893775162
# theta[3]:
5.46663706651
# theta[4]:
5.66108434617
# theta[5]:
1.10242617293
# theta[6]:
4.00000000000
# log_rinit_devs:
 2.91266057104 1.73304413431 0.0640101167454 -2.23919896666 -2.47051585544
# log_rbar_devs:
 -0.263040591511 -1.60279089093 -0.618667845063 0.950539539237 0.161451586395 -1.05771522031 -0.0926599905860 1.75022797229 -0.261748923130 -1.92874792161 -0.963362214433 1.85697516209 -0.637238373774 -1.47209268083 -1.10684958570 0.346939931663 0.101125847628 0.944729902220 0.803124038795 -0.781349815869 0.132104972760 0.468199164412 0.0598746694042 1.26855649974 -0.567894687798 0.0488940934605 0.251439459384 0.594556885080 0.799651406640 0.502892886396 0.457909132396 -0.393834035740 -0.762395696103 0.206107352279 -1.62155702709 1.52113851718 -0.855001028770 0.852127995225 0.691168355105 0.217211159465
# mat_params[1]:
 3.75000000000 5.62500000000
# log_m_devs:
 0.206214465389 -0.281107332059 0.0748928666700
# log_slx_pars[1]:
 1.46469881320 -0.280788958458
# log_ft_pars:
 -1.53477027585 -2.00359235578 -1.56546087728 -1.51351707532 -1.57170505611 -1.29499887644 -1.49065635392 -2.05126456547 -1.36941415949 -0.976359589392 -1.93568654213 -2.80256740547 -2.08421565842 -1.36805756457 -1.95482398829 -2.39215184271 -1.15605079713 -1.13612264253 -1.74384489536 -1.45053795701 -2.32701953608 -1.46985632914 -1.71166818026 -2.26805217290 -1.98103726277 -1.97206318807 -2.06249819641 -1.92057318601 -1.75639507566 -1.81256010890 -1.60128942004 -1.45513007503 -1.55220651530 -2.43974997623 -1.13216215616 -1.77039338465 -1.55378889666 -1.26230850210 -2.81311195926
