# Number of parameters = 196 Objective function value = -3330.36911378854  Maximum gradient component = 4284.50004665943
# theta[1]:
-0.633259411240
# theta[2]:
7.47620674755
# theta[3]:
5.93241334478
# theta[4]:
6.62433555376
# theta[5]:
0.336249554416
# theta[6]:
4.00000000000
# log_rinit_devs:
 -0.0587598859193 -0.0303485906909 0.122631866332 0.159417462048 -0.192940851770
# log_rbar_devs:
 1.79414697962 1.60612539677 1.37942079083 1.37066622938 1.23620616206 1.46820471979 1.08406753221 0.960682980104 0.891967225309 0.859568685390 0.755022571949 0.675374600876 0.766293579227 0.849351216507 1.04709914042 0.986258985356 1.08320392768 0.938959670568 1.06090583457 0.788229544996 0.770667938886 0.811161356630 0.738226768972 0.563893261564 0.603197223838 0.621354589622 0.550749504861 0.879378572874 0.508503859797 0.374860872841 0.190450549789 0.140915743588 0.00923052568148 -0.447080235512 -0.635139846188 -0.824648744255 -1.38680297235 -1.67233575508 -1.91865706231 -1.99057143280 -1.99172896574 -2.05444064600 -2.08360220152 -2.10496133211 -1.97755893379 -2.36583253918 -2.47115622116 -2.82754849391 -2.43794641378 -0.895271162332 0.674756385439 -0.613693828123 -1.98665752106 -0.973525942497 0.536398512046 -0.137738305987 -1.11947271188 -0.295562580944 1.25204750278 -0.376494089042 -2.03824849239 -1.10622039751 1.33650475328 -0.895362844524 -1.55459697891 -1.31164156599 0.112605506216 0.0209211241367 1.00583112022 1.01208794083 -0.334317471247 0.397396487837 0.812694040803 0.368759196532 1.58473886072 -0.319393258893 0.366627527368 0.516527989354 0.876684725262 1.14475188822 0.752872394106 0.708476947886 -0.0930485700080 -0.506712688163 0.411974522151 -1.44722753003 1.58618265603 -0.702395119152 0.931946099480 0.620702835750 0.501757295333
# mat_params[1]:
 4.70846867500 7.53914195004
# log_m_devs:
 0.00000000000
# log_slx_pars[1]:
 0.953271885805 -1.75646034403
# log_ft_pars:
 -2.08312204121 -2.11362452337 -2.46134223450 -2.28743495342 -1.96008079053 -1.86425066332 -1.86231640929 -2.19350182062 -1.76679567505 -2.49962916188 -2.56343136815 -7.57670711740 -4.92562579269 -7.72695037856 -3.90128172380 -2.93977176797 -2.59058148507 -2.10972564548 -1.97920125114 -2.85279701352 -2.94730884225 -3.00471748719 -3.21283941176 -2.62407438791 -2.93100614147 -3.57644913702 -2.98247837560 -2.35289849544 -2.25123356778 -1.64350405987 -1.10502731475 -1.09327356406 -1.40049462145 -1.65833385428 -1.53180763951 -0.726161749496 -1.14329994270 -1.40769559450 -4.07139457053 -4.06707785976 -3.23323586855 -2.72596214095 -2.98806070278 -3.16637184099 -2.95876126100 -2.79509821239 -1.71520629798 -2.16293594917 -8.98416115415 -4.74957932370 -3.39675108688 -2.58911437741 -2.60736656733 -2.20666695129 -2.78705457187 -2.62824559150 -2.06409129362 -2.41605898432 -3.44890266985 -2.33370159056 -1.50921666302 -2.52166127473 -4.13214739167 -2.95798984172 -1.85172139584 -2.38057295521 -3.35109454228 -2.24903886571 -2.71518007055 -3.38362619505 -2.83080002979 -3.51976727888 -2.75345603155 -2.86925222954 -3.77012475137 -3.07039980450 -2.87654223587 -2.95478758867 -2.91680423370 -2.86269348891 -2.82487311403 -2.53641169052 -2.24149546975 -2.20022326699 -3.16933604774 -1.69891891448 -3.17805217084 -2.67989676346 -2.51636305138 -4.05859156707
