# Number of parameters = 201 Objective function value = -3549.57032858562  Maximum gradient component = 0.00150582112368139
# theta[1]:
0.117518884634
# theta[2]:
9.38094510269
# theta[3]:
9.63441722049
# theta[4]:
9.98636620099
# theta[5]:
0.713900844421
# theta[6]:
4.00000000000
# log_rinit_devs:
 -0.0599412710183 -0.0547017088432 0.0852771053470 -0.0138682307553 0.0432341052699
# log_rbar_devs:
 0.173182925217 0.0422025760123 -0.132034521946 0.00545257930038 -0.0704484970025 0.447213585967 0.150528637073 0.198735497163 0.330194927058 0.528496213652 0.525254117824 0.552815348514 0.717405554855 0.834439534387 1.07653433149 0.905007819180 0.916215865893 0.715660456072 0.975248867636 0.684435325098 0.647390158679 0.703158241427 0.582866366941 0.276883985941 0.360038942869 0.371781339404 0.214175371892 0.653563253260 0.123625536776 -0.0650514678945 -0.199417020361 0.0868700320862 0.215937657314 -0.230743062975 -0.376514517786 -0.482672525770 -0.737531334486 -0.813346336889 -0.916201217175 -1.10005478790 -1.14638968633 -1.29241012416 -1.32584408204 -1.37094411064 -1.24972021732 -1.81119276170 -1.92352024552 -2.14890132341 -1.67347911870 -0.220978315105 1.41302375017 0.0523856137545 -1.30760454980 -0.317285022341 1.25983666525 0.535616709935 -0.506365900006 0.324275842524 2.02784991547 0.264365545704 -1.43890702952 -0.469863093865 2.06292264703 -0.317408368805 -1.08111335090 -0.830748711266 0.575696687234 0.493507294286 1.50475810065 1.53106407842 0.114854368743 0.876971219835 1.18047636860 0.664730963833 1.93397167527 -0.277904798128 0.234803653798 0.190875154540 0.383467415125 0.543870442958 0.145692031742 0.0634793508417 -1.01529629530 -1.49873304070 -0.547712708045 -2.58885366572 0.639550612807 -1.71586304248 0.0388988184231 -0.184517112560 0.313311988636
# mat_params[1]:
 8.10538915070 10.2766318549
# mat_params[2]:
 9.00400997635 11.9511720864
# mat_params[3]:
 6.92963926986 9.42600354185
# log_m_devs:
 0.0144654385516 -0.0144654385516
# log_slx_pars[1]:
 1.77354260215 -0.215307593062
# log_ft_pars:
 -0.984578064554 -1.13361685542 -1.63048431566 -1.56423298688 -1.32941617842 -1.34091768244 -1.54790208143 -2.08141287523 -1.82398331068 -2.71820460126 -2.92326669127 -1.60625641785 -5.42571333639 -0.875574903484 -4.44064779660 -3.57185401500 -3.26906191035 -2.83482417089 -2.72241213802 -3.63419810362 -3.71390547808 -3.73729806021 -3.91219824389 -3.31191374575 -3.58403805543 -4.16207128558 -3.51824819967 -2.84189111918 -2.80558313368 -2.28336543334 -1.87420595547 -1.99308250199 -2.44174033411 -2.87615898072 -2.89027846135 -2.29324946290 -2.96398999880 -3.37225200997 -6.02834704551 -5.92162085785 -5.00412673553 -4.43818053768 -4.63165268375 -4.76349485449 -4.51948862054 -4.38085820349 -3.31881959098 -3.84290145066 -10.5263442673 -5.87052524062 -4.37523247045 -3.98945336297 -4.44485176166 -4.07862309084 -4.12229334079 -4.06634291582 -3.80847335808 -4.11388970240 -4.70243222183 -3.86267417239 -3.50799955918 -4.58479171551 -5.39655634566 -4.41346639220 -3.67097117371 -4.34757682530 -4.74474399167 -3.46312485484 -3.74396912531 -4.49469147096 -4.21741727217 -4.95539572566 -4.00177967933 -4.10409187932 -4.71731279832 -4.23343705500 -4.07823829499 -4.00376785889 -3.61732137868 -3.26970094413 -3.18657321319 -2.88236249383 -2.63187266186 -2.61268502245 -3.32879710604 -1.84568559957 -2.72332062750 -2.54582708622 -2.43207857680 -4.02788454326
