# Number of parameters = 94 Objective function value = -324.986619128146  Maximum gradient component = 0.000240120723514830
# theta[1]:
-0.537436484472
# theta[2]:
4.05172309062
# theta[3]:
5.85797691072
# theta[4]:
6.09164362950
# theta[5]:
0.991043791730
# theta[6]:
4.00000000000
# log_rinit_devs:
 2.81263129272 1.68182855458 -0.0128268745311 -2.19802293667 -2.28361003610
# log_rbar_devs:
 -0.275739357271 -1.56049650595 -0.600857914652 0.950030858147 0.133848898321 -1.12738431769 -0.129706614872 1.72831666863 -0.315471430055 -1.87020129164 -1.00389402605 1.87978615930 -0.648407915030 -1.50163897182 -1.10318412473 0.350069401900 0.0655089552147 0.881541470262 0.752858054144 -0.857039421409 0.103482911041 0.410477246977 0.0364543895927 1.25652332567 -0.579160919240 0.0262218942077 0.248267599455 0.594168269895 0.800874946699 0.542875781741 0.500976181549 -0.387747038055 -0.756000277233 0.221796236950 -1.59825923611 1.53267918058 -0.821194354186 0.936757465711 0.941598818684 0.241269001321
# mat_params[1]:
 4.00000000000 5.20000000000
# log_m_devs:
 0.155707125417 -0.264809284605 0.109102159188
# log_slx_pars[1]:
 1.53998656118 -0.286139175924
# log_ft_pars:
 -1.53213426020 -2.02733386464 -1.58961754123 -1.50757177014 -1.55144261041 -1.30006319380 -1.49576025264 -2.02038009624 -1.32772180930 -0.979992986533 -1.94315706624 -2.78273577816 -2.05887531833 -1.38923028747 -1.98082687207 -2.36462026531 -1.09916302198 -1.09153291982 -1.69320742484 -1.40011835899 -2.29604732434 -1.42731111382 -1.65727098908 -2.22520848427 -1.94174089852 -1.95526067398 -2.04425273418 -1.88086050645 -1.71041563992 -1.78169102355 -1.59542612982 -1.47187122101 -1.58535207137 -2.45766179520 -1.13261914931 -1.76683234331 -1.49620114914 -1.21629334171 -2.79060002086
