# Number of parameters = 206 Objective function value = -3671.56342541636  Maximum gradient component = 0.00133053807086268
# theta[1]:
-0.373287681301
# theta[2]:
7.11838241629
# theta[3]:
6.58076077540
# theta[4]:
7.13807186141
# theta[5]:
0.509728835298
# theta[6]:
4.00000000000
# log_rinit_devs:
 0.212635059144 0.136887674201 0.117928918329 -0.0384637487591 -0.428987902915
# log_rbar_devs:
 1.08110347646 0.899462527319 0.726072931635 0.788876022521 0.656839453183 0.929082792882 0.572584655464 0.522076903489 0.510864082278 0.622564217415 0.589477775555 0.502814613366 0.523394933534 0.531973205599 0.691729037816 0.718956204767 0.905904153268 0.718929934458 0.862211718719 0.630012501210 0.626052867602 0.693742700265 0.629491377772 0.425956790261 0.509038153796 0.562057623079 0.489474567407 0.851209521412 0.450778572002 0.257696195443 0.00399596403959 0.0205713502821 -0.0160473932752 -0.441055076628 -0.655401860752 -0.929096990451 -1.31299530385 -1.44281576868 -1.50741798116 -1.57707670613 -1.56035169642 -1.63740813322 -1.64038083191 -1.66555284869 -1.55958340566 -2.07181347291 -2.28328314116 -2.58669145958 -2.12489493764 -0.669471115062 0.760832347244 -0.501904057527 -1.94736069358 -0.920053269179 0.675671426084 -0.0537626518888 -1.09471499347 -0.227029957925 1.45312750029 -0.374894399768 -2.12397083274 -0.979585172199 1.67649247947 -0.777737310155 -1.48196951268 -1.16631833813 0.321329538620 0.186789664661 1.24192000671 1.27761183678 -0.151428197699 0.639812263593 1.02699534868 0.559526028325 1.86449078858 -0.179007381534 0.553999437245 0.696113349172 1.06594130285 1.35335953935 0.913638756855 0.858019592358 -0.0641135102347 -0.535146274664 0.420927599360 -1.66671142651 1.54106896889 -0.887543983761 0.936745870936 0.733790180961 0.551389435496
# mat_params[1]:
 7.04578828945 10.2646034156
# mat_params[2]:
 5.43269565379 8.14754108274
# mat_params[3]:
 5.18499167304 7.71274600956
# log_m_devs:
 -0.108685950623 0.0609585912789 0.0477273593443
# log_slx_pars[1]:
 1.22464520584 -0.594036418355
# log_slx_pars[2]:
 1.68133209841 -0.182894626363
# log_slx_pars[3]:
 1.64162900692 -0.373708558751
# log_ft_pars:
 -1.26704931553 -1.34477790108 -1.75907090304 -1.62613136977 -1.33615762009 -1.23297350598 -1.32408264831 -1.72690671549 -1.35069766939 -2.17425804605 -2.35646575093 -0.931396851707 -4.60826051483 -0.734739239359 -3.40128831329 -2.57916088440 -2.33337300343 -1.85742294749 -1.70029937606 -2.61301552698 -2.71093560627 -2.76969256948 -3.00099043521 -2.42786484770 -2.72554002722 -3.38171661183 -2.81259028091 -2.17296687577 -2.15412097351 -1.55611144436 -1.00460363979 -0.989295747654 -1.34256854005 -1.69570057218 -1.59100556388 -0.803075019873 -1.29598398662 -1.65135132007 -4.37145106048 -4.38199197801 -3.56138398934 -3.07505396838 -3.36016644436 -3.54332068060 -3.31562060448 -3.19989281205 -2.06420158820 -2.51603626134 -8.41647696408 -3.54730784699 -1.60967712781 -1.35959408028 -1.96721581514 -1.65674557888 -1.54348370257 -1.51703805117 -1.30664585973 -1.65190488491 -2.11091952502 -1.32093322396 -1.02270033226 -2.20216832449 -2.96562824515 -2.09688476573 -1.46575700637 -2.23992974552 -2.69448341786 -1.39623184576 -1.48361576936 -2.23130788430 -2.08155784804 -2.92218527985 -2.00355292087 -2.15878563491 -2.70323256076 -2.34117372579 -2.31123563701 -2.37216898684 -2.16521533038 -1.98591555655 -2.04334085950 -1.84754359925 -1.69211179437 -1.75808107384 -2.54737306451 -1.14836453892 -1.70708061138 -1.55446620044 -1.44692675247 -3.05305192382
