# Number of parameters = 57 Objective function value = -1238.16300580700  Maximum gradient component = 0.000247639771720270
# theta[1]:
-0.432880080069
# theta[2]:
4.56046925969
# theta[3]:
6.26802382681
# theta[4]:
6.48859338375
# theta[5]:
1.09570516907
# theta[6]:
4.00000000000
# log_rinit_devs:
 2.81213670898 1.61599977459 -0.0564493663572 -2.14614591934 -2.22554119787
# log_rbar_devs:
 -0.219832068966 -1.57581587271 -0.591794561100 1.00478902853 0.210549438643 -1.00591672994 -0.0488573749007 1.80580973863 -0.208873344624 -1.84736676900 -0.892038132797 1.96944158759 -0.610887190914 -1.44835145626 -1.10700654483 0.330736564304 0.0682831158300 0.938918691140 0.772612227373 -0.863378879811 0.0696571178184 0.422042170108 0.0193978163468 1.24337681846 -0.626216865164 0.00395044591306 0.192395149204 0.544020117348 0.761224242831 0.438390610874 0.396293698877 -0.451172760766 -0.817850953101 0.186118519101 -1.65442217226 1.57468961075 -0.824333572210 0.919205589829 0.688009080727 0.234203869134
# mat_params[1]:
 4.95722881049 7.52218367323
# log_m_devs:
 0.158505906397 -0.251031893253 0.0925259868559
# log_slx_pars[1]:
 1.59630926804 -0.243358992099
# log_ft_pars:
 -13.5000000000 -13.5000000000 -13.5000000000 -13.5000000000 -13.5000000000 -13.5000000000 -13.5000000000 -13.5000000000 -13.5000000000 -13.5000000000 -13.5000000000 -13.5000000000 -13.5000000000 -13.5000000000 -13.5000000000 -13.5000000000 -13.5000000000 -13.5000000000 -13.5000000000 -13.5000000000 -13.5000000000 -13.5000000000 -13.5000000000 -13.5000000000 -13.5000000000 -13.5000000000 -13.5000000000 -13.5000000000 -13.5000000000 -13.5000000000 -13.5000000000 -13.5000000000 -13.5000000000 -13.5000000000 -13.5000000000 -13.5000000000 -13.5000000000 -13.5000000000 -13.5000000000
