# Number of parameters = 202 Objective function value = -3671.61166383013  Maximum gradient component = 0.000498810140970964
# theta[1]:
-0.352472710326
# theta[2]:
7.42215078413
# theta[3]:
6.52430226761
# theta[4]:
7.08714047585
# theta[5]:
0.508815920458
# theta[6]:
4.00000000000
# log_rinit_devs:
 0.128679370845 0.0751341553351 0.0901150511513 -0.0278562787064 -0.266072298625
# log_rbar_devs:
 1.35793714130 1.16625845111 0.976635287606 1.01512909092 0.864461640319 1.13005078197 0.744077404302 0.661081735403 0.613524574797 0.684234207589 0.627163918190 0.566044933279 0.640347684948 0.706003408743 0.875759950615 0.795441478101 0.848769971838 0.664478981906 0.811707247286 0.579267972510 0.579752272008 0.653316466254 0.592771421576 0.391073720894 0.480374085367 0.539317189197 0.469238533961 0.840662970495 0.435838913572 0.241049267395 -0.0164647910781 -0.00147290317985 -0.0403911973329 -0.473800673254 -0.696358630972 -0.984208328027 -1.38553581142 -1.52425142996 -1.59022050266 -1.65665983111 -1.63691951829 -1.71179467310 -1.71225540770 -1.73604728945 -1.62537060596 -2.13783135911 -2.34651793000 -2.64422195568 -2.16027911710 -0.702788313735 0.716458504186 -0.540194625555 -1.98453535665 -0.957422497860 0.635251185228 -0.0946654338585 -1.13619300315 -0.265741827098 1.41278862407 -0.418978007384 -2.16890865160 -1.01991679840 1.63703082073 -0.813465430321 -1.51630033138 -1.19673018339 0.290447892905 0.153625997469 1.20652297998 1.24237975333 -0.184452305427 0.606507657704 0.993444467065 0.526924327526 1.82941329844 -0.209219834923 0.522217045104 0.666031208026 1.03540795833 1.31962854246 0.881652874745 0.821848324702 -0.0929056349549 -0.551052611801 0.424609795801 -1.63300197358 1.60404492693 -0.820679693431 0.991928655428 0.761316758565 0.556502167674
# mat_params[1]:
 7.05693910061 10.0044540263
# mat_params[2]:
 7.06481042550 10.4283822840
# mat_params[3]:
 5.31799352424 7.99812605244
# log_m_devs:
 0.00000000000
# log_slx_pars[1]:
 1.22836891793 -0.583859792876
# log_slx_pars[2]:
 1.66799502907 -0.200221716589
# log_ft_pars:
 -1.37988486847 -1.45792383556 -1.85750197154 -1.70286906894 -1.39136441505 -1.27934038588 -1.34981975422 -1.71914701506 -1.30433996973 -2.08809427949 -2.23183114975 -1.31469956625 -4.53902913695 -1.43663333823 -3.47649702296 -2.59046818992 -2.25226031987 -1.78090065186 -1.62236796704 -2.53439545451 -2.63845091540 -2.70222795755 -2.93917739054 -2.37280885077 -2.67459032997 -3.33481672170 -2.77107146818 -2.13312510585 -2.11867490478 -1.52516752622 -0.972230861204 -0.947592412028 -1.29105454843 -1.64207656852 -1.53669407285 -0.736811238604 -1.20946551440 -1.55201917632 -4.26978233178 -4.28537034912 -3.46817537595 -2.98387696881 -3.26876535585 -3.45495617406 -3.23289641502 -3.12157976300 -1.98597166626 -2.44113920375 -8.40095330233 -3.52322294947 -1.56400653454 -1.32691283654 -1.94458802264 -1.63145519784 -1.50507223911 -1.48465373652 -1.28089918934 -1.62419480471 -2.07253276750 -1.29041662865 -0.998079535109 -2.17563730773 -2.92771219233 -2.07046632065 -1.44977994215 -2.22346670294 -2.67500038283 -1.37871404750 -1.45899541944 -2.20656238915 -2.06569047172 -2.90970633832 -1.98885485511 -2.14605450905 -2.68487209595 -2.32896825621 -2.30338807853 -2.36348384988 -2.15571004754 -1.97546133806 -2.03420061203 -1.83878604321 -1.68340939102 -1.75005990383 -2.54219212937 -1.15131377373 -1.75964038964 -1.60323678121 -1.47081434190 -3.09555072747
