# Number of parameters = 206 Objective function value = -3676.63860903220  Maximum gradient component = 0.000570689904324981
# theta[1]:
-0.327111202313
# theta[2]:
7.22951227498
# theta[3]:
6.63707433240
# theta[4]:
7.19692011890
# theta[5]:
0.487954897656
# theta[6]:
4.00000000000
# log_rinit_devs:
 0.186177137890 0.121945250656 0.112945522762 -0.0293635556659 -0.391704355642
# log_rbar_devs:
 1.09434755109 0.917138632642 0.746010399130 0.802316050624 0.670485827040 0.931442505061 0.582763784206 0.528984795225 0.513195727941 0.615469534540 0.576213488810 0.489962458632 0.506532797347 0.509389253584 0.660120010759 0.676158715456 0.844817138814 0.661025096672 0.797430603701 0.571971052732 0.568861879919 0.635187836483 0.573667616908 0.376949712240 0.458541720978 0.511353864186 0.441800759066 0.791414739735 0.401696488201 0.209268353201 -0.0442073950997 -0.0353792323287 -0.0758255784572 -0.492094272473 -0.706514207525 -0.979881276450 -1.35693343515 -1.48276976512 -1.54267949653 -1.60714312067 -1.58797738912 -1.66002871809 -1.66014956273 -1.68200167481 -1.57718716989 -2.07113473053 -2.27035355222 -2.56491427897 -2.11212998237 -0.668997356270 0.771779718793 -0.487055444181 -1.93889436398 -0.910876720676 0.689904943233 -0.0385847383309 -1.07989217766 -0.217071927342 1.47251355184 -0.357776364143 -2.12087291434 -0.963220477348 1.69843716533 -0.764345610996 -1.47103295216 -1.16061231714 0.329440580382 0.197685406810 1.25526119707 1.28813043618 -0.147697659725 0.639175253541 1.02131708754 0.540615265254 1.84295304452 -0.241906916576 0.467389954500 0.597634519128 0.981763790545 1.33626053946 0.903736116408 0.858283443906 -0.0259195295028 -0.451191020888 0.554393797703 -1.47195203606 1.80633657135 -0.625087317551 1.20628563611 0.974884956396 0.553591312483
# mat_params[1]:
 7.09282349664 10.3118383445
# mat_params[2]:
 5.54863083347 8.39305641976
# mat_params[3]:
 5.43099495590 7.84114057155
# log_m_devs:
 -0.125654528216 0.0174272975481 0.108227230668
# log_slx_pars[1]:
 1.23132911624 -0.580012117701
# log_slx_pars[2]:
 1.72306249146 -0.127123501733
# log_slx_pars[3]:
 1.60588194565 -0.432865160770
# log_ft_pars:
 -1.32330751941 -1.40044250415 -1.81349060535 -1.67724369499 -1.38590831563 -1.27985341815 -1.36888835100 -1.76913213495 -1.38942339995 -2.20621592176 -2.37850198163 -0.992187231607 -4.62886154713 -0.773212424546 -3.41166010843 -2.57512087189 -2.31396192219 -1.83827372490 -1.67955082868 -2.59248529121 -2.69226187517 -2.75199323640 -2.98448599608 -2.41365952018 -2.71405020023 -3.37181130875 -2.80400721650 -2.16130006946 -2.14192675678 -1.54535563042 -0.994733630266 -0.978639469330 -1.32891190778 -1.68197033000 -1.57902292437 -0.791337823874 -1.28708953524 -1.64689121164 -4.37195482611 -4.38681715356 -3.57035342979 -3.08833049897 -3.37786991208 -3.56472373260 -3.33948413690 -3.22857869776 -2.10335181602 -2.56703621081 -8.38278859659 -3.50759655641 -1.56068150691 -1.27995931255 -1.87698733583 -1.59283312982 -1.50644524009 -1.46130582571 -1.23203686367 -1.59250582132 -2.07240695510 -1.26025971632 -0.950034823336 -2.15253907922 -2.94366014450 -2.04428040457 -1.39096446409 -2.18699666366 -2.66931227603 -1.36365716674 -1.42947267448 -2.16482401467 -2.00142193594 -2.84811777945 -1.94261760984 -2.09279641428 -2.62561779764 -2.24435164859 -2.20029452587 -2.26273550021 -2.04585456591 -2.04374912448 -2.14632535415 -1.98362025198 -1.83851071218 -1.91395729338 -2.69116711594 -1.31938720115 -1.95575956164 -1.84224094477 -1.73553309611 -3.29399826818
