# Number of parameters = 207 Objective function value = -3617.53197155875  Maximum gradient component = 0.000537953986063192
# theta[1]:
-0.103224431253
# theta[2]:
7.56582049565
# theta[3]:
8.39263913073
# theta[4]:
8.70851269190
# theta[5]:
0.832982038491
# theta[6]:
4.00000000000
# log_rinit_devs:
 0.182595971912 0.108857926079 0.120738832430 -0.0895435569081 -0.322649173513
# log_rbar_devs:
 -0.144031973153 -0.279074058377 -0.432958382355 -0.237857542716 -0.279524938339 0.263875346627 -0.0140100805691 0.0810958260667 0.239518733162 0.470584968102 0.451827148506 0.389259983660 0.384400385970 0.481052803100 0.722330069897 0.787278156142 1.11814472867 0.882389297772 1.13977008540 0.839830586665 0.819742820979 0.895159460124 0.788262579165 0.493064848240 0.603692652309 0.641975367505 0.496646984552 0.977403468409 0.405297124696 0.178104742261 -0.00577519775103 0.256945604215 0.366163676605 -0.128226906736 -0.315029708021 -0.457218811301 -0.735212263080 -0.812351653438 -0.915004969870 -1.09797393461 -1.14527054964 -1.29249417521 -1.32394619363 -1.36917920890 -1.23607051282 -1.82270606224 -1.94820825040 -2.16982931912 -1.66728414617 -0.190490002269 1.39703783920 0.0338806899371 -1.33813311578 -0.338319477634 1.25111273647 0.520932692949 -0.536021922434 0.311030216297 2.01691659260 0.230557308341 -1.46315139265 -0.493461275847 2.07752012021 -0.339690924255 -1.10027384435 -0.832033326164 0.592890408100 0.498876805284 1.52278085896 1.54745479990 0.116885987286 0.894846715464 1.21339059966 0.699662114772 2.05972635341 -0.201793898347 0.327630685652 0.211836065129 0.282054552589 0.244359495617 -0.149047654155 -0.209942784197 -1.10953720159 -1.52739759093 -0.540684549176 -2.45609200108 0.762191055413 -1.58823751719 0.144563641816 -0.116726692437 0.228318225030
# mat_params[1]:
 7.90330364898 10.6266414022
# mat_params[2]:
 7.81718514580 10.7433807559
# mat_params[3]:
 6.10970663676 8.77596962032
# log_m_devs:
 -0.123736736339 0.153563708051 -0.0964384178022 0.0666114460902
# log_slx_pars[1]:
 1.42129992721 0.107550453902
# log_slx_pars[2]:
 1.67780957844 -0.297118909246
# log_slx_pars[3]:
 1.76304094369 -0.255591963619
# log_ft_pars:
 -1.20903775285 -1.36844920969 -1.83374995187 -1.78669311012 -1.59008410336 -1.71823375460 -1.94123852441 -2.48289952480 -2.26482733884 -3.23523984373 -3.47009342391 -0.520223592585 -5.71594895284 -0.357868249396 -4.61600911871 -3.85398925086 -2.77318626545 -2.30026010249 -2.16611685869 -3.07165839637 -3.15918278932 -3.18330941896 -3.36908168325 -2.78839150791 -3.06830900425 -3.65935321140 -3.04432940934 -2.39002405317 -2.37594898922 -1.86489489090 -1.41741021195 -1.46962017919 -1.87873082244 -2.30614763100 -2.30326992483 -1.65641250624 -2.27266843825 -2.66166637033 -5.31256496304 -5.21189798332 -4.29611734891 -3.72819168691 -3.91976737164 -4.05030179897 -3.80397293334 -3.67690559318 -2.60731246282 -3.11004525865 -9.78475294752 -5.11360701512 -3.57312966566 -3.27709237022 -3.77243162534 -3.34662882694 -3.31962843515 -3.32048859513 -3.10991197284 -3.37964891959 -3.90722191457 -3.13369052308 -2.81661151293 -3.84744741643 -4.59703268189 -3.70666980645 -3.01750884438 -3.63902047147 -3.97470067362 -2.71944676202 -3.00927984574 -3.77899352669 -3.54300659744 -4.27010816903 -3.28551326926 -3.40600813493 -4.03900172919 -3.61635505279 -3.49310736502 -3.37853901059 -2.94167723883 -2.23781801484 -2.25773671132 -2.05715062532 -1.91848822135 -2.01733513701 -2.83428105221 -1.43542705024 -2.05850560413 -1.78207971692 -1.59381577799 -3.18787513779
