# Number of parameters = 204 Objective function value = -3675.40711473594  Maximum gradient component = 0.000368995743015933
# theta[1]:
-0.328532374058
# theta[2]:
7.50339733753
# theta[3]:
6.61514050524
# theta[4]:
7.16399250398
# theta[5]:
0.505495524350
# theta[6]:
4.00000000000
# log_rinit_devs:
 0.112559062435 0.0674719379787 0.0884503142241 -0.0250358500294 -0.243445464608
# log_rbar_devs:
 1.32830836125 1.13917726119 0.950137612887 0.987336040898 0.836731761251 1.10382877600 0.722897667136 0.642216070559 0.599242353081 0.672595676059 0.614911606271 0.557191919261 0.632115261385 0.697660556504 0.868633125255 0.785286128996 0.836402754297 0.652387883734 0.802626368841 0.572406990619 0.571527376306 0.643205664065 0.580240291067 0.376699030932 0.464389810354 0.520110816157 0.446296644967 0.813334899603 0.405816590291 0.206987061525 -0.0496109202740 -0.0283514564819 -0.0614436848899 -0.492004829491 -0.713952379454 -0.991075243207 -1.37465402970 -1.50113769809 -1.56322019816 -1.63311138258 -1.61618174470 -1.69289012039 -1.69462407931 -1.71973803440 -1.61229403985 -2.12453194738 -2.32917806690 -2.62473954574 -2.15718243739 -0.709387684005 0.722853763391 -0.531421180023 -1.97757420838 -0.949499104570 0.644805492835 -0.0836645309367 -1.12522189321 -0.255635265193 1.42769560562 -0.401483496357 -2.15730837781 -1.00529091651 1.64723944227 -0.803664046880 -1.50973161615 -1.19425859927 0.289804763656 0.153834739175 1.20520673746 1.23954229186 -0.190819699203 0.596472263134 0.976834030069 0.500712171570 1.80252077481 -0.267012602590 0.447478564817 0.580542338270 0.964615035577 1.30263702322 0.864605186762 0.814708797781 -0.0865555683639 -0.529958886162 0.463021427616 -1.57544059537 1.66674215259 -0.689307436606 1.16405503870 0.972912557668 0.543614986379
# mat_params[1]:
 7.11362563689 10.0426700479
# mat_params[2]:
 7.14722981804 10.4916696574
# mat_params[3]:
 5.46554144415 8.28713736202
# mat_params[4]:
 5.37746022863 7.83094165742
# log_m_devs:
 0.00000000000
# log_slx_pars[1]:
 1.24490127890 -0.549787287170
# log_slx_pars[2]:
 1.67420516050 -0.209415786365
# log_ft_pars:
 -1.39924702508 -1.47879412113 -1.87971032971 -1.72442796300 -1.41317142279 -1.30234472886 -1.37622062115 -1.74905697583 -1.33745377461 -2.12348901692 -2.26652078688 -1.34949427492 -4.57719504475 -1.46614319290 -3.51431272285 -2.62582060314 -2.28673582793 -1.81568164939 -1.65969682613 -2.57276521041 -2.67573825139 -2.73720952657 -2.97152182720 -2.40349050589 -2.70361071307 -3.36024079402 -2.79316573948 -2.15216720894 -2.13562885555 -1.54199457950 -0.990494533417 -0.970317189996 -1.31875184291 -1.67317870876 -1.57045081051 -0.779087718083 -1.26765415486 -1.62142839449 -4.34130263022 -4.35287877821 -3.53261366271 -3.04641940424 -3.32982251709 -3.51393316230 -3.28933123147 -3.17688444199 -2.04551119245 -2.50349789166 -8.44917999901 -3.55953302975 -1.59824335877 -1.36518263901 -1.98796850949 -1.67962532930 -1.55200435863 -1.52978063172 -1.33215621756 -1.67802042957 -2.12165154076 -1.34055928246 -1.05877079581 -2.23889545443 -2.97883269760 -2.11368483707 -1.49698651955 -2.27332969386 -2.71644935407 -1.41310299882 -1.49209932071 -2.23798137817 -2.09696910619 -2.93965817506 -2.01411773983 -2.16475923767 -2.69598536252 -2.33432316849 -2.30281893202 -2.35296733140 -2.12760173297 -1.93910725405 -2.00482950935 -1.82135673833 -1.67708705699 -1.75242028779 -2.55549241733 -1.17311034312 -1.81797429648 -1.68321013885 -1.58524902207 -3.24464543319
