# Number of parameters = 205 Objective function value = -3690.01848324411  Maximum gradient component = 0.000106547660803513
# theta[1]:
-0.367171890892
# theta[2]:
8.09154834656
# theta[3]:
6.78325826625
# theta[4]:
7.23888907127
# theta[5]:
0.579463597193
# theta[6]:
4.00000000000
# log_rinit_devs:
 -0.0399398344385 -0.0122835497195 0.0826570225044 0.0429098276919 -0.0733434660383
# log_rbar_devs:
 1.53670117030 1.33977644815 1.12750686833 1.11988336321 0.943155595441 1.17341005088 0.769290106777 0.643056049562 0.545751514378 0.561353716672 0.475733033105 0.452280337089 0.556605203121 0.652968401579 0.861567490034 0.780363998428 0.863306758176 0.673487176717 0.821057092224 0.596491651057 0.594889234148 0.663648708122 0.599783108597 0.398160535610 0.483758836604 0.536394798094 0.461797518379 0.816940810905 0.414198069500 0.211203715087 -0.0408935345232 -0.00838185844195 -0.0294523585968 -0.445139009120 -0.660288275694 -0.910868211837 -1.25196928558 -1.35117185522 -1.40213857428 -1.47512271112 -1.46109018730 -1.53930285256 -1.54222683319 -1.56563861248 -1.46888658705 -1.99236573092 -2.21213131298 -2.51727084588 -2.06734749314 -0.624155950222 0.823903386774 -0.429488566719 -1.88500344257 -0.856420072620 0.752021435047 0.0151608662006 -1.03426077801 -0.161958007323 1.54409214332 -0.303210012182 -2.07229882932 -0.926968616227 1.74379240520 -0.743927087645 -1.45923274356 -1.15477664263 0.336009743553 0.192410223363 1.24650373488 1.27903395392 -0.176521325042 0.607540854735 0.975797304114 0.465653711459 1.79109028727 -0.368574653058 0.314335684666 0.371919511104 0.640641351650 0.789022891873 0.373070334946 0.336154312187 -0.464931252204 -0.831060014059 0.168080156723 -1.75761920521 1.41538902950 -0.831500762286 0.991172698413 0.766361340251 0.409915369350
# mat_params[1]:
 7.27652912521 10.3973871951
# mat_params[2]:
 5.57985857974 8.30287146175
# mat_params[3]:
 5.75852688912 9.00023359857
# log_m_devs:
 0.122049469879 -0.122049469879
# log_slx_pars[1]:
 1.28533435423 -0.485508464881
# log_slx_pars[2]:
 1.67296603733 -0.216208902624
# log_slx_pars[3]:
 1.69371412168 -0.264612854748
# log_ft_pars:
 -1.74048252178 -1.80095796170 -2.17935022814 -1.99015542717 -1.65118140480 -1.50499098957 -1.54740055289 -1.88115110403 -1.42166439879 -2.13947709787 -2.21884471652 -4.69562268352 -4.60443379289 -4.41634310436 -3.59040023366 -2.66391676786 -2.31445478620 -1.84537256162 -1.69470129074 -2.60740303205 -2.70778191242 -2.76601894929 -2.99701180328 -2.42684181567 -2.72631513129 -3.38034449840 -2.81153170804 -2.17179941578 -2.15388907991 -1.56277891386 -1.01806010841 -1.01213438857 -1.37549210096 -1.73824487109 -1.64226107795 -0.872823724657 -1.39717052652 -1.77707599367 -4.50475772868 -4.51158864949 -3.68886087275 -3.20228100664 -3.48777869870 -3.66996799723 -3.43906002652 -3.32224858326 -2.19208761886 -2.64198230625 -8.58663340074 -3.70850180672 -1.81154232775 -1.56099613870 -2.14808569614 -1.81023507803 -1.70833536561 -1.69730583992 -1.49766502562 -1.82453302979 -2.29605665031 -1.52208001147 -1.23160122208 -2.37486719494 -3.12855083948 -2.26595314673 -1.63334343938 -2.36903529810 -2.78371850736 -1.48508380652 -1.60600796241 -2.35627841181 -2.19120795522 -3.00204063786 -2.05980246105 -2.19174669792 -2.73436186686 -2.35419895975 -2.29457280215 -2.29830282974 -2.00955807245 -1.72722814522 -1.84666527270 -1.70777645751 -1.60749484196 -1.73632735911 -2.60787333793 -1.27589581955 -1.81152898082 -1.69376350425 -1.64021068698 -3.36521057393
