# Number of parameters = 200 Objective function value = -3486.24798949216  Maximum gradient component = 0.000541699553315426
# theta[1]:
-0.140386753679
# theta[2]:
8.51163782249
# theta[3]:
7.89829668159
# theta[4]:
8.31848377462
# theta[5]:
0.383476710714
# theta[6]:
4.00000000000
# log_rinit_devs:
 -0.0819680770482 -0.0412758702647 0.0901404451166 0.0511284915095 -0.0180249893133
# log_rbar_devs:
 0.876523705696 0.711155839589 0.516168546805 0.561401274420 0.422297277075 0.753468874417 0.408361770178 0.367670531263 0.377186614081 0.497043376934 0.464570106815 0.461278784137 0.570978460815 0.684482015067 0.944958716105 0.918691765971 1.10254636831 0.892093617846 1.07759968293 0.823335385432 0.793301753002 0.838577977177 0.734674192220 0.482634812591 0.552746671040 0.565144544894 0.426225909208 0.778609338348 0.283849205912 0.0435370828388 -0.177038575893 -0.0469229685439 -0.0182008098539 -0.467605727988 -0.686770842108 -0.871919437332 -1.14623077683 -1.23583023905 -1.33496943610 -1.49107587217 -1.54545791420 -1.67352175659 -1.70948921965 -1.75920480593 -1.66956975547 -2.18625420565 -2.32377653452 -2.54465107661 -2.06747754972 -0.595484721858 0.979595034914 -0.372316243706 -1.75910777781 -0.747241250575 0.832625132661 0.122716678761 -0.906332823418 -0.0576006809269 1.58360240921 -0.147879304314 -1.82215383189 -0.827646524318 1.69538420391 -0.671389718040 -1.40022296904 -1.11898566291 0.314498014226 0.215783961866 1.24675226747 1.27312305831 -0.124242424836 0.651193972988 1.01196573850 0.557963764333 1.82884469046 -0.181505845466 0.521549650021 0.648591801759 1.00971494544 1.29933604967 0.876329677070 0.821530299283 -0.0828261446235 -0.561433246632 0.313195709012 -1.75052061913 1.25941300246 -1.09975869839 0.547072657282 0.222455755524 0.418263315836
# mat_params[1]:
 7.08404443969 10.0553567911
# mat_params[2]:
 6.69208274795 9.97904196495
# log_m_devs:
 -0.0883006463964 0.0679673423656 0.0203333040309
# log_slx_pars[1]:
 1.57603666785 -0.265961440784
# log_ft_pars:
 -1.53530461716 -1.60589864929 -2.04920030774 -1.92026490181 -1.63004971703 -1.51386292500 -1.62499807327 -2.07136961671 -1.71308805453 -2.50697911459 -2.64571573931 -2.51454655924 -5.06561677728 -2.16672222260 -4.03044766229 -3.16335475263 -2.90748866112 -2.42706002254 -2.27889968900 -3.17831266681 -3.25708781066 -3.27505603104 -3.45990755602 -2.87358790344 -3.14770648359 -3.74024971443 -3.12133766415 -2.43257817714 -2.38780526336 -1.83067628221 -1.33900610333 -1.35912200178 -1.72269986447 -2.10239273661 -2.04584223666 -1.34536255949 -1.93581791622 -2.31912227293 -4.98417876478 -4.90382243592 -4.00101270671 -3.44319827870 -3.64914708494 -3.78419985459 -3.53120749225 -3.39962363573 -2.31355462059 -2.80940432152 -9.50898432348 -4.88993735289 -3.37418273738 -3.05506118674 -3.46879554842 -2.98158618029 -3.03004154444 -3.07151995135 -2.81778138680 -3.05663099199 -3.64459344836 -2.88574160316 -2.48827319250 -3.46473766534 -4.33922627882 -3.50869150083 -2.75004590633 -3.29918993341 -3.72330590844 -2.56641994112 -2.89754130803 -3.67438078472 -3.41153237473 -4.10306103972 -3.14888675153 -3.31584060385 -3.97973737279 -3.56585051398 -3.43927868138 -3.39854745465 -3.21634429075 -3.12535968914 -3.21390057358 -2.97397745552 -2.75788228564 -2.75918749517 -3.49498871451 -2.08202949602 -2.86733686147 -2.71230082910 -2.50491792938 -4.00111774254
