# Number of parameters = 204 Objective function value = -3580.33670676646  Maximum gradient component = 0.000322708505104224
# theta[1]:
-0.0172946451874
# theta[2]:
9.06237856034
# theta[3]:
8.76841356826
# theta[4]:
9.05545432855
# theta[5]:
0.871342498717
# theta[6]:
4.00000000000
# log_rinit_devs:
 -0.0903605034014 -0.0595335744173 0.0907280045222 -0.00361649501697 0.0627825683135
# log_rbar_devs:
 0.664853458414 0.494847543889 0.279961740755 0.367528380221 0.239246499503 0.715189396999 0.350569828372 0.348539108638 0.431877249089 0.608058008360 0.594244620593 0.615997922471 0.765175429138 0.866397339610 1.09939545870 0.919576674572 0.940706828869 0.728827263320 0.997243742980 0.700788482115 0.676187748300 0.748002774082 0.638387683175 0.339080143462 0.442851678573 0.476261026614 0.330328757439 0.806503038497 0.249890373608 0.0429833707089 -0.117949303446 0.161574982877 0.284127067846 -0.192471136993 -0.360389969746 -0.487675395280 -0.760202144645 -0.839535376108 -0.945383868795 -1.13117073572 -1.18037376264 -1.32908397695 -1.36300160281 -1.40957623821 -1.28053885149 -1.85568532176 -1.97561403797 -2.19815747896 -1.70734434123 -0.242668386787 1.35784537968 0.00538697754600 -1.35392367550 -0.364985838855 1.21123877196 0.485873706005 -0.566400053271 0.274257969411 1.97405897810 0.196191348366 -1.49803914333 -0.540017154619 2.00769044429 -0.390932879161 -1.15511028915 -0.895653180051 0.519389350905 0.431622710096 1.44597754269 1.46834394479 0.0444580075920 0.813564712414 1.12484554347 0.601408883097 1.94052981795 -0.340822390158 0.162444756146 0.0472547054771 0.135535732909 0.138964765052 -0.244402496826 -0.302293817620 -1.23167054373 -1.65066657239 -0.659837558110 -2.58004234999 0.656590027495 -1.71124388710 0.0120919478434 -0.269257496866 0.151351611203
# mat_params[1]:
 7.95540257797 10.2679242329
# mat_params[2]:
 8.20981031594 11.1983550678
# mat_params[3]:
 6.34419589549 9.01588611099
# log_m_devs:
 0.0849477597757 -0.122547715657 0.0375999558809
# log_slx_pars[1]:
 1.69623688696 -0.207689370937
# log_slx_pars[2]:
 1.79336907135 -0.255244726695
# log_ft_pars:
 -1.14634274578 -1.26952978096 -1.73365623047 -1.62115777039 -1.33692474586 -1.29801403690 -1.45746266303 -1.94011331023 -1.62368033954 -2.47436431740 -2.65527162199 -1.99848433019 -5.13265282454 -1.25638227452 -4.13139105905 -3.24614685469 -2.92825548910 -2.47652110440 -2.35724013043 -3.26613645222 -3.35063480380 -3.37813579711 -3.56389900037 -2.97305088269 -3.25078813454 -3.84388803409 -3.22294637379 -2.57745253752 -2.55475630528 -2.03102744245 -1.59331905285 -1.68676412357 -2.13268917164 -2.56313775497 -2.55797155947 -1.92755811121 -2.56771872923 -2.96486394523 -5.61746898161 -5.51199587309 -4.59367630401 -4.02467967731 -4.22057810031 -4.34989780836 -4.10150709230 -3.96489270186 -2.89521087534 -3.40205079392 -10.0942685836 -5.48537459566 -4.00246523792 -3.62244192617 -4.04227463276 -3.61466343223 -3.68101427619 -3.66278720048 -3.39946223340 -3.66822381027 -4.28063789702 -3.46333255627 -3.08222026262 -4.09865823490 -4.94712905423 -4.01395050888 -3.25430639622 -3.85730231690 -4.25199522545 -3.02320065995 -3.34120350328 -4.09602043453 -3.80656694475 -4.51280753776 -3.55017048562 -3.66393606868 -4.32377719822 -3.85234961102 -3.68266693546 -3.55543028884 -3.12534856214 -2.30836209471 -2.29141984763 -2.07876345770 -1.94056848026 -2.04187824458 -2.85797644559 -1.45180474493 -2.07541499025 -1.78419075855 -1.58870542157 -3.18055238323
