# Number of parameters = 201 Objective function value = -3687.89860145499  Maximum gradient component = 0.000246532143327695
# theta[1]:
-0.370597441959
# theta[2]:
8.05086102012
# theta[3]:
6.75445141651
# theta[4]:
7.21780463272
# theta[5]:
0.572858708383
# theta[6]:
4.00000000000
# log_rinit_devs:
 -0.0333707727935 -0.00871468913494 0.0836990306474 0.0418516564677 -0.0834652251867
# log_rbar_devs:
 1.53280639479 1.33548072676 1.12354688523 1.11754682124 0.941236352566 1.17115299899 0.766099142960 0.639820506744 0.541394381859 0.556214874127 0.469786814535 0.445509068089 0.549360360223 0.644651467512 0.852953824913 0.773013630710 0.856702280787 0.666867028601 0.813067277295 0.587726322557 0.586494296464 0.655740262456 0.592628967318 0.391675571139 0.477623378548 0.531216225274 0.457863951127 0.814135205561 0.412674929060 0.211098437291 -0.0418290330016 -0.0125778029635 -0.0363099256587 -0.453058454822 -0.668802084088 -0.923874196445 -1.27147346014 -1.37453735930 -1.42628163000 -1.49751585493 -1.48201004604 -1.55890772618 -1.56070616121 -1.58304400991 -1.48373179609 -2.00416787289 -2.22257490897 -2.52857729862 -2.07894393621 -0.636381902144 0.810529798838 -0.442233079647 -1.89872788666 -0.869236593445 0.738724465958 0.00162565539911 -1.04757611424 -0.174774512101 1.53087553920 -0.317598230194 -2.08844305562 -0.937176318735 1.73476505073 -0.751323474649 -1.46504507671 -1.15870033920 0.332190755290 0.187802667740 1.24192297988 1.27489242941 -0.179075116710 0.605484845259 0.974868846173 0.467499508108 1.79218701187 -0.360656500901 0.325008339941 0.387332254192 0.661060426508 0.816232664392 0.394748048615 0.352192653888 -0.468873103024 -0.851918152379 0.156053263191 -1.75637528902 1.47125331454 -0.724662149639 1.15078987353 0.987300638790 0.426271036289
# mat_params[1]:
 7.24896429639 10.3846150839
# mat_params[2]:
 5.55055403005 8.28947920681
# log_m_devs:
 0.114311891288 -0.114311891288
# log_slx_pars[1]:
 1.27710638343 -0.498195604098
# log_slx_pars[2]:
 1.67063112497 -0.227431100013
# log_ft_pars:
 -1.73141133299 -1.79186903561 -2.17017081800 -1.98169499893 -1.64325623025 -1.49707844954 -1.53890056431 -1.87201802851 -1.41191964887 -2.12961953170 -2.20919302905 -4.41102268038 -4.59473719921 -3.97223307424 -3.57822663723 -2.65259866369 -2.30334882466 -1.83395348366 -1.68209805391 -2.59476215136 -2.69548002372 -2.75448833701 -2.98637308174 -2.41657669312 -2.71656164316 -3.37185715067 -2.80399410219 -2.16477741662 -2.14743761900 -1.55580493958 -1.00980371438 -1.00166555759 -1.36283658843 -1.72420209384 -1.62701316656 -0.853848904416 -1.37248322017 -1.74893409240 -4.47656999479 -4.48530531614 -3.66413300430 -3.17877645139 -3.46540392565 -3.64895620636 -3.41977512576 -3.30453774109 -2.17488021680 -2.62604266085 -8.56891936798 -3.68147442895 -1.76713375234 -1.52714154051 -2.12638864831 -1.79274651961 -1.67870120703 -1.66751222361 -1.47389372783 -1.80311709337 -2.26306167162 -1.49246052293 -1.21036831920 -2.35858826409 -3.10040329954 -2.24115154004 -1.61879307366 -2.36088557948 -2.77340739444 -1.47148675057 -1.58335445969 -2.33318166800 -2.17625874282 -2.99289911123 -2.05042610026 -2.18359164905 -2.72111341802 -2.34620202815 -2.29294528275 -2.30113937908 -2.01495491241 -1.73616589384 -1.85040615879 -1.70737419891 -1.60161942784 -1.72344459031 -2.58530609189 -1.24192056312 -1.89073578725 -1.80502965668 -1.77676156587 -3.51621289347
