# Number of parameters = 206 Objective function value = -3688.79624204900  Maximum gradient component = 0.000495995563364227
# theta[1]:
-0.356219461146
# theta[2]:
6.80996122381
# theta[3]:
6.68682927537
# theta[4]:
7.24881752315
# theta[5]:
0.515678286674
# theta[6]:
4.00000000000
# log_rinit_devs:
 0.287168824228 0.148471714180 0.103194183445 -0.0731650844387 -0.465669637414
# log_rbar_devs:
 0.828732616485 0.636334163601 0.448071925844 0.545294207991 0.440847307297 0.756008931375 0.401310944925 0.365128326036 0.388665848918 0.510173456322 0.530984787823 0.506670298369 0.522489846638 0.628301786223 0.740173738023 0.785376792505 0.985787976899 0.784749631770 0.948665261531 0.717513901703 0.714096614418 0.785453742095 0.714354661385 0.497300650427 0.589268906263 0.642926247409 0.554879964122 0.929265756016 0.497357753981 0.277073199694 0.00909681286942 0.0524568563570 0.0402699595716 -0.399192155530 -0.638431857290 -0.918155317014 -1.27617470829 -1.38221572542 -1.43485931230 -1.51835269810 -1.51138103436 -1.59948658088 -1.60608875176 -1.63685265484 -1.53404406588 -2.07795358351 -2.29641471973 -2.58928324523 -2.12070209909 -0.670873047367 0.757321870823 -0.506308604034 -1.94727706319 -0.921915412328 0.673051472922 -0.0556189029941 -1.09879476449 -0.230971483959 1.45244374827 -0.373265803291 -2.11281877123 -0.979366181240 1.67699280667 -0.776937084076 -1.48420400044 -1.16874267526 0.315423643347 0.182478780714 1.23531655818 1.27192444267 -0.157110630756 0.637674613566 1.02127759927 0.555111585027 1.85978723050 -0.184384788141 0.547367303794 0.687789207730 1.05638772314 1.34316121544 0.906887922842 0.853149295514 -0.0678694875361 -0.530054904056 0.445988331363 -1.61588471556 1.63117553604 -0.796102225498 1.01126565355 0.766854621264 0.554175017154
# mat_params[1]:
 6.95811225768 9.98232052402
# mat_params[2]:
 7.18923157267 10.4526608856
# mat_params[3]:
 5.53577454792 8.26439103312
# log_m_devs:
 -0.131881376997 0.0733920955209 0.0584892814757
# log_slx_pars[1]:
 1.03926540997 -0.730440455303
# log_slx_pars[2]:
 1.32138345400 -0.589657186242
# log_slx_pars[3]:
 1.68563991658 -0.209467874586
# log_ft_pars:
 -1.26315747741 -1.33641467122 -1.73406254531 -1.62182034176 -1.34517513666 -1.31657783462 -1.40276998607 -1.81902359631 -1.47743337791 -2.35079596857 -2.56537903730 -1.00094662295 -4.87740916825 -0.845086190444 -3.77481715804 -2.96924738385 -2.33134392339 -1.86496635191 -1.70578682209 -2.62601196817 -2.72809360078 -2.77921468728 -3.00940220263 -2.44447655386 -2.73531489622 -3.37882034419 -2.80801168826 -2.14760774670 -2.14529971039 -1.56254923299 -1.01200175116 -0.981083402379 -1.32425660044 -1.69710321263 -1.60240063371 -0.813543110383 -1.31057583981 -1.66625067993 -4.37837973714 -4.38019718217 -3.54755233195 -3.05169784277 -3.32113491457 -3.49678616422 -3.26561781661 -3.16249059226 -2.02328185495 -2.47085652082 -8.45338163780 -3.57188069442 -1.62421387441 -1.38671609060 -2.00845140373 -1.70199009326 -1.57490987472 -1.54605632574 -1.34694476230 -1.69549899987 -2.13968125356 -1.35229736100 -1.07106770791 -2.25503522916 -2.99694186464 -2.12483130121 -1.50775137040 -2.28776397578 -2.72783763426 -1.41933537730 -1.50497267294 -2.25432447251 -2.11136974693 -2.95531239417 -2.03184994861 -2.18402493617 -2.72533495689 -2.36630902504 -2.34110820305 -2.40142313486 -2.18704995052 -2.00410444452 -2.06435617289 -1.87252858132 -1.72007868170 -1.78865538675 -2.57772743586 -1.18204867394 -1.79836904140 -1.64232453657 -1.51578990281 -3.13883255302
