# Number of parameters = 200 Objective function value = -3511.04673684350  Maximum gradient component = 0.000775533725310640
# theta[1]:
-0.206475853024
# theta[2]:
7.83724083359
# theta[3]:
7.24147723086
# theta[4]:
7.67198419424
# theta[5]:
0.427379853596
# theta[6]:
4.00000000000
# log_rinit_devs:
 0.0609615781920 0.0627797647591 0.112962160500 -0.0236516366603 -0.213051866790
# log_rbar_devs:
 1.01349679396 0.848397450200 0.667974323865 0.707801442546 0.560508339631 0.877953613066 0.534057242560 0.499425554950 0.526661291802 0.657430905254 0.627343177274 0.633561392883 0.750409052831 0.826454232124 1.00521295700 0.868564366233 0.880175543349 0.692512161197 0.883947009280 0.652030576070 0.640139986346 0.702046562168 0.616087283498 0.387940578090 0.472374488900 0.502444960173 0.376890821880 0.727187918179 0.239932439417 -0.0183132974516 -0.279676889350 -0.205243765311 -0.208379594199 -0.672883128726 -0.936778416428 -1.18165702692 -1.49061340556 -1.57724588966 -1.64861248923 -1.76509886995 -1.78995001826 -1.88632798268 -1.89469615267 -1.91871805730 -1.80051782345 -2.27037547447 -2.37912778509 -2.56393505329 -2.03458604062 -0.569848279215 0.975561784111 -0.343579737595 -1.74564434612 -0.729921071543 0.850073143560 0.134444703899 -0.903123576946 -0.0403149976354 1.61096156327 -0.148112423353 -1.85374094234 -0.819163292180 1.73272672715 -0.655299546833 -1.38322075237 -1.09101069013 0.358942904136 0.246413995529 1.27993821378 1.30501127223 -0.104429511756 0.673498031643 1.04116670179 0.576044013433 1.86324117678 -0.163547992338 0.550430790453 0.686238077484 1.05801888936 1.35897387153 0.936924255965 0.884471414804 -0.0271609830716 -0.477542404850 0.491321343608 -1.52878380233 1.74001580268 -0.712210627114 1.00249761465 0.662594573687 0.420918808082
# mat_params[1]:
 7.35337226212 10.1384398877
# mat_params[2]:
 6.53949878364 9.65885594188
# log_m_devs:
 -0.0527245678453 0.0303501367788 0.0223744310665
# log_slx_pars[1]:
 1.49436667780 -0.320310516181
# log_ft_pars:
 -1.13575693981 -1.22234638387 -1.67072310667 -1.54238246267 -1.24431994778 -1.12743797636 -1.23691124243 -1.67918732114 -1.31947765037 -2.14155130231 -2.31886634492 -1.26918454645 -4.72114191088 -1.33655949603 -3.69123645799 -2.81531898305 -2.49110743030 -2.03597588902 -1.88865389836 -2.80266771538 -2.90785507603 -2.94911897271 -3.15985811902 -2.59616380083 -2.88747152088 -3.50245220994 -2.90454422655 -2.21233191406 -2.17460139625 -1.60869105769 -1.07986806766 -1.04385390242 -1.35828926297 -1.71713883605 -1.64049557663 -0.872799892356 -1.39976727565 -1.76584953375 -4.46004992146 -4.42598245146 -3.56070550929 -3.03372974854 -3.26718867393 -3.43287114067 -3.21343263715 -3.11359203817 -2.04226998254 -2.56787231979 -9.30958685881 -4.65303222973 -3.09042770029 -2.79848197440 -3.18921394881 -2.67544059310 -2.73747689519 -2.81365942602 -2.54632820690 -2.76127958539 -3.36420405289 -2.63984703664 -2.21170732648 -3.15805495103 -4.06115285907 -3.28734333777 -2.50208236158 -3.01746447196 -3.46175777171 -2.33368317332 -2.64707858886 -3.43042836930 -3.17175975108 -3.84449944587 -2.89172409662 -3.07120243182 -3.72473432655 -3.33496676768 -3.19268739255 -3.14342799015 -2.97798409554 -2.89918516365 -2.99666735516 -2.75141522780 -2.53449468600 -2.52953893000 -3.28167858715 -1.91593239380 -2.87675463234 -2.81119786488 -2.60556547127 -4.09942319206
