# Number of parameters = 208 Objective function value = -3599.18976309410  Maximum gradient component = 0.00145473408624997
# theta[1]:
-0.182414429895
# theta[2]:
7.23356218264
# theta[3]:
7.73132789629
# theta[4]:
8.12011422297
# theta[5]:
0.449246608367
# theta[6]:
4.00000000000
# log_rinit_devs:
 0.239948734937 0.132175394773 0.0995378224072 -0.0769263147247 -0.394735637393
# log_rbar_devs:
 0.155048204989 0.0207784266051 -0.114406374821 0.0343527055036 -0.0109328688753 0.387880543739 0.141516266177 0.201091580705 0.316118005467 0.516190056901 0.533625200449 0.478993045881 0.416872341974 0.503894496944 0.647467129363 0.698674782567 0.948731799990 0.750411186281 0.941803726491 0.709997546086 0.696306258199 0.753418736794 0.665311682527 0.436027031850 0.519101702258 0.542092569614 0.410701816735 0.750306236479 0.257145794041 -0.000550954829167 -0.237439022212 -0.126357049306 -0.108997223124 -0.563373399780 -0.801231689618 -0.996729407332 -1.25824201838 -1.32795881051 -1.40331991390 -1.53568126732 -1.57036265030 -1.67604098236 -1.69166345621 -1.72152020572 -1.61455428682 -2.08555278786 -2.17939900060 -2.34447737487 -1.78741989021 -0.341924495137 1.22011742345 -0.105984244490 -1.53754696919 -0.514682367142 1.10263899801 0.362540927196 -0.694936976128 0.170109704243 1.89142248937 0.0739910905883 -1.68186396044 -0.613417551950 2.01527834400 -0.464135265288 -1.20616119097 -0.925223747287 0.542470928861 0.425584433717 1.47784254188 1.50701473179 0.0454119195798 0.827000575278 1.17150945762 0.651815172560 1.96271017523 -0.233067645029 0.402334183115 0.423370224374 0.650526314154 0.754572799775 0.402604789414 0.417307011765 -0.291737233804 -0.586797636216 0.453440966659 -1.38962231580 1.84722681915 -0.573404864739 1.07304597121 0.625529885903 0.385440345076
# mat_params[1]:
 7.34654723189 10.2788996219
# mat_params[2]:
 6.98228590011 9.93269995213
# mat_params[3]:
 7.72900454156 11.5464520453
# log_m_devs:
 -0.186872737353 0.0571784095848 0.168366041197 -0.121318120527 0.0826464070978
# log_slx_pars[1]:
 1.14341187258 -0.255176407323
# log_slx_pars[2]:
 1.60603323551 -0.325826375458
# log_slx_pars[3]:
 1.74101258582 -0.289402674513
# log_ft_pars:
 -1.41164875813 -1.53831392368 -1.98697963033 -1.92222849734 -1.71248078233 -1.77036675277 -1.95713370043 -2.46619381861 -2.21915222278 -3.16589016859 -3.40185246555 -0.602088351215 -5.58541767835 -0.796868136445 -4.48335222848 -3.68352899747 -2.51714585729 -2.05456662918 -1.91207776068 -2.82447121231 -2.92876659194 -2.96492787853 -3.16657227726 -2.60370989783 -2.89686728976 -3.50183823103 -2.89602143350 -2.19750759943 -2.15906833288 -1.61706964018 -1.12339268727 -1.10872585307 -1.43365576093 -1.80798531520 -1.76303905124 -1.04710854929 -1.61825849196 -2.00710129700 -4.69462514629 -4.64051937108 -3.76027143615 -3.22229563251 -3.43973169732 -3.59663413421 -3.37128311519 -3.26620069805 -2.20828814207 -2.74692353223 -9.47735375296 -4.74530813380 -3.15497685765 -2.87516972113 -3.33512075705 -2.84834406094 -2.84425277984 -2.89460988076 -2.67575727675 -2.90873475897 -3.47314917626 -2.74165884259 -2.39302909725 -3.36528617295 -4.18551665386 -3.37913174030 -2.67354317708 -3.22240891312 -3.56841030119 -2.37023756923 -2.68660733179 -3.47080981148 -3.23497306140 -3.93051908068 -2.93859283340 -3.07516087958 -3.69783817470 -3.28337603689 -3.14629155080 -3.02820937019 -2.69692243724 -2.43567363786 -2.63768283080 -2.52215960977 -2.43241902376 -2.58038375587 -3.46181636390 -2.20716940451 -2.59956230879 -2.38580144233 -2.21396456687 -3.77655500992
