# Number of parameters = 206 Objective function value = -3672.60498794009  Maximum gradient component = 0.000102111290699698
# theta[1]:
-0.346544076946
# theta[2]:
7.44032050624
# theta[3]:
6.54006294989
# theta[4]:
7.09662924626
# theta[5]:
0.512240115028
# theta[6]:
4.00000000000
# log_rinit_devs:
 0.124053207553 0.0727909433256 0.0899479610105 -0.0272857480385 -0.259506363851
# log_rbar_devs:
 1.35683343365 1.16478663476 0.974102247349 1.01241614938 0.860855606715 1.12887480173 0.741579159348 0.658435550002 0.611347327649 0.682684406574 0.624828145281 0.564831609888 0.640526586360 0.707413934262 0.879436346663 0.797799410125 0.851456294171 0.666344748253 0.815909151070 0.582735369227 0.583019250383 0.656758172238 0.595289856465 0.391893301382 0.481538763432 0.540111189852 0.468698807867 0.841962979625 0.434164646001 0.237996787024 -0.0195217421122 -0.00105211869404 -0.0373374813922 -0.471777957951 -0.694309438435 -0.979316704504 -1.37689772417 -1.51237387606 -1.57749815942 -1.64538693033 -1.62629170241 -1.70211834818 -1.70287578779 -1.72721028833 -1.61645274496 -2.13102626085 -2.33864943018 -2.63477451434 -2.15309049885 -0.695501175510 0.726021471014 -0.531360577711 -1.97382787950 -0.947923683225 0.643964535844 -0.0846504559624 -1.12618178783 -0.256627823858 1.42150980410 -0.407148758375 -2.15522372937 -1.01130055082 1.64298658314 -0.806102362222 -1.51063182463 -1.19259963719 0.294006890182 0.159140138397 1.21141114211 1.24647599858 -0.180083902560 0.610687372134 0.996959022414 0.530158317858 1.83192128912 -0.206392600886 0.524755613284 0.668509044155 1.03883118636 1.32475797748 0.886133418320 0.828416298340 -0.0922214984608 -0.560862533362 0.396807941726 -1.68586061110 1.52316421950 -0.901828891077 0.927890974951 0.733952439725 0.551199647144
# mat_params[1]:
 7.06899654205 10.0106915531
# mat_params[2]:
 7.08226495848 10.4398957632
# mat_params[3]:
 5.35376621770 8.05349062658
# mat_params[4]:
 5.12261000605 7.63118970543
# log_m_devs:
 0.00000000000
# log_slx_pars[1]:
 1.23246102078 -0.574822588035
# log_slx_pars[2]:
 1.67344404207 -0.179829598740
# log_slx_pars[3]:
 1.63698226390 -0.370709220193
# log_ft_pars:
 -1.38292006622 -1.46148960495 -1.86109467003 -1.70587952254 -1.39381100613 -1.28214035251 -1.35318942130 -1.72261181117 -1.30763043537 -2.09119361848 -2.23438767779 -1.32903593305 -4.54364034549 -1.45182170019 -3.48346735199 -2.59721111410 -2.25911630639 -1.78794206047 -1.63036337880 -2.54272219150 -2.64647676344 -2.70976568950 -2.94615342699 -2.37919980364 -2.68031480317 -3.33964692917 -2.77514222336 -2.13729508121 -2.12275468430 -1.52914386981 -0.976217932762 -0.952697394364 -1.29814870366 -1.65041710123 -1.54565949600 -0.747892999768 -1.22431483039 -1.56945811395 -4.28744174607 -4.30170123944 -3.48345019658 -2.99838285921 -3.28260304757 -3.46807015172 -3.24543051460 -3.13366545439 -1.99860721702 -2.45408115739 -8.40794299480 -3.53917621057 -1.59492075862 -1.34460299401 -1.94973306379 -1.63617865359 -1.52399016905 -1.50179398277 -1.28969981828 -1.63258440217 -2.09348416552 -1.30591463355 -1.00383059143 -2.18016616878 -2.94688260171 -2.08357985751 -1.45044286512 -2.22151040574 -2.68009750745 -1.38701660512 -1.47281656540 -2.21939353485 -2.06975965809 -2.90981314573 -1.99181894910 -2.14919224834 -2.69263810651 -2.33143749547 -2.30083818895 -2.36125806783 -2.15694949763 -1.97920941815 -2.03661227886 -1.83961308318 -1.68330098960 -1.74851909728 -2.53918123221 -1.14224851424 -1.69378561863 -1.54323666912 -1.43637208845 -3.04619112030
