# Number of parameters = 202 Objective function value = -3657.11496355595  Maximum gradient component = 7.68723120034191e-006
# theta[1]:
-0.223110242553
# theta[2]:
9.02026461955
# theta[3]:
7.75979549638
# theta[4]:
8.12941760014
# theta[5]:
1.14351650585
# theta[6]:
4.00000000000
# log_rinit_devs:
 -0.134792026637 -0.0612584855793 0.0898922726916 0.0518766953728 0.0542815441520
# log_rbar_devs:
 1.42388426286 1.23707016892 1.00994242646 0.989697053798 0.802120656454 1.07541795919 0.677179079037 0.566088474750 0.524905282528 0.596029167927 0.537797102260 0.498037692508 0.558464004616 0.612976112807 0.804074927493 0.691022867326 0.757202853903 0.564047197914 0.766314012248 0.558095923946 0.563715839774 0.639839047190 0.574425328402 0.366221688677 0.472322006985 0.524497653995 0.430099042761 0.789060688983 0.324315816971 0.0825888838594 -0.132693180291 0.0183219346613 0.0764232475315 -0.335110366925 -0.517098984116 -0.650738823807 -0.854357747624 -0.863579062722 -0.882089222244 -0.969157710830 -0.952599908064 -1.03194983245 -1.02478471679 -1.03253559981 -0.939646473764 -1.47932541624 -1.68018232602 -1.99093108506 -1.66990439895 -0.277947191467 1.24762363905 -2.76053957586e-005 -1.42883155440 -0.429668481690 1.16088549066 0.427727083229 -0.628601870569 0.223891949610 1.94707181534 0.112006139663 -1.66952516822 -0.614750714844 1.99938587208 -0.486892480882 -1.24405149728 -0.986757149883 0.470378045827 0.353116671745 1.37838206498 1.40390392134 -0.0443364808312 0.725716092206 1.06085252522 0.516109152422 1.95532382574 -0.398205941904 0.161224475624 -0.0187675942784 -0.0230771205976 -0.149025841782 -0.534255920212 -0.580392784202 -1.44427883332 -1.84002324137 -0.823845051086 -2.71850943404 0.544834467560 -1.90662588736 -0.141254502734 -0.422412480623 0.0181180456387
# mat_params[1]:
 8.05551550404 10.7709235201
# mat_params[2]:
 7.12884724207 10.2503230363
# mat_params[3]:
 5.18225810064 7.66581812384
# log_m_devs:
 0.212566281003 -0.252175798193 0.0396095171900
# log_slx_pars[1]:
 1.63034610457 -0.229525735341
# log_ft_pars:
 -1.45117152545 -1.50916569610 -1.91775748711 -1.74561859072 -1.40313961763 -1.24663824540 -1.29995184307 -1.67835355286 -1.25211667290 -1.98577330044 -2.08001453267 -3.14381267440 -4.44768187903 -1.55883169274 -3.30774815742 -2.38051410535 -2.04129118376 -1.58326512882 -1.45318042299 -2.37604831175 -2.49461682235 -2.55481686364 -2.78133976582 -2.22405037796 -2.53854444195 -3.17961329218 -2.60057613490 -1.94828258405 -1.92791050839 -1.37904382073 -0.878019976120 -0.900474614785 -1.29775294201 -1.71017323551 -1.68714759962 -1.01140371434 -1.64263654816 -2.09628186769 -4.84467669336 -4.84121545384 -4.01585021099 -3.53083438815 -3.80957914477 -3.99987303899 -3.78502795435 -3.68095131202 -2.60716964196 -3.09403451675 -9.72404274076 -4.94074950123 -3.28767049074 -2.93230883525 -3.34265729682 -2.88521762293 -2.95492877442 -2.97403392015 -2.71470692417 -2.96055310798 -3.58481365226 -2.80020495047 -2.40839422340 -3.38724818750 -4.25520563479 -3.37715089650 -2.61515564416 -3.17029301938 -3.55077142138 -2.33665450006 -2.64062514926 -3.39966209590 -3.11935284680 -3.80887003420 -2.84121480081 -2.96207501430 -3.64929344533 -3.21480092637 -3.05315313909 -2.90154924656 -2.45257940928 -1.98809957374 -2.08668607757 -1.91028257132 -1.77971654089 -1.87654404274 -2.72099392153 -1.37126617303 -2.08017541122 -1.80490476078 -1.55819386407 -3.07808465639
