# Number of parameters = 205 Objective function value = -3684.21609106268  Maximum gradient component = 0.000189040337911908
# theta[1]:
-0.326533476447
# theta[2]:
7.49178854429
# theta[3]:
6.60276464233
# theta[4]:
7.16919795945
# theta[5]:
0.477027121702
# theta[6]:
4.00000000000
# log_rinit_devs:
 0.0708848566903 0.0262718539174 0.0799529189257 0.00414959617828 -0.181259225712
# log_rbar_devs:
 1.31291808227 1.11075426694 0.895866319190 0.939210885510 0.796056223639 1.07313168687 0.673646150346 0.573693767197 0.516700491419 0.542895399630 0.474164225753 0.441260741715 0.544561915862 0.652766097445 0.848897258079 0.777016284716 0.847931683342 0.645064536687 0.798809297934 0.569808177389 0.574246812073 0.653330091224 0.592604828513 0.386173471204 0.485820953416 0.551186090621 0.476223917456 0.856217227866 0.437784404588 0.224673008836 -0.0481653781203 -0.0217572451911 -0.0450726143835 -0.483341294695 -0.726120406444 -1.03057958552 -1.41562407035 -1.53465126762 -1.58148639954 -1.64825836818 -1.62731367642 -1.70207334853 -1.69689982914 -1.71606433970 -1.60017984535 -2.12300678696 -2.32815027327 -2.60726975259 -2.11816605705 -0.666981532735 0.755606896774 -0.504332694854 -1.94661740966 -0.921368307425 0.672092924237 -0.0576429616660 -1.10107733814 -0.231600930752 1.45066101934 -0.379083060621 -2.12272436270 -0.983405838026 1.67485298969 -0.779081287359 -1.48498243535 -1.16739898029 0.318393986740 0.183194527406 1.23583625164 1.27212096638 -0.156820765176 0.637005975039 1.02173371810 0.555132450800 1.86002727311 -0.182981286837 0.548993681007 0.691199602338 1.06054111431 1.34695198148 0.910020017557 0.854100758725 -0.0657602333056 -0.526944313703 0.448918109436 -1.61323229347 1.63026370541 -0.798649609914 1.01122264592 0.772691822504 0.559889465337
# mat_params[1]:
 6.97969207566 10.0030764387
# mat_params[2]:
 7.12777571738 10.4384880080
# mat_params[3]:
 5.43665468931 8.14005000144
# log_m_devs:
 -0.00674197190954 0.00674197190954
# log_slx_pars[1]:
 1.02730348259 -0.677580112118
# log_slx_pars[2]:
 1.29942851543 -0.620290964320
# log_slx_pars[3]:
 1.67600519379 -0.208409999022
# log_ft_pars:
 -1.67927640640 -1.73877760611 -2.10351419248 -1.94381604863 -1.62557860865 -1.55974528524 -1.59384333335 -1.94218526819 -1.51977642587 -2.29640656632 -2.40870519068 -2.60656501279 -4.80550539887 -2.28799303573 -3.81060413133 -2.89301194820 -2.17409581305 -1.71217574265 -1.54735995556 -2.46662802886 -2.57604763884 -2.63713744594 -2.87844193021 -2.32164151178 -2.62160539820 -3.27895708734 -2.72034687346 -2.06802095534 -2.07314930719 -1.49203883072 -0.936721663501 -0.894897204105 -1.22765570059 -1.59615897217 -1.49892522975 -0.691325626774 -1.15779310455 -1.49841691490 -4.21759985342 -4.23791895543 -3.42143029545 -2.93944440256 -3.22248979093 -3.41197663209 -3.19468861980 -3.10449415454 -1.97447973539 -2.43770322292 -8.44818519480 -3.56398326006 -1.60743342312 -1.37033504461 -1.98951723234 -1.67790035767 -1.55008073692 -1.52595641054 -1.32551597070 -1.67006994439 -2.11544618305 -1.33190138378 -1.04652765069 -2.22513753446 -2.97040129425 -2.10677003138 -1.48909798595 -2.26383575713 -2.70649078000 -1.40389662648 -1.48901322821 -2.23799453524 -2.09594467627 -2.93857126358 -2.01503929686 -2.16910969285 -2.71016049493 -2.35304038008 -2.32766420312 -2.38647417620 -2.17445228939 -1.99360128772 -2.05434536158 -1.86122115561 -1.70715234386 -1.77409998625 -2.56319481466 -1.16918025307 -1.78226400106 -1.62690863234 -1.49748419291 -3.11928881226
