# Number of parameters = 202 Objective function value = -3558.11830130878  Maximum gradient component = 0.000974985137203309
# theta[1]:
-0.0998533144076
# theta[2]:
8.90781420778
# theta[3]:
8.00052813217
# theta[4]:
8.34662177543
# theta[5]:
0.416640132883
# theta[6]:
4.00000000000
# log_rinit_devs:
 -0.141530958343 -0.0981165787907 0.0597077481976 0.0404093344083 0.139530454528
# log_rbar_devs:
 1.14993872521 0.951340271346 0.715833474748 0.770744098062 0.626543773496 1.04035927885 0.636514906879 0.581699286521 0.584150167757 0.693363072291 0.633740886846 0.621892566400 0.744353805735 0.831666715024 1.05546780062 0.895648117027 0.975201298124 0.753368614157 1.01037655358 0.731554351488 0.720992021205 0.800321679395 0.700668467114 0.422290921671 0.531894024016 0.568753651978 0.421496245282 0.874502620172 0.301031414438 0.0476630994175 -0.173400726048 0.0288387992194 0.0947603415840 -0.415346323216 -0.642845021551 -0.825446374952 -1.12004952649 -1.20780881094 -1.31437892883 -1.49304636879 -1.54974415553 -1.69415978870 -1.72879158725 -1.77753232176 -1.65741022476 -2.23206410506 -2.36904226127 -2.58837728590 -2.08490759603 -0.620573831032 0.930038961290 -0.410459510679 -1.78812247508 -0.781149483977 0.794981937597 0.0812463202673 -0.963127216655 -0.109327223560 1.55638065050 -0.198748975824 -1.87130904945 -0.881029266348 1.66785725742 -0.714404973350 -1.45567610659 -1.17075471943 0.258926627542 0.156879242326 1.17788279062 1.20436835621 -0.207478277908 0.574225185857 0.915132801339 0.435882689811 1.70983735002 -0.380325459288 0.262534566986 0.324911546088 0.596792884629 0.749729329781 0.376480279324 0.356198712363 -0.409777814667 -0.747229968654 0.284716406653 -1.52578467904 1.76485164666 -0.612889532527 1.04201272676 0.640403744777 0.343276906619
# mat_params[1]:
 7.46888699958 10.1382380368
# mat_params[2]:
 7.10672253281 10.0925319275
# log_m_devs:
 0.0441449796340 -0.137826924254 0.0936819446197
# log_slx_pars[1]:
 1.37456069688 0.0225709560554
# log_slx_pars[2]:
 1.63417520705 -0.304285786021
# log_ft_pars:
 -2.19895206457 -2.29254972905 -2.66905718333 -2.50516845228 -2.19829645789 -2.19961233383 -2.29090493261 -2.68176384338 -2.30590650991 -3.12387505461 -3.24536764024 -6.08578891720 -5.65030767234 -6.30115534176 -4.66953490712 -3.71487378652 -2.56395824809 -2.12124081949 -1.99900493064 -2.91402000705 -3.01899080366 -3.05564705108 -3.25458489187 -2.68776757703 -2.97402206324 -3.57116851723 -2.96281711090 -2.29399020589 -2.27330737365 -1.75189070697 -1.27878626173 -1.28669259274 -1.64459395010 -2.04055578154 -2.01069860812 -1.31999570372 -1.89696743801 -2.26753880340 -4.91661183428 -4.82082330482 -3.90381083866 -3.33119420200 -3.51456129219 -3.64185278833 -3.39425838139 -3.26426113688 -2.17984095096 -2.67416757853 -9.34922941634 -4.64075769187 -3.03141914820 -2.77670258932 -3.29302415896 -2.86347778123 -2.80986618045 -2.83336011415 -2.63460884239 -2.90304572107 -3.39814194060 -2.64997841405 -2.33975382480 -3.37591673097 -4.11908456451 -3.27271910207 -2.60018013781 -3.22307177841 -3.58143737432 -2.34813216973 -2.61475264226 -3.38788098358 -3.17668311295 -3.91350348738 -2.93502384027 -3.08078443697 -3.68410845111 -3.28341419236 -3.18449783880 -3.12448101552 -2.83235992282 -2.60760853673 -2.76479307386 -2.61874317647 -2.50123475619 -2.61883776647 -3.46437303893 -2.16440699935 -3.08433995738 -2.89586133503 -2.70287794990 -4.18141089866
