# Number of parameters = 94 Objective function value = -354.074771432716  Maximum gradient component = 5.33501544086311e-005
# theta[1]:
-0.804117164470
# theta[2]:
3.43820998398
# theta[3]:
5.38373463872
# theta[4]:
5.59493199697
# theta[5]:
1.04518690859
# theta[6]:
4.00000000000
# log_rinit_devs:
 2.91355128697 1.75601397151 0.0811869550862 -2.24565118567 -2.50510102789
# log_rbar_devs:
 -0.286450571980 -1.60434333594 -0.629976275314 0.925389438486 0.130620436304 -1.10173335406 -0.123606780862 1.72404763686 -0.295212599234 -1.94132269244 -1.00146259626 1.82750712441 -0.649061514606 -1.49373060224 -1.10969381556 0.347411025581 0.0930731653839 0.915060771814 0.798143466364 -0.776794661760 0.147643442055 0.461118306213 0.0669204052403 1.27593145574 -0.551188937459 0.0568046350901 0.270938992730 0.610644421770 0.814059368662 0.535430865227 0.505257121890 -0.371739929111 -0.736643181134 0.220495933835 -1.59610820098 1.51620809719 -0.850886353600 0.850835289516 0.813419541316 0.212994460857
# mat_params[1]:
 3.50000000000 4.55000000000
# log_m_devs:
 0.197532716278 -0.283302936603 0.0857702203258
# log_slx_pars[1]:
 1.44729827659 -0.307034104428
# log_ft_pars:
 -1.47894918542 -1.94256683433 -1.50188945700 -1.45144553363 -1.51766368815 -1.23787760338 -1.42260192467 -1.98540860957 -1.31578172209 -0.914718643821 -1.85661378022 -2.73111775777 -2.03438372331 -1.31735484065 -1.89501164357 -2.34004247060 -1.11581719077 -1.09059263973 -1.69900861500 -1.41042765258 -2.27867437210 -1.41988871568 -1.66080080077 -2.22101911315 -1.94079380628 -1.93162720084 -2.01855838129 -1.87979478863 -1.72030395118 -1.78087742497 -1.57225595488 -1.42812931756 -1.52557681649 -2.41221325503 -1.10601656746 -1.73826312833 -1.51733135249 -1.21247647384 -2.77367539886
