# Number of parameters = 205 Objective function value = -3671.89877068541  Maximum gradient component = 0.000635076084449508
# theta[1]:
-0.320960147478
# theta[2]:
7.79166524551
# theta[3]:
6.62182907389
# theta[4]:
7.18791420505
# theta[5]:
0.473505758703
# theta[6]:
4.00000000000
# log_rinit_devs:
 0.0214461968353 0.0215291261976 0.0911596508288 0.0298582365979 -0.163993210460
# log_rbar_devs:
 1.47202375607 1.27843265992 1.07591168554 1.08766490894 0.923135766846 1.15681332209 0.763118140726 0.652472117090 0.567419948662 0.596055604978 0.512398046751 0.461728932168 0.524870770164 0.559244738823 0.721052093796 0.654710992093 0.740410366698 0.552075165096 0.685310922531 0.458105827431 0.461518524500 0.535335106229 0.480846142413 0.289649748220 0.379706177036 0.442562253491 0.381836368643 0.742242413653 0.356273654622 0.165653114970 -0.0914722070602 -0.0862103084240 -0.128584253195 -0.547297794052 -0.765469486738 -1.05030787712 -1.44042276533 -1.56882659204 -1.62263278725 -1.67644549070 -1.64658590864 -1.70969332437 -1.70051398379 -1.71373288566 -1.59892844504 -2.08543819407 -2.27575896134 -2.56031754767 -2.10110035175 -0.660496909075 0.778185951810 -0.478628757246 -1.92893182440 -0.902391495857 0.695870974331 -0.0316693577355 -1.07272860705 -0.210238592612 1.47741756463 -0.351447975688 -2.11260095451 -0.957352645875 1.70142651136 -0.758335850652 -1.46533769394 -1.15487546568 0.333902071070 0.202203050759 1.25811014054 1.29101334018 -0.143062792354 0.644016363521 1.02606113251 0.546948939651 1.85110789583 -0.229684159279 0.479637070183 0.606688331330 0.983989437667 1.32875784378 0.892271812327 0.839961541389 -0.0570830989962 -0.494744420909 0.494946895050 -1.55027545929 1.69436409396 -0.666684043330 1.20306480518 1.02687300620 0.560911225281
# mat_params[1]:
 7.09974669915 10.3117626919
# mat_params[2]:
 5.54106250885 8.38978643376
# mat_params[3]:
 5.37639221827 7.79096976671
# log_m_devs:
 -0.00795364459124 0.00795364459124
# log_slx_pars[1]:
 1.23444316267 -0.573449592122
# log_slx_pars[2]:
 1.72177118993 -0.125977129836
# log_slx_pars[3]:
 1.59822077123 -0.433129791915
# log_ft_pars:
 -1.66000634983 -1.72422747876 -2.10844509167 -1.93175988684 -1.60511542153 -1.46807391675 -1.51809327088 -1.86276266717 -1.41761952232 -2.15555625650 -2.25207819500 -2.23219776682 -4.58649666564 -1.57496835425 -3.44099505908 -2.52618328432 -2.18052373558 -1.70848164533 -1.54607544668 -2.45846393756 -2.56466768578 -2.63151326365 -2.87245665875 -2.30833618915 -2.61560312986 -3.28313321633 -2.72515698514 -2.09011360094 -2.07850038480 -1.48632410811 -0.932324042630 -0.908612350204 -1.25438454846 -1.60854568727 -1.50686025904 -0.708323748842 -1.18685257258 -1.54011912828 -4.27169737144 -4.29942216451 -3.49443827871 -3.02252894078 -3.32182904967 -3.51867718027 -3.30371996821 -3.20299324228 -2.08635118326 -2.56038071261 -8.39781778590 -3.51862981116 -1.56543798294 -1.28346345774 -1.87947475896 -1.59499609566 -1.50903960320 -1.46423757741 -1.23440386395 -1.59420126785 -2.07384786690 -1.26174445324 -0.950689705126 -2.15230178278 -2.94331688121 -2.04409188032 -1.38979440941 -2.18502503020 -2.66797006408 -1.36319402109 -1.42882269674 -2.16377570404 -2.00006398670 -2.84650268813 -1.94128471991 -2.09227939964 -2.62668134303 -2.24649896091 -2.20346210173 -2.26669507655 -2.05030119382 -2.06587046599 -2.16529909883 -1.99470168599 -1.84133238997 -1.90763028979 -2.67459676192 -1.29199489953 -1.90221330122 -1.83869289492 -1.78241731113 -3.39728643901
