# Number of parameters = 204 Objective function value = -3539.59066583032  Maximum gradient component = 0.000411203002813904
# theta[1]:
0.0168274111627
# theta[2]:
10.1713670987
# theta[3]:
8.91381727141
# theta[4]:
9.20610537068
# theta[5]:
0.677728120012
# theta[6]:
4.00000000000
# log_rinit_devs:
 -0.300107227488 -0.181187405817 0.0628072017871 0.106619276689 0.311868154829
# log_rbar_devs:
 1.30765310898 1.07968284668 0.797167868247 0.788488905435 0.601270398014 1.01423860873 0.555746745060 0.462174261663 0.437989007431 0.525803386426 0.433574746309 0.377917045211 0.460182927775 0.530952192800 0.767470357369 0.624940907652 0.748958473296 0.537487910428 0.821042935124 0.543861635338 0.533370798525 0.615444102632 0.512273380118 0.217346483226 0.322035076559 0.355503444702 0.211259325044 0.676266989587 0.124495711869 -0.0858945401955 -0.247773995762 0.0298888113484 0.153313424552 -0.313966668379 -0.475367657935 -0.593815509342 -0.854554802048 -0.922270899146 -1.01657249745 -1.19193444228 -1.22954864749 -1.36799696993 -1.39099201683 -1.42786440147 -1.29283739329 -1.86592513864 -1.98028558052 -2.19244169728 -1.70257980941 -0.233189240615 1.37714141804 -0.00690571591071 -1.35775477171 -0.375208661208 1.19992126318 0.475313385819 -0.573029280093 0.261615468123 1.94884815227 0.189756891228 -1.47624926519 -0.544877944286 1.98808648101 -0.392445658389 -1.15097908626 -0.890329590764 0.520644779816 0.435876091517 1.45303530883 1.47658406234 0.0609309331072 0.831587447524 1.14406139709 0.635901970079 1.97255781155 -0.273993008778 0.238328986961 0.127237807126 0.208293574687 0.191867248054 -0.197529044162 -0.260296957202 -1.17318716382 -1.57803002673 -0.563074310227 -2.44642275304 0.851667191311 -1.50449157523 0.213719373936 -0.0529361621414 0.232774023431
# mat_params[1]:
 8.07631396369 10.8579338650
# mat_params[2]:
 6.43549009130 9.08337575077
# mat_params[3]:
 6.64648029350 9.28565288648
# log_m_devs:
 0.0786711451559 -0.115572637996 0.0369014928400
# log_slx_pars[1]:
 1.70036502805 -0.216275918831
# log_slx_pars[2]:
 1.81769283087 -0.263760081214
# log_ft_pars:
 -2.08769137462 -2.12865154246 -2.51832223496 -2.33088719239 -1.98315658830 -1.85708984272 -1.93505935860 -2.33264294795 -1.93006470058 -2.66486785330 -2.73954463234 -6.77271803554 -5.06095674188 -6.61956764427 -3.96862484862 -3.03247800524 -2.71155480916 -2.28014388037 -2.19411192465 -3.12591094682 -3.23048407374 -3.27529744762 -3.47490874203 -2.89216584624 -3.17669516889 -3.77551452929 -3.15730501076 -2.51307630606 -2.48831715308 -1.95818063226 -1.51187726181 -1.60443063031 -2.05640927481 -2.49029037835 -2.48617995574 -1.85610620787 -2.50254072972 -2.90948027815 -5.57444879978 -5.48053575268 -4.57428736997 -4.01690533033 -4.22770965088 -4.36818120000 -4.12759513964 -3.99928003078 -2.93703392811 -3.44756760381 -10.1488136820 -5.56387792187 -4.10525001263 -3.71214972517 -4.12016459292 -3.67903645093 -3.74507544951 -3.72223231256 -3.45291801995 -3.71785249503 -4.33531271292 -3.51256973199 -3.12248358639 -4.13206863093 -4.99628394732 -4.06291674562 -3.29783677723 -3.89223455201 -4.29376129055 -3.07873283267 -3.41866673768 -4.17699725934 -3.88161279155 -4.58429316222 -3.62458029667 -3.74147858739 -4.41959768074 -3.94682782717 -3.77797779833 -3.65258229146 -3.23158815056 -2.31985482228 -2.29389991774 -2.07700616994 -1.93579945423 -2.03807891372 -2.85625032882 -1.45593990654 -2.12271376082 -1.86216141311 -1.69872115180 -3.31501925776
