# Number of parameters = 203 Objective function value = -3635.07108824557  Maximum gradient component = 0.000815198622642798
# theta[1]:
-0.413759465323
# theta[2]:
7.71748357038
# theta[3]:
6.69181374294
# theta[4]:
7.08530813369
# theta[5]:
0.889312754279
# theta[6]:
4.00000000000
# log_rinit_devs:
 0.0863136838866 0.0844160970300 0.113289955446 -0.0315041254937 -0.252515610869
# log_rbar_devs:
 1.43079737395 1.25863361594 1.07505176496 1.08089543850 0.907470189004 1.15586703257 0.775738823481 0.681593276955 0.647664785265 0.726570813270 0.670410680334 0.644737449125 0.734166058617 0.808780120926 1.00002021550 0.903416226613 0.924458503855 0.727260354078 0.889486886269 0.684125712692 0.694333025740 0.775219925667 0.720625049420 0.533124256300 0.643779534188 0.712128803936 0.638759541303 1.00101409102 0.572494391350 0.330269931141 0.0590490268674 0.106871364384 0.0966412943288 -0.346913688714 -0.618351337806 -0.892668039252 -1.21426376542 -1.28223559306 -1.30913230210 -1.37492793710 -1.35513378033 -1.42415277249 -1.41538672858 -1.42781384437 -1.33353024340 -1.87960874238 -2.13307767648 -2.47052435509 -2.07489921778 -0.620726900362 0.838654536785 -0.388454399577 -1.82985249563 -0.815527702628 0.781151038499 0.0446427193824 -1.01275393306 -0.130083724411 1.57149792872 -0.271823429886 -2.05145747926 -0.948729543972 1.68674724321 -0.784007972474 -1.51566733690 -1.21856674975 0.270449493992 0.119141997353 1.15415947460 1.17883789653 -0.274694837470 0.500051106589 0.859122316201 0.329185253652 1.66359401642 -0.508696058451 0.177279147371 0.235792851299 0.505003909925 0.644685913231 0.227839717313 0.186233956742 -0.615539161496 -0.993082017451 -0.0417829723142 -1.99087257235 1.06719040901 -1.19974668980 0.577030330370 0.341520734245 0.193418452596
# mat_params[1]:
 7.46481318794 10.2689069051
# mat_params[2]:
 7.47518660916 10.6843671977
# mat_params[3]:
 5.33908261122 7.97639542010
# mat_params[4]:
 4.96767066347 7.89751191430
# log_m_devs:
 0.154151826968 -0.154151826968
# log_slx_pars[1]:
 1.45596815023 -0.339046154206
# log_ft_pars:
 -1.10542154085 -1.17982952925 -1.60673169263 -1.45913056608 -1.13586394572 -0.982875172016 -1.04224782090 -1.42592827077 -1.00469419781 -1.76946699406 -1.91130199504 -1.20804027692 -4.26621863132 -1.12082579191 -3.19576191677 -2.32539739655 -2.00074005257 -1.53203938249 -1.36506389655 -2.27291984543 -2.39432624953 -2.45991419017 -2.70123321212 -2.15709733820 -2.47470165899 -3.13359480021 -2.57886258060 -1.92939826654 -1.92427365529 -1.37001148496 -0.834310903745 -0.791665360168 -1.11257172467 -1.47741082390 -1.39861264594 -0.606315879341 -1.08856103072 -1.45613263687 -4.19092962013 -4.21360489749 -3.40192175895 -2.92330984124 -3.20599529874 -3.40134295542 -3.19249116735 -3.09491018613 -1.98087087435 -2.43567023018 -9.07559063638 -4.31894863637 -2.62306874106 -2.33019247898 -2.70811676852 -2.19158801297 -2.26989009277 -2.36514153002 -2.08350192093 -2.28666754187 -2.92395478598 -2.21682862069 -1.76256110035 -2.68987324303 -3.62469293898 -2.88184281783 -2.07925751988 -2.57724193864 -3.02629510153 -1.89433711507 -2.16580103498 -2.94331536346 -2.68676763232 -3.34937018060 -2.39209188107 -2.54970358212 -3.17311668226 -2.78641720117 -2.61460590934 -2.51384483697 -2.26220644477 -2.05225424754 -2.22209905539 -2.04405268862 -1.89381589805 -1.96243381541 -2.80069346807 -1.48223010598 -2.21525113459 -2.14740930232 -1.97904183712 -3.59145247976
