# Number of parameters = 96 Objective function value = -1262.16103010816  Maximum gradient component = 4.50353371839022e-005
# theta[1]:
-0.426644440549
# theta[2]:
4.58526647420
# theta[3]:
6.27591754164
# theta[4]:
6.49660503175
# theta[5]:
1.09185834654
# theta[6]:
4.00000000000
# log_rinit_devs:
 2.80731685804 1.61245233334 -0.0588324294149 -2.14409121127 -2.21684555070
# log_rbar_devs:
 -0.205864221153 -1.56292987606 -0.579243616781 1.01805541047 0.219433587228 -1.00075550558 -0.0441761670016 1.81515361821 -0.203874662628 -1.84674164517 -0.896778923463 1.96075642416 -0.622750522336 -1.46463536108 -1.12304876930 0.317556018443 0.0629527349213 0.937157513362 0.771267491053 -0.869493394201 0.0656523627051 0.418903247135 0.0155510424848 1.23954049969 -0.631100995940 -0.00116926827656 0.187775023340 0.540035062197 0.758960667741 0.439604563678 0.399631785608 -0.447405082653 -0.813343515113 0.190335572358 -1.65208355049 1.58043302082 -0.821221775988 0.923609793538 0.692461737749 0.231789676320
# mat_params[1]:
 4.95426931715 7.50133387266
# log_m_devs:
 0.160520676878 -0.251527344199 0.0910066673212
# log_slx_pars[1]:
 1.59969744600 -0.244170451089
# log_ft_pars:
 -1.72920686786 -2.23980330262 -1.81695933354 -1.73204113471 -1.74977237598 -1.51111618761 -1.74303512588 -2.26996673852 -1.54377802585 -1.22419818378 -2.23767576738 -3.04755151164 -2.25438770902 -1.58794991802 -2.20957409676 -2.56172558829 -1.24620266445 -1.25162627058 -1.85818431640 -1.56040188206 -2.48386895012 -1.62318308135 -1.85102206619 -2.40712181190 -2.10486625126 -2.11865877259 -2.21856410821 -2.04136957126 -1.85359391532 -1.91107777583 -1.72204484631 -1.59859214064 -1.71798323783 -2.59212423929 -1.26522886191 -1.93042628430 -1.66693104526 -1.42006549451 -2.96331539818
