# Number of parameters = 203 Objective function value = -3555.72781133006  Maximum gradient component = 0.000347448322113188
# theta[1]:
-0.184983621482
# theta[2]:
8.03731263780
# theta[3]:
7.33173689371
# theta[4]:
7.74072281019
# theta[5]:
0.399920921993
# theta[6]:
4.00000000000
# log_rinit_devs:
 -0.0221221008243 -0.0252400526543 0.0721515424703 0.0250469848665 -0.0498363738583
# log_rbar_devs:
 1.03860645908 0.849096015501 0.637474807939 0.694245598344 0.561718292690 0.897634828795 0.522205245471 0.459348386475 0.442030324001 0.521816866881 0.468659041765 0.461082582704 0.584496223222 0.684461758980 0.902278845525 0.779746105546 0.852756700703 0.645679711610 0.854580452744 0.620482152676 0.618169830949 0.691065518508 0.607420316004 0.375031844284 0.473528760716 0.510922050198 0.381945708860 0.754822527703 0.242942129157 -0.0283521120306 -0.292823285499 -0.193301142649 -0.181132915148 -0.664957712128 -0.936842769877 -1.17439881383 -1.47119280283 -1.54112898335 -1.60358300881 -1.72126583635 -1.74042844338 -1.83538071388 -1.83658260069 -1.85520334547 -1.72535292016 -2.20861645804 -2.30566802061 -2.47451651384 -1.92780756840 -0.468330530144 1.07160734663 -0.255540340668 -1.66219096194 -0.645516605354 0.941640426031 0.219518020125 -0.825261427725 0.0383024071292 1.70681998813 -0.0681420510980 -1.77540615154 -0.739159779360 1.83597748770 -0.574062592297 -1.30590944050 -1.01250660626 0.438583641757 0.324918788456 1.36280838945 1.39041342154 -0.0278947202722 0.757259683930 1.12131447953 0.654700178466 1.94958340325 -0.0905623142838 0.624564315059 0.757192058489 1.12656156976 1.42866508821 0.995763003140 0.942856361016 -0.00898236956307 -0.524941475165 0.334900836082 -1.77871406241 1.26477238181 -1.14969712463 0.542381548371 0.257879603075 0.408121006026
# mat_params[1]:
 7.14988573572 10.0884994483
# mat_params[2]:
 6.68202984305 9.75449252483
# mat_params[3]:
 5.60069368519 8.28415675679
# log_m_devs:
 -0.0479382241531 0.0479382241531
# log_slx_pars[1]:
 1.09403019819 -0.334117294176
# log_slx_pars[2]:
 1.54905016145 -0.360213020720
# log_ft_pars:
 -1.97688141715 -2.05832092009 -2.43412859330 -2.28018548139 -1.97985330341 -1.95478597131 -2.03115267555 -2.41354064966 -2.03076464861 -2.84360636686 -2.96968079094 -4.80206732081 -5.39865899147 -5.33187283563 -4.43521406616 -3.49056462052 -2.30819804525 -1.86351373315 -1.72631429536 -2.64700680651 -2.76684235944 -2.81555458683 -3.03245972997 -2.47994031555 -2.77849205728 -3.39412221097 -2.80022335550 -2.10625798954 -2.07714782114 -1.53109486554 -1.00996055551 -0.962822377908 -1.26671384684 -1.63509201065 -1.57783464413 -0.815915319908 -1.33876240211 -1.70750271880 -4.40445190177 -4.37311665445 -3.51033248359 -2.98518281038 -3.21560273057 -3.38565560923 -3.17537477461 -3.08464056072 -2.02440850866 -2.55938974055 -9.29163085188 -4.55721715333 -2.92832574516 -2.69978314275 -3.17768051172 -2.68756934776 -2.65081086562 -2.72463402306 -2.51298557269 -2.74009049350 -3.25671122304 -2.55532992462 -2.20846315039 -3.18492170480 -3.96889759426 -3.20376055229 -2.50255674993 -3.05565978163 -3.42816863778 -2.25099157801 -2.53291062559 -3.32067442819 -3.11098029241 -3.81585362423 -2.83670849420 -3.01015302281 -3.63146040352 -3.26476626368 -3.16439404743 -3.11097786947 -2.91141504000 -2.81137910801 -2.91832232805 -2.69142401325 -2.48373080028 -2.48657900973 -3.19169622477 -1.75984083550 -2.41671038787 -2.24191438895 -2.00053696629 -3.47875483801
