# Number of parameters = 204 Objective function value = -3643.28321720622  Maximum gradient component = 0.000538786901607418
# theta[1]:
0.0763223445998
# theta[2]:
8.78490085645
# theta[3]:
9.20058505821
# theta[4]:
9.81507830153
# theta[5]:
0.747700273413
# theta[6]:
4.00000000000
# log_rinit_devs:
 -0.0320105244029 -0.00261402878263 0.130610588361 -0.00818890725962 -0.0877971279157
# log_rbar_devs:
 -0.00290114244132 -0.157222249849 -0.358644060743 -0.267839157010 -0.395687296947 0.0513273109937 -0.269788637715 -0.246038354446 -0.135105078714 0.0244833403008 -0.0358032765711 -0.112366784557 -0.0405710693037 0.0340180648732 0.273165471728 0.153997186942 0.203839675743 0.0359515739096 0.313556963204 0.0747984612565 0.0795668621673 0.169885579512 0.0924012209985 -0.159680740340 -0.0435582112259 0.00537440285604 -0.108220919587 0.330165717846 -0.152141306002 -0.321217376573 -0.431528252194 -0.124341340587 0.0461565612936 -0.333625183600 -0.421997737762 -0.465674066541 -0.647561432914 -0.648166565551 -0.675479595404 -0.788555601292 -0.768051965854 -0.855895043685 -0.835172251831 -0.818390899731 -0.656511679690 -1.19824954866 -1.35162853781 -1.66499496065 -1.35379734398 0.0296800902692 1.63350673566 0.361008010175 -1.04252742908 -0.0459656097591 1.53088484335 0.801737324361 -0.259944746709 0.588316753632 2.33249218222 0.511085166683 -1.28188258505 -0.220384113647 2.37550711238 -0.0776533962011 -0.851998813472 -0.601454906963 0.830132994132 0.731534282017 1.74285181521 1.76405984106 0.306861819292 1.06657455500 1.36609481360 0.792657266163 2.04715514927 -0.280401725089 0.220101000921 0.204466475660 0.469329571032 0.728148794595 0.337370941215 0.276863569040 -0.753754818060 -1.20483310678 -0.234555631264 -2.23635543960 1.01270893161 -1.28848365800 0.500163339543 0.274291469247 0.502330408474
# mat_params[1]:
 8.44367646761 10.7106811460
# mat_params[2]:
 9.27227320198 12.0261232697
# mat_params[3]:
 9.84233329923 13.4844013997
# mat_params[4]:
 6.88228486707 9.38223363027
# log_m_devs:
 0.00000000000
# log_slx_pars[1]:
 1.72682554379 -0.194026487888
# log_slx_pars[2]:
 1.86320698413 -0.308277298863
# log_ft_pars:
 -0.745657504874 -0.869634700346 -1.33597362049 -1.23388865396 -0.951908567575 -0.907717100520 -1.06703476956 -1.56276689362 -1.26913087514 -2.14630912415 -2.33617699986 -0.720960926013 -4.68883691545 -0.190210683161 -3.54405686824 -2.69022466274 -2.40250893117 -1.97737382053 -1.88799063107 -2.83743872812 -2.96021665321 -3.02502077231 -3.24550182828 -2.68091784462 -2.99270194090 -3.61892899779 -3.02009189773 -2.37978443057 -2.37255863223 -1.86060192695 -1.44588907412 -1.59033497199 -2.09719381865 -2.58224271124 -2.63513651022 -2.07442615696 -2.80394283097 -3.28469906524 -6.01950883109 -5.98942473700 -5.14774518481 -4.65311712325 -4.92324490510 -5.11740333838 -4.92468528571 -4.83720582360 -3.80828836190 -4.33486936285 -10.9738559669 -6.18397588400 -4.57656613560 -4.19227913956 -4.62511217158 -4.23711332722 -4.30858529479 -4.27774364836 -4.01759759446 -4.30135921707 -4.92050050304 -4.09800803675 -3.73388316332 -4.77390750043 -5.61433477755 -4.66163561546 -3.91162394860 -4.54667035469 -4.92890085200 -3.66022940248 -3.93908809167 -4.68235874059 -4.39328979197 -5.10583190397 -4.13462623233 -4.22690616055 -4.81075900034 -4.30715844792 -4.11749225304 -3.99903556942 -3.59495042439 -2.56610241820 -2.41016059548 -2.14805881528 -1.99610043296 -2.08670053019 -2.87451158305 -1.42528000833 -2.01080844956 -1.81651247295 -1.72725952477 -3.43059467489
