# Number of parameters = 202 Objective function value = -3694.16196581021  Maximum gradient component = 0.000895327558393291
# theta[1]:
-0.399160804308
# theta[2]:
7.09756398856
# theta[3]:
6.74097761536
# theta[4]:
7.19831986375
# theta[5]:
0.620168463166
# theta[6]:
4.00000000000
# log_rinit_devs:
 0.236709624426 0.158795005688 0.121985803605 -0.0552302763757 -0.462260157343
# log_rbar_devs:
 0.918772539649 0.746185832452 0.583933451520 0.650139262780 0.524275879639 0.795190171607 0.460428891466 0.425316420760 0.436784229157 0.566480150446 0.541799061763 0.463190158687 0.489705512036 0.523209235664 0.715609778726 0.769844378574 0.985229250065 0.799943484292 0.944653104514 0.718492715981 0.708678138565 0.768566445155 0.697939012519 0.491554560540 0.567456250561 0.610626510259 0.529409798684 0.874354490898 0.472167777098 0.272608333062 0.0253832019644 0.0557246303823 0.0315603271385 -0.381368728062 -0.590729389908 -0.836274167597 -1.17718887384 -1.28411322038 -1.34511087040 -1.42638620148 -1.42144478596 -1.50659673604 -1.51750456385 -1.54817761636 -1.45750515907 -1.97881488196 -2.19830731506 -2.50479290438 -2.04580082846 -0.600290002199 0.852837701420 -0.405749479590 -1.86563016789 -0.833776578879 0.779378603463 0.0391946191501 -1.01179910794 -0.138221396153 1.57291956859 -0.280791084489 -2.05616864792 -0.900833720270 1.77887263050 -0.715817800154 -1.42965981512 -1.12354175360 0.370393378183 0.225021144359 1.28225348403 1.31543872625 -0.142903819885 0.642509083106 1.01225998695 0.502091504678 1.83059771192 -0.331551715489 0.352854795172 0.411377850038 0.680707461870 0.831552933164 0.410918680348 0.370131899871 -0.448552265736 -0.829075731718 0.181585330578 -1.72863407696 1.50326463770 -0.688966676236 1.18975373322 1.02560507438 0.425346557474
# mat_params[1]:
 7.22169424425 10.3881016663
# mat_params[2]:
 5.57272194720 8.30817127890
# log_m_devs:
 -0.0667291189422 0.151847833129 -0.0851187141870
# log_slx_pars[1]:
 1.26231469112 -0.520690187702
# log_slx_pars[2]:
 1.67150660865 -0.231472118154
# log_ft_pars:
 -1.17868317149 -1.25809636210 -1.68084707057 -1.55665028920 -1.27312440451 -1.17359894854 -1.27449123685 -1.69458772285 -1.33697437365 -2.18070418949 -2.38000953654 -0.833839295252 -4.64149768101 -0.737242146957 -3.48281964272 -2.68431374402 -2.46856413277 -1.99049115280 -1.83777350128 -2.74877972803 -2.84062281901 -2.89104632617 -3.11330598069 -2.53531980168 -2.82762343727 -3.47329991568 -2.89552644927 -2.24903757170 -2.22375441847 -1.62760438380 -1.08656330582 -1.08719030914 -1.45235668205 -1.81141227369 -1.71266063932 -0.950321123268 -1.48221787292 -1.86053856996 -4.57955515272 -4.57565203448 -3.74318848174 -3.24787554495 -3.52514416169 -3.69917997210 -3.46038775307 -3.33576055819 -2.20004262623 -2.64621918993 -8.56088478209 -3.67638869361 -1.77386641577 -1.53593560998 -2.13567515464 -1.79997876599 -1.68455137188 -1.67344454385 -1.48114459990 -1.80926695730 -2.26964524898 -1.50022542143 -1.21975679625 -2.36616412217 -3.10755865631 -2.24968849527 -1.62947935765 -2.36982317658 -2.77803219329 -1.47479775753 -1.58959272872 -2.34066859591 -2.18377993840 -2.99918329955 -2.05508810074 -2.18648955232 -2.72461712673 -2.34938169222 -2.29541269158 -2.30066087931 -2.00946733666 -1.72568346241 -1.84229079625 -1.70178778553 -1.59811586432 -1.72205670515 -2.58575930486 -1.24417354246 -1.89511302669 -1.81316009861 -1.78967334574 -3.53229808898
