# Number of parameters = 203 Objective function value = -3548.62995089097  Maximum gradient component = 0.000131491697546450
# theta[1]:
-0.303479722618
# theta[2]:
7.04892275729
# theta[3]:
7.46003405914
# theta[4]:
7.92697166295
# theta[5]:
0.389150621964
# theta[6]:
4.00000000000
# log_rinit_devs:
 0.213605821788 0.100108036971 0.102622973064 -0.0428344970873 -0.373502334735
# log_rbar_devs:
 0.304109315415 0.151103031631 -0.0267259767573 0.134695241023 0.0852570472556 0.508296246800 0.205776442228 0.226008770522 0.310348799000 0.481239042228 0.515132705156 0.580534160434 0.430170393385 0.637808891083 0.843272927573 0.913950469652 1.23715530534 1.00765925749 1.21433223777 0.945463685496 0.925816446971 0.987543795588 0.885939530123 0.625699284599 0.717488700089 0.745147251856 0.602204850938 1.00289833189 0.465081632022 0.203299654265 -0.0414180920172 0.0969078939777 0.126919067572 -0.369393187910 -0.622475839163 -0.838134054384 -1.14082881575 -1.23277294701 -1.33114780103 -1.49127621760 -1.54431459532 -1.67648920424 -1.70868338396 -1.75626878746 -1.64766907062 -2.19690422681 -2.34220307337 -2.56704623746 -2.07031459843 -0.590271709112 0.950505150718 -0.396103151441 -1.78865860368 -0.771448470030 0.808941554981 0.0943866219723 -0.944388598438 -0.0840694187661 1.56545767586 -0.185817978928 -1.86440136525 -0.847227368568 1.70822044394 -0.674204423229 -1.40173624226 -1.10468068998 0.337474582352 0.230066545165 1.26403835054 1.29216541668 -0.112432607525 0.673932502040 1.03930963453 0.585356337745 1.86676235455 -0.151487273734 0.550937131584 0.682061858704 1.04162737251 1.32436230419 0.903454904480 0.846631753529 -0.0698331053082 -0.554541467139 0.326252635182 -1.73586560762 1.31120643411 -1.05696114946 0.622129698411 0.341340505860 0.454313160732
# mat_params[1]:
 6.90593272367 10.0074387944
# mat_params[2]:
 6.70955217442 9.74030160819
# mat_params[3]:
 5.96500231186 8.87451758427
# log_m_devs:
 -0.158994407944 0.158994407944
# log_slx_pars[1]:
 0.524578298417 -4.50302439052
# log_slx_pars[2]:
 1.57255837759 -0.337988826266
# log_ft_pars:
 -1.74837384532 -1.85281520454 -2.26344630672 -2.20796976069 -1.98787617784 -2.10381264646 -2.22389812107 -2.69948235768 -2.42833109098 -3.36127373485 -3.57478364507 -0.985807288009 -5.81039616848 -1.74861775160 -4.91506930548 -4.09828177105 -2.69546847260 -2.21333924035 -2.06336658963 -2.96667092012 -3.05804142073 -3.08153588359 -3.27354113171 -2.70129348776 -2.98101607282 -3.57587108435 -2.96653096712 -2.27835979580 -2.24794671615 -1.71039441559 -1.21383911613 -1.19653315825 -1.52390862237 -1.89849196621 -1.84483613718 -1.11849188832 -1.66543082355 -2.02620565279 -4.68340403639 -4.60582391293 -3.70203569413 -3.13945187558 -3.33210877745 -3.46618799019 -3.22177828856 -3.09667178228 -2.00371817876 -2.49042762176 -9.17081039496 -4.46342935906 -2.84238954387 -2.61854295530 -3.12415859551 -2.66021954756 -2.60123093440 -2.65693535940 -2.45498264627 -2.70159497802 -3.19351859037 -2.47750336594 -2.14988243457 -3.15960952105 -3.92183405738 -3.13464101835 -2.45434751788 -3.04454955235 -3.42034287961 -2.22428227465 -2.49299722094 -3.27774442343 -3.07875207877 -3.80546598016 -2.83122045727 -3.00456116578 -3.61973601343 -3.25250895683 -3.16742746077 -3.12916433281 -2.92040914945 -2.80275148713 -2.90035633710 -2.67735034023 -2.47808505800 -2.49801508707 -3.22615510610 -1.81177586192 -2.49981504898 -2.34064178956 -2.13341472383 -3.63452440521
