# Number of parameters = 204 Objective function value = -3572.79041218539  Maximum gradient component = 0.00142405217044521
# theta[1]:
0.169571374566
# theta[2]:
9.57897039838
# theta[3]:
9.79802613794
# theta[4]:
10.1318239366
# theta[5]:
0.672167938790
# theta[6]:
4.00000000000
# log_rinit_devs:
 -0.0810189617720 -0.0724077466879 0.0762500955299 -0.0168710003813 0.0940476133113
# log_rbar_devs:
 0.205640917448 0.0664488692011 -0.119040215295 0.0294008728010 -0.0508190375094 0.496509788567 0.170890698860 0.207786155252 0.333446350034 0.532662690664 0.522584588498 0.546095278809 0.708177104424 0.817945613926 1.05985920909 0.863433614503 0.866766027422 0.659793364526 0.942557162062 0.638120617284 0.603183613334 0.666985531639 0.542353773199 0.219306606364 0.310092521871 0.326894911034 0.165999470769 0.642535429653 0.0919672017687 -0.0937036217629 -0.223816498046 0.0927013322934 0.239994461586 -0.224836508789 -0.369978286648 -0.475303506015 -0.742423218617 -0.820597227883 -0.927800561052 -1.12103365502 -1.16744389508 -1.32034823320 -1.35322092215 -1.39678900597 -1.26101617660 -1.84442333022 -1.95760223476 -2.18549426494 -1.70096712664 -0.245049215054 1.38457508898 0.0244188264102 -1.32691901278 -0.342705948438 1.23144984874 0.504781109317 -0.545130668191 0.290063591613 2.00221266555 0.230955029127 -1.46935729107 -0.507994320214 2.03300717823 -0.351998718791 -1.12097371938 -0.867840401021 0.537478791423 0.455778767826 1.46414711350 1.48986486960 0.0660183220343 0.830558398027 1.12722848345 0.601140146574 1.84386766716 -0.389815258655 0.125153801492 0.115691093477 0.361301849530 0.577057841882 0.191190959917 0.133894308894 -0.867154237474 -1.30697757936 -0.335692313584 -2.30510864226 0.955090629474 -1.40499287334 0.305255136244 0.0148975408791 0.277154889593
# mat_params[1]:
 8.10317106565 10.2465246351
# mat_params[2]:
 9.10062321793 12.0366140641
# mat_params[3]:
 7.12451188673 9.54292229846
# log_m_devs:
 -0.00728131392872 -0.0284592702753 0.0357405842040
# log_slx_pars[1]:
 1.76193545821 -0.210606013374
# log_slx_pars[2]:
 1.90868118745 -0.318344085379
# log_ft_pars:
 -1.18357288485 -1.34188231238 -1.83432039557 -1.76197148093 -1.52525282784 -1.55641091363 -1.76420360310 -2.28812676724 -2.01888674856 -2.90589740388 -3.10273369854 -1.95912182457 -5.59888455754 -1.02678377024 -4.61177058629 -3.72648558854 -3.40676419015 -2.97582186680 -2.87391451983 -3.79041092664 -3.87209159951 -3.89728916035 -4.07298411026 -3.46961938726 -3.73875206933 -4.31549959931 -3.67160927360 -3.00980984904 -2.97875797732 -2.45830247949 -2.04896592472 -2.17906095325 -2.64696101503 -3.08923537613 -3.10346602019 -2.50432101552 -3.17205197766 -3.57518622762 -6.22507749414 -6.11156876699 -5.18900483897 -4.61813453059 -4.81073324026 -4.93995560427 -4.69484824495 -4.55602534499 -3.49383984565 -4.01095535427 -10.6964755558 -6.06963026120 -4.59751247967 -4.19635373386 -4.62725387247 -4.24005226541 -4.30533426154 -4.25573231286 -3.98856944424 -4.28148896770 -4.89592789463 -4.05457420286 -3.68340937392 -4.73729915864 -5.57718188923 -4.60092814418 -3.84488149099 -4.49479820279 -4.89294028748 -3.63004591203 -3.93421952636 -4.68417436569 -4.39180330481 -5.11458807882 -4.15699906647 -4.25583698089 -4.86901280788 -4.36827991678 -4.19279999949 -4.10005206036 -3.72121538566 -2.55487702536 -2.39077911581 -2.12719237956 -1.97546244333 -2.07623121538 -2.87591650874 -1.44049987633 -2.05238842929 -1.77609940062 -1.61435486660 -3.25614217757
