# Number of parameters = 203 Objective function value = -3576.56797335601  Maximum gradient component = 0.000367385571008786
# theta[1]:
-0.0307008703563
# theta[2]:
8.99943914753
# theta[3]:
8.65118897611
# theta[4]:
8.92735249224
# theta[5]:
0.998571504160
# theta[6]:
4.00000000000
# log_rinit_devs:
 -0.0856572721283 -0.0538049794507 0.0956086968624 -0.00241575821386 0.0462693129305
# log_rbar_devs:
 0.719345046023 0.548639833685 0.332750136346 0.411541171388 0.278110405722 0.741924174219 0.377701660827 0.373741326099 0.455620029809 0.629495853134 0.615346759723 0.635891360612 0.782493617388 0.883152119360 1.11658816306 0.944095577712 0.970876340813 0.758602290750 1.02279881461 0.729262542407 0.707326788892 0.781307185910 0.676773039350 0.384680926896 0.492567614263 0.530633255845 0.389565665848 0.865243361314 0.310112010057 0.100759995615 -0.0639160682268 0.209406471214 0.326952080556 -0.150476171235 -0.322133945214 -0.452812588961 -0.724644293796 -0.803741613718 -0.908866437521 -1.09309451559 -1.14260291801 -1.29028582928 -1.32437014035 -1.37125612955 -1.24533681930 -1.81815361600 -1.93939413461 -2.15992299421 -1.66794569467 -0.203509289744 1.39377716031 0.0402596749430 -1.32181049951 -0.332421031877 1.24532487735 0.519017974358 -0.533201438099 0.305677019665 2.00602319792 0.224739652229 -1.46976028516 -0.513444675103 2.03789010632 -0.366500259689 -1.13029593898 -0.872102416312 0.544497944854 0.455825546762 1.47161768994 1.49483073514 0.0706131578343 0.841199918045 1.15452238268 0.628172076440 1.99548137991 -0.305646377470 0.178544373520 0.0127259980278 0.0227049185045 -0.0698474890806 -0.443619807549 -0.510284084980 -1.44960016242 -1.87253383312 -0.885258654600 -2.80069172871 0.426028235600 -1.96547380487 -0.242805133550 -0.516980105971 0.111961287238
# mat_params[1]:
 7.96298737756 10.2833467453
# mat_params[2]:
 8.07686385120 11.0278089633
# mat_params[3]:
 6.07672142514 8.80801411888
# log_m_devs:
 0.0890045722803 0.0982176593707 -0.182241179903 -0.00498105174783
# log_slx_pars[1]:
 1.70231656267 -0.211835290766
# log_ft_pars:
 -1.07091587003 -1.18882984790 -1.65277654153 -1.53979950899 -1.25099446272 -1.19902560916 -1.35173567558 -1.83252299746 -1.51441311891 -2.36227785600 -2.54321865706 -1.83446329245 -5.01783418892 -1.16101461615 -4.01124548519 -3.13107925982 -2.81901105466 -2.36432189313 -2.24036273928 -3.14666412580 -3.23200881376 -3.26095383881 -3.44901974338 -2.86251412719 -3.14451418402 -3.74213168720 -3.12653860695 -2.48418216015 -2.46442794298 -1.94462429988 -1.50816954944 -1.59501637837 -2.03319861797 -2.46078377517 -2.45548354794 -1.82324636400 -2.45873811717 -2.85492985616 -5.50820749758 -5.40432303506 -4.48691108358 -3.91843535705 -4.11345760838 -4.24309384931 -3.99489178054 -3.85816158628 -2.78756462179 -3.29505933455 -9.98625452728 -5.36843716478 -3.87519271648 -3.50143535208 -3.93168275095 -3.51037680260 -3.56444065907 -3.54357906991 -3.28491563276 -3.55737977762 -4.15866763981 -3.34160511382 -2.96791497637 -3.99231917565 -4.82669055837 -3.89091651448 -3.13821568419 -3.75030972497 -4.13902106417 -2.90010258761 -3.20986053250 -3.96562974824 -3.68237726810 -4.39470135792 -3.43213899685 -3.54530746363 -4.21006218910 -3.74647030795 -3.58363379010 -3.45447631893 -2.99646717860 -2.52730648198 -2.54388681783 -2.31124829683 -2.13667048384 -2.19966917165 -2.99185137624 -1.58852165196 -2.32170017095 -2.05214415364 -1.84076215703 -3.37879176076
