# Number of parameters = 202 Objective function value = -3633.48271547041  Maximum gradient component = 0.000348141259900506
# theta[1]:
-0.346564780863
# theta[2]:
7.90851906816
# theta[3]:
6.78105386255
# theta[4]:
7.16374726819
# theta[5]:
0.905378829761
# theta[6]:
4.00000000000
# log_rinit_devs:
 0.0412757734901 0.0525450005347 0.105122560247 -0.0182693923453 -0.180673941927
# log_rbar_devs:
 1.49147818939 1.31527416586 1.12225714340 1.12285716711 0.945349091676 1.20477256700 0.815879070800 0.716820515294 0.678827800999 0.755887294422 0.704512698147 0.692833687493 0.799353315805 0.887175714412 1.08728822903 0.982060629337 1.00870747236 0.810553779538 0.983682806541 0.771414115977 0.777602451759 0.856090578404 0.794700821966 0.595955220532 0.703628708207 0.766006335087 0.683924302508 1.05288574309 0.608943591686 0.364000390017 0.0982693745846 0.164549433249 0.164323065657 -0.284718138104 -0.547571419667 -0.803137755441 -1.11252955799 -1.17755698701 -1.21265030934 -1.29354387871 -1.28477047353 -1.36763708085 -1.36987427660 -1.39215803242 -1.30799180984 -1.88673348081 -2.17071711652 -2.54778327932 -2.20738381158 -0.752424672988 0.701420212064 -0.517924936505 -1.95241121419 -0.938412071233 0.650332319256 -0.0793201471226 -1.13150298743 -0.249489762443 1.44107420361 -0.390183058908 -2.15998409513 -1.06029479994 1.55914880121 -0.892475627826 -1.62228252234 -1.32390632522 0.157310689352 0.00924307390607 1.03881180174 1.06284138727 -0.380434809848 0.391856910538 0.749838645867 0.228864079233 1.55222594504 -0.595614395112 0.0935767182636 0.161251193675 0.441858040621 0.594931208279 0.174812719326 0.128088783311 -0.693174133324 -1.07359014799 -0.0727576390474 -1.97404148407 1.24109772446 -0.966336580870 0.898313523348 0.739465464395 0.249089903160
# mat_params[1]:
 7.47784998475 10.2371304842
# mat_params[2]:
 7.50411176827 10.6384509592
# mat_params[3]:
 5.32947372085 8.00814364450
# log_m_devs:
 0.133319597506 0.0691101865091 -0.202429784015
# log_slx_pars[1]:
 1.47333928523 -0.323959163025
# log_ft_pars:
 -1.17294915684 -1.24859644573 -1.67265657914 -1.51844543990 -1.18998171828 -1.03838957016 -1.09860930661 -1.47969922138 -1.05450456867 -1.81178320091 -1.94492896196 -1.50527211493 -4.32886510425 -1.40728035382 -3.28895631911 -2.40915604200 -2.08140466059 -1.61436122785 -1.45537052261 -2.36411312392 -2.48075131648 -2.54096961080 -2.77546697091 -2.22547204510 -2.53669452070 -3.18683339450 -2.62441186606 -1.97491588055 -1.96599622199 -1.41103158989 -0.879541155316 -0.846562372272 -1.17861554663 -1.54721387868 -1.47053972530 -0.693518191055 -1.19608604886 -1.57143898280 -4.29757752884 -4.30445772977 -3.47907749948 -2.98789871236 -3.25829928741 -3.44100778866 -3.21931111811 -3.10767792822 -1.97801219730 -2.40781595127 -9.01299786436 -4.24545783057 -2.52436966668 -2.24375172742 -2.64973588968 -2.15262483582 -2.20492712575 -2.29620028880 -2.03035882414 -2.24644111850 -2.85537547939 -2.14775090756 -1.71766296887 -2.66864161042 -3.56657933529 -2.81627412850 -2.03837354004 -2.56253952288 -3.00452173310 -1.85654033598 -2.11046825502 -2.88415360232 -2.64171085798 -3.32180177048 -2.36279387462 -2.52116037136 -3.13224955896 -2.74968891690 -2.59684770008 -2.51110101811 -2.26509085865 -2.06155611569 -2.22020532002 -2.03889226084 -1.88486269086 -1.94968734045 -2.78438345444 -1.46688539142 -2.28764246937 -2.28569117257 -2.20157916865 -3.88349384918
