# Number of parameters = 206 Objective function value = -3706.81722580840  Maximum gradient component = 0.000331843403606536
# theta[1]:
-0.251941220521
# theta[2]:
8.32221969861
# theta[3]:
7.16579626508
# theta[4]:
7.57515308502
# theta[5]:
0.796150588602
# theta[6]:
4.00000000000
# log_rinit_devs:
 -0.0606751300684 -0.0179972063749 0.0865509834168 0.0386288576300 -0.0465075046035
# log_rbar_devs:
 1.37148459725 1.17927744400 0.965074490208 0.961949678639 0.785601115009 1.03662918124 0.640616787767 0.525383959507 0.453070469398 0.492988539968 0.418841675568 0.388429213662 0.464926569971 0.524513021208 0.711930530423 0.623742926820 0.703322225766 0.511763057287 0.678097724503 0.457966232554 0.458485775818 0.530010324715 0.463416413189 0.256896721786 0.347980247536 0.399647943213 0.317958482311 0.677086228959 0.257648384636 0.0429255955496 -0.198451247450 -0.124625243206 -0.111863081791 -0.518320482244 -0.716770953686 -0.914985083024 -1.19365582040 -1.24790141856 -1.27966788699 -1.35372063814 -1.33415608644 -1.40717502730 -1.40138050802 -1.42019416594 -1.31883669215 -1.81693420830 -1.96423061372 -2.18244028719 -1.67501520623 -0.265535031520 1.22637045674 -0.0472709890076 -1.49877953242 -0.478639653430 1.13794040838 0.400017926744 -0.654665408705 0.197854689783 1.92875688947 0.0828586775163 -1.68962243912 -0.580896027034 2.08895422352 -0.422312465002 -1.15800238418 -0.880456184442 0.597597145914 0.465681122298 1.51531010195 1.54799620991 0.0860681397586 0.873048193052 1.22566175911 0.701195901129 2.11308409811 -0.151942301141 0.460181902788 0.352663616762 0.407004956496 0.331379683067 -0.0819094458900 -0.150131106941 -1.02430564304 -1.44316484936 -0.467599867568 -2.42243638699 0.760771975259 -1.49309272786 0.397379594176 0.302593951223 0.243049912832
# mat_params[1]:
 7.64289515298 10.6785769055
# mat_params[2]:
 6.43883757013 9.35764518840
# mat_params[3]:
 4.98436149496 7.41865235632
# log_m_devs:
 0.0800267245545 0.162531533030 -0.242558257584
# log_slx_pars[1]:
 1.37264920483 -0.354792103507
# log_slx_pars[2]:
 1.76628269344 -0.196196820775
# log_slx_pars[3]:
 1.57241493213 -0.373706148738
# log_ft_pars:
 -1.71059451734 -1.77556363240 -2.16247986083 -1.97736270459 -1.64027670140 -1.50261524348 -1.55700173973 -1.90917502912 -1.46508400982 -2.20088305687 -2.29276181945 -3.34839145359 -4.66076394211 -2.11362422813 -3.56454190478 -2.63941917687 -2.29368149785 -1.82609913239 -1.68488125160 -2.60323969748 -2.70822137722 -2.76658224613 -2.99636573524 -2.42644716525 -2.72841211486 -3.37873296861 -2.80595488271 -2.16503266115 -2.14546101559 -1.56023009239 -1.02146706578 -1.03500391122 -1.42589665068 -1.81156309667 -1.73917874140 -1.00856845285 -1.59210922487 -2.01408634727 -4.75794791914 -4.76414466128 -3.94444425582 -3.46375737942 -3.75633719921 -3.94424583587 -3.71918497984 -3.61170232944 -2.52368510954 -3.02260429987 -8.78497370972 -3.87552277214 -2.00085494714 -1.70638674263 -2.28837675762 -2.00132327472 -1.92963170735 -1.86713938305 -1.65023724706 -2.00713006480 -2.49314920648 -1.67155114574 -1.38524773900 -2.57063635777 -3.32197658863 -2.37106643367 -1.71012152242 -2.49140182492 -2.90783495853 -1.55119225441 -1.64943526268 -2.38933366061 -2.20026550967 -3.02016517398 -2.08973656186 -2.20243520788 -2.76569441050 -2.36943286506 -2.30624108760 -2.31437093397 -1.94915780108 -2.01371806534 -2.12877439062 -1.94601352806 -1.79154554376 -1.86348863737 -2.66650531717 -1.29193084673 -1.89467953308 -1.82175268696 -1.75861960594 -3.43469222206
