# Number of parameters = 199 Objective function value = -3509.62293157338  Maximum gradient component = 3.29887274001793e-005
# theta[1]:
-0.219434012424
# theta[2]:
7.82891808489
# theta[3]:
7.23348282400
# theta[4]:
7.66467584173
# theta[5]:
0.427160318738
# theta[6]:
4.00000000000
# log_rinit_devs:
 0.0625171195758 0.0639062103505 0.113220061410 -0.0240151252649 -0.215628266072
# log_rbar_devs:
 1.01439686289 0.849273561296 0.669055183327 0.708834499912 0.561471148154 0.878250298246 0.534343442099 0.499575681224 0.526621514967 0.657283789239 0.626949713575 0.632725588647 0.749196647905 0.824990941312 1.00353473409 0.867241881515 0.878914482949 0.691335700221 0.882450495641 0.650885001462 0.639169873629 0.701183403193 0.615463185098 0.387715481825 0.472217517968 0.502484396924 0.377217852157 0.727240377203 0.240509528147 -0.0177522430665 -0.279548964480 -0.206041373603 -0.209691179568 -0.674136653071 -0.938610360585 -1.18452146413 -1.49418274851 -1.58098517625 -1.65202344263 -1.76791764111 -1.79236285490 -1.88829526014 -1.89632030352 -1.92001274948 -1.80154357752 -2.27074541776 -2.37928068636 -2.56380174568 -2.03403260827 -0.569124297478 0.976038871078 -0.342953108820 -1.74515630722 -0.729374429049 0.850625657372 0.134963330389 -0.902600531801 -0.0396928744888 1.61149388575 -0.147675004037 -1.85349980872 -0.818636434087 1.73339217648 -0.654667053603 -1.38249776848 -1.09017042003 0.359945245512 0.247278074173 1.28087567066 1.30591550054 -0.103576454347 0.674316184651 1.04212406883 0.576934061480 1.86421068112 -0.162569610904 0.551495493331 0.687439390655 1.05930752732 1.36031146441 0.938508675830 0.886295749084 -0.0246449138027 -0.474294650919 0.495650600177 -1.52379298621 1.74773856622 -0.712519091694 0.998573128150 0.653868848790 0.421416559510
# mat_params[1]:
 7.35065533031 10.1381750214
# mat_params[2]:
 6.53204683761 9.65140399162
# log_m_devs:
 -0.0419475434107 0.0419475434107
# log_slx_pars[1]:
 1.49307256997 -0.321443516839
# log_ft_pars:
 -1.13416948599 -1.22061479937 -1.66890730543 -1.54057874016 -1.24250489181 -1.12533461538 -1.23455735051 -1.67661112194 -1.31672696215 -2.13879984821 -2.31626774803 -1.26171562978 -4.71755314087 -1.33130447794 -3.68721852317 -2.81157154552 -2.48745229010 -2.03234188182 -1.88488381905 -2.79898173540 -2.90438223506 -2.94587245902 -3.15689871659 -2.59342365577 -2.88492059892 -3.50020792086 -2.90257639696 -2.21034395119 -2.17270696404 -1.60663210100 -1.07735908636 -1.04075481114 -1.35464202907 -1.71320464422 -1.63621831220 -0.867529075338 -1.39339907400 -1.75903818244 -4.45356501988 -4.42017213361 -3.55544840038 -3.02892878495 -3.26284090625 -3.42894851290 -3.20990013036 -3.11046789881 -2.03927599188 -2.56515000617 -9.30737319515 -4.65088653491 -3.08813640426 -2.79649948369 -3.18665900869 -2.67236636522 -2.73475369144 -2.81145579190 -2.54378893079 -2.75835825825 -3.36160774552 -2.63773017611 -2.20890056528 -3.15474084411 -4.05848535037 -3.28553735145 -2.49964710413 -3.01445833516 -3.45923254821 -2.33175565565 -2.64506765565 -3.42858012026 -3.16987708924 -3.84224609438 -2.88956048779 -3.06927161470 -3.72272535064 -3.33329591257 -3.19065748497 -3.14131085010 -2.97619525068 -2.89760877881 -2.99521127562 -2.74987335014 -2.53304740069 -2.52816786311 -3.28085575795 -1.91617201655 -2.87957546512 -2.80894770324 -2.59672594569 -4.08469817405
