# Number of parameters = 203 Objective function value = -3576.67043265310  Maximum gradient component = 1697.14674013728
# theta[1]:
-0.580063500776
# theta[2]:
7.01231482270
# theta[3]:
5.86520673928
# theta[4]:
6.33307735519
# theta[5]:
0.912047721230
# theta[6]:
4.00000000000
# log_rinit_devs:
 0.204038821651 0.135740915864 0.126118910467 -0.0571946603602 -0.408703987622
# log_rbar_devs:
 1.75811576168 1.54123148127 1.32883802761 1.35891061626 1.17495543495 1.48950201748 1.01376924056 0.893909473860 0.813353489699 0.879374315090 0.795430171571 0.721165353965 0.816056163704 0.901701615832 1.12154569697 1.03717843855 1.10137605450 0.868042932771 1.04126823191 0.774490305207 0.793665209715 0.903032640258 0.854157087006 0.638296111687 0.778888566650 0.884724692073 0.824560162310 1.30619759043 0.843425084578 0.626517072087 0.342711435293 0.394884187810 0.381218981176 -0.118514205848 -0.394737829325 -0.757975569279 -1.25213527860 -1.42409096607 -1.48895328557 -1.54684324396 -1.50574943523 -1.57844590906 -1.55969147268 -1.56766571624 -1.40572537910 -1.98430421163 -2.29004662194 -2.74702181007 -2.44223089278 -0.906359101100 0.503103866515 -0.695997849877 -2.07886115876 -1.07821021133 0.438246405249 -0.263710149229 -1.30238797383 -0.419960826277 1.20503460592 -0.562614099377 -2.32249262200 -1.24075490254 1.31033607216 -0.995230072503 -1.71568548561 -1.39558987835 0.0706809192796 -0.0720043722895 0.913673885912 0.937733604149 -0.436650145847 0.338933728607 0.712486666996 0.257491419422 1.53685440245 -0.398386508549 0.319546550706 0.467967185461 0.720463128114 0.959302918344 0.586041018827 0.554100767373 -0.459436468165 -0.918839643802 0.0305489411041 -2.03527938643 1.09886665158 -1.48090093491 0.220350056954 0.286265245682 0.372961932857
# mat_params[1]:
 6.80789245669 9.74064450381
# mat_params[2]:
 6.69083600816 10.0734228680
# mat_params[3]:
 4.09707203915 6.20733898494
# mat_params[4]:
 3.71725868077 5.41616346484
# log_m_devs:
 0.0954089714742 -0.0954089714742
# log_slx_pars[1]:
 1.29936486615 -0.476306895951
# log_ft_pars:
 -1.04577332557 -1.12195725195 -1.53570660493 -1.38471049341 -1.05570682988 -0.911836451319 -0.959486834473 -1.30963094674 -0.849625821411 -1.58426815556 -1.72231825485 -0.981918207566 -4.02216241980 -1.02544111033 -2.97071202043 -2.13025066014 -1.81728183178 -1.34604351484 -1.15962021346 -2.05625333347 -2.18080189821 -2.25962136647 -2.52382056205 -1.98111800084 -2.30142084728 -2.98271858526 -2.45550984349 -1.84877006172 -1.87422536675 -1.31672775203 -0.757426049404 -0.686626563055 -0.996816007442 -1.35558546527 -1.25923876707 -0.407243238704 -0.760371179326 -1.01424584755 -3.71352572772 -3.75867720116 -2.96055452563 -2.48873067383 -2.77250826038 -2.97595723016 -2.78727097853 -2.70112480576 -1.54808406678 -1.95510203205 -8.57510310498 -3.87416362567 -2.11328407864 -1.83702519477 -2.19522638847 -1.70936999486 -1.78364647520 -1.89695556867 -1.57288242021 -1.78180693266 -2.41245913484 -1.72535640147 -1.18663892020 -2.14242145088 -3.11254405590 -2.42782244961 -1.57744626906 -2.12965400287 -2.69525650956 -1.59926602872 -1.78687806916 -2.56289679193 -2.33073548127 -3.02767573077 -2.12279858807 -2.33395041134 -2.94029069216 -2.61384260903 -2.47570246542 -2.49108316376 -2.35299004208 -2.22210161572 -2.26605477769 -1.99765705278 -1.78343814232 -1.75983090234 -2.51616938589 -1.15637341577 -1.83868739881 -1.72861307442 -1.35345640444 -2.89937780141
