# Number of parameters = 200 Objective function value = -3536.56413698977  Maximum gradient component = 0.000147230676644113
# theta[1]:
-0.225302553342
# theta[2]:
7.90313329663
# theta[3]:
7.34530705038
# theta[4]:
7.71549704224
# theta[5]:
0.483782455745
# theta[6]:
4.00000000000
# log_rinit_devs:
 0.0606941456494 0.0658436636718 0.113346197537 -0.0227900656169 -0.217093941241
# log_rbar_devs:
 0.955417749063 0.798802686759 0.626693927833 0.660380357460 0.516385942055 0.813448007443 0.486418427586 0.452742772762 0.481007208377 0.606682925225 0.582176020457 0.595121572996 0.710254066094 0.784170302832 0.954682051934 0.822232403296 0.827743516904 0.646618263296 0.826926497051 0.605508900028 0.594758156446 0.654302794662 0.573733293189 0.357975969624 0.440351937003 0.470156288369 0.350968459708 0.682394254704 0.213077277567 -0.0403975425463 -0.294893542585 -0.226583782864 -0.232247724129 -0.679231191193 -0.933605528345 -1.16511007889 -1.45443039489 -1.53410955471 -1.60131826676 -1.71341211700 -1.73721854515 -1.82876023778 -1.83588642276 -1.85717670863 -1.74396767754 -2.18766472982 -2.27947734312 -2.44489243975 -1.88930926434 -0.439612323201 1.12163833438 -0.192109805444 -1.61870923087 -0.597335490929 1.00791460236 0.274597389198 -0.777727556709 0.0902227514781 1.78832222611 -0.0170001505376 -1.77042102697 -0.701378492877 1.90261293359 -0.549466226273 -1.28661336165 -1.00172926469 0.466013419548 0.345403495480 1.39041577657 1.41552089547 -0.0317771325717 0.744518618153 1.09932615066 0.588427716678 1.89917615055 -0.257431101314 0.401432004591 0.454442488025 0.721482091787 0.872014126177 0.474679050359 0.440317398467 -0.356336123830 -0.719577180512 0.284810996082 -1.57661557147 1.66409285546 -0.539543727195 1.24265127776 0.974263403861 0.357648676334
# mat_params[1]:
 7.47262837916 10.2452534209
# mat_params[2]:
 6.66499593881 9.76125914871
# log_m_devs:
 -0.0112019619166 0.120336343795 -0.109134381878
# log_slx_pars[1]:
 1.51140446081 -0.311579983982
# log_ft_pars:
 -1.12204369960 -1.20650285082 -1.65484358671 -1.52798759633 -1.23119841501 -1.11126473273 -1.21733702822 -1.65962276146 -1.30183424052 -2.12402944653 -2.30086507020 -1.28194571180 -4.71067094018 -1.33400542294 -3.67953699783 -2.80040881196 -2.47419174130 -2.01795670758 -1.86902194202 -2.78108188008 -2.88647988556 -2.92852366309 -3.14011437670 -2.57952151543 -2.87512573685 -3.49322774000 -2.89847935652 -2.20747085753 -2.16976797889 -1.60844216710 -1.08894469353 -1.06092325861 -1.37800364924 -1.73796684287 -1.66610661716 -0.911018555712 -1.45414698297 -1.83224271974 -4.53185726652 -4.49897981805 -3.63605997665 -3.11284037865 -3.35017750601 -3.51885003147 -3.30089888306 -3.20450690337 -2.14548442952 -2.68729291994 -9.44518850152 -4.78050160622 -3.24056361568 -2.92193759532 -3.28796984365 -2.75788870509 -2.85467216893 -2.92710261102 -2.64832175696 -2.85288501037 -3.50176976008 -2.76858561790 -2.32685685889 -3.24628379667 -4.19189699644 -3.40829966525 -2.60754898371 -3.09316418205 -3.52366001621 -2.39621981232 -2.73385297998 -3.51571621678 -3.23621781733 -3.88890117327 -2.92441073559 -3.08109639220 -3.73700419880 -3.31860083606 -3.13809723571 -3.02289896416 -2.76182809303 -2.56533388557 -2.73049708405 -2.54917132589 -2.39483733604 -2.46771928340 -3.29657126479 -1.99472529610 -2.94617928513 -2.95110344572 -2.87155832325 -4.49493655108
