# Number of parameters = 204 Objective function value = -3589.58958910605  Maximum gradient component = 0.000519946706520223
# theta[1]:
0.0946296846106
# theta[2]:
9.60111394214
# theta[3]:
9.23670624938
# theta[4]:
9.57023844870
# theta[5]:
0.584721270729
# theta[6]:
4.00000000000
# log_rinit_devs:
 -0.117268539096 -0.0845084731061 0.0558276439540 0.0210566691678 0.124892699081
# log_rbar_devs:
 0.622741658459 0.467657737099 0.274644312403 0.368394595077 0.264594918113 0.685007335653 0.348560421245 0.326703610441 0.363148482488 0.480194433010 0.416575356028 0.367292536647 0.436658063071 0.493681370697 0.683389923831 0.550116276489 0.630029137591 0.443386420235 0.688171911453 0.439882138245 0.421030087159 0.481955074784 0.380758873787 0.113338417648 0.196451555665 0.209587594517 0.0621245981258 0.445839317611 -0.0575148688910 -0.260859031880 -0.409566959645 -0.170682875957 -0.0662232275681 -0.484567274064 -0.630209900602 -0.732250400451 -0.957534851333 -1.01420910036 -1.09476735890 -1.24830617450 -1.27899905029 -1.39839180539 -1.41603279884 -1.44769795440 -1.32792703930 -1.82659836545 -1.90555903583 -2.08658656806 -1.57331346540 -0.143144533929 1.47659440395 0.131974320871 -1.26259167293 -0.261070946215 1.33424603668 0.600747046328 -0.447080259461 0.389575759501 2.11481079585 0.324868515545 -1.41872127671 -0.403183718935 2.17112716832 -0.257906353720 -1.02015641136 -0.768081958915 0.657747724741 0.567334179569 1.59530552189 1.62443875006 0.190242944783 0.958266808501 1.27169951394 0.756531503668 2.07473398554 -0.168945876620 0.378429136118 0.342112083427 0.558762345822 0.755020860372 0.337493722017 0.267503795228 -0.788886764967 -1.29065549060 -0.334511824648 -2.42257196808 0.829394045566 -1.55404060435 0.235057425823 0.0107621649269 0.312651051926
# mat_params[1]:
 7.95372115919 10.4451784273
# mat_params[2]:
 8.71059931185 11.6976560408
# mat_params[3]:
 6.64215103439 9.02111203296
# log_m_devs:
 -0.0333924553628 0.0344524571022 -0.00106000173937
# log_slx_pars[1]:
 1.61204646739 0.130151597620
# log_slx_pars[2]:
 1.74870461181 -0.281826824319
# log_ft_pars:
 -2.26679062640 -2.38713254031 -2.79800868178 -2.67280425052 -2.40739376231 -2.43962489839 -2.56771339496 -3.00020477459 -2.66315393478 -3.50434957329 -3.63044278312 -2.34899412515 -5.96852187775 -1.49299833815 -4.88112567499 -3.93802117825 -2.72628021302 -2.30656995225 -2.20471352070 -3.14087543476 -3.25001383081 -3.29374203889 -3.48822535745 -2.91400100704 -3.20559682995 -3.79664244904 -3.16489892023 -2.46552076935 -2.42969842385 -1.90987425824 -1.48938909683 -1.56987510574 -1.98067562790 -2.41445660756 -2.44018637169 -1.84209040211 -2.51938787143 -2.94717893579 -5.62923318032 -5.55005549130 -4.65603590245 -4.11251290839 -4.32002717600 -4.47209092362 -4.24786741210 -4.13333006281 -3.09244448952 -3.65171953877 -10.3567815901 -5.60018612356 -4.02587633667 -3.69246417298 -4.19341265418 -3.82191487594 -3.80659504875 -3.76391276388 -3.54326814138 -3.84637771882 -4.38783058117 -3.57791262563 -3.26594487317 -4.34420018560 -5.09636144165 -4.14432400463 -3.45149360722 -4.13174774284 -4.47419312825 -3.17029330728 -3.44354582616 -4.20806711295 -3.96411030124 -4.71115382754 -3.73900992951 -3.84048217507 -4.45318747452 -4.00347572800 -3.87792603586 -3.80613949977 -3.40836545577 -3.07261224083 -3.01590402162 -2.73038432160 -2.49305396661 -2.47979325811 -3.18769743338 -1.70650340340 -2.52911487539 -2.38455453009 -2.28520574462 -3.88050660254
