# Number of parameters = 206 Objective function value = -3711.35490801135  Maximum gradient component = 0.00108342536081753
# theta[1]:
-0.295742081913
# theta[2]:
8.13203463313
# theta[3]:
7.14557791223
# theta[4]:
7.53343347200
# theta[5]:
0.816372307017
# theta[6]:
4.00000000000
# log_rinit_devs:
 -0.00542091299682 0.00826513794679 0.0823417705769 -0.00397089328491 -0.0812151022420
# log_rbar_devs:
 1.30156714189 1.11642776520 0.913602085936 0.932443689153 0.767912720524 1.05501065861 0.671457160754 0.584138890358 0.550625272642 0.627116892520 0.575561105309 0.566924253539 0.684696439666 0.782740731878 0.987228263332 0.878609852519 0.926413453180 0.736527324804 0.918889133684 0.688067819062 0.680872022808 0.748188979926 0.670470275306 0.446675381431 0.533857242405 0.577039156565 0.480794880783 0.851971463425 0.407459366445 0.188240025851 -0.0475593316814 0.0489426261977 0.0718958087886 -0.350718355280 -0.552608459749 -0.747441177563 -1.03181356433 -1.09764497466 -1.14904893039 -1.24902777042 -1.25126013453 -1.34854230858 -1.36308457021 -1.40074575083 -1.31581190949 -1.86889703929 -2.07388942998 -2.36080878277 -1.92543618184 -0.499325141318 0.977796878469 -0.277622347249 -1.71750693024 -0.696418720182 0.907460293759 0.177071847610 -0.873099681798 -0.0105554997946 1.70010994442 -0.132319149654 -1.89274850158 -0.793352365439 1.84740050779 -0.631805365594 -1.36571279890 -1.08106098061 0.388415480429 0.254800538395 1.29394806855 1.32381248240 -0.125759020237 0.654148554219 1.00566768086 0.485279452031 1.86476334291 -0.370038328534 0.259610536876 0.194460593522 0.316169668498 0.314994468649 -0.0911204498857 -0.128878243612 -0.944087750048 -1.31386255136 -0.278428509735 -2.16172301888 1.11565567020 -1.33098425785 0.433802768319 0.144075545615 0.218936076073
# mat_params[1]:
 7.54678016672 10.2867347599
# mat_params[2]:
 7.66921937220 10.7598987810
# mat_params[3]:
 6.23442861668 9.20456470553
# mat_params[4]:
 5.17141735172 7.66356890462
# log_m_devs:
 0.147954327142 -0.236463824393 0.0885094972511
# log_slx_pars[1]:
 1.39269114129 -0.336685246698
# log_slx_pars[2]:
 1.69517036436 -0.233461649424
# log_ft_pars:
 -1.47436725767 -1.55845510549 -1.96223531044 -1.79499345367 -1.47087656290 -1.35919569049 -1.43726085666 -1.81529589383 -1.40066200111 -2.17682169463 -2.30611928926 -2.15230805444 -4.70390648912 -2.27242094363 -3.70714229270 -2.80318103738 -2.46256122090 -1.99408802066 -1.85699632945 -2.77143301520 -2.86863486080 -2.91769989419 -3.13701063663 -2.56026030117 -2.85178836789 -3.48796032122 -2.90471856723 -2.26170146280 -2.23749318903 -1.65506228499 -1.12631498423 -1.14870638086 -1.54374015223 -1.92778774936 -1.85298616740 -1.12953747980 -1.71254379058 -2.12142954881 -4.84118087982 -4.82174030673 -3.97750813629 -3.47286109887 -3.73993439041 -3.90590491247 -3.66187672275 -3.53136649574 -2.40894407478 -2.86068062444 -8.83392813238 -3.95663300171 -2.10703836430 -1.84854371989 -2.42813150513 -2.09330664891 -2.00745693336 -1.98978025835 -1.79585449327 -2.12346990531 -2.59639123079 -1.81410661083 -1.53418004515 -2.67166924144 -3.39795709332 -2.49974982788 -1.85548026864 -2.58486013180 -2.97131440412 -1.65157480597 -1.78882767775 -2.53818136550 -2.35732721972 -3.15581176024 -2.20292439572 -2.32337129358 -2.88793655139 -2.50234501040 -2.43643515540 -2.41534819807 -2.05510286441 -1.66258202378 -1.76183104930 -1.61977106240 -1.52650575730 -1.66423578781 -2.54785465268 -1.21912079369 -1.84927953003 -1.54158280997 -1.30168362134 -2.85651376125
