# Number of parameters = 203 Objective function value = -3580.77047959267  Maximum gradient component = 7.08909450954546e-005
# theta[1]:
0.140565671684
# theta[2]:
9.17352100398
# theta[3]:
9.88854773848
# theta[4]:
10.2496755578
# theta[5]:
0.678543088013
# theta[6]:
4.00000000000
# log_rinit_devs:
 -0.00388628640846 -0.0133986279482 0.0978144739614 -0.0284717201498 -0.0520578394550
# log_rbar_devs:
 -0.244065909610 -0.345809801164 -0.483993001621 -0.318623189582 -0.360474132502 0.160204877028 -0.0819898980052 0.000825917417106 0.158309727277 0.364581787193 0.365862947064 0.384488055350 0.535379441269 0.648251805605 0.887560710572 0.738966717161 0.753799149074 0.573988714089 0.821716875258 0.551924457325 0.517041551982 0.567722156119 0.451728333262 0.162363604588 0.235379909287 0.241627003132 0.0909458303957 0.498089500593 0.00721992162740 -0.164771331979 -0.284625562703 -0.0131332676413 0.113794100925 -0.298739724901 -0.430382439837 -0.525940255376 -0.763500127092 -0.834975857273 -0.930831665098 -1.10205721883 -1.14369030730 -1.27726888445 -1.30488259668 -1.34275640297 -1.22396193524 -1.73531209569 -1.81954610481 -2.01380463713 -1.50543445196 -0.0789079789214 1.55780795408 0.217058729174 -1.16981603864 -0.178357614898 1.41363246308 0.675412510956 -0.379374806337 0.458966115501 2.20117962577 0.398186840697 -1.36115709813 -0.343754028982 2.23858202611 -0.201509601569 -0.971679636827 -0.725529879912 0.697570375995 0.608629475996 1.63284734636 1.66175933061 0.211568358260 0.973812686894 1.27266065906 0.724275617369 1.98502548665 -0.308540787968 0.206040728665 0.185876124044 0.428046478357 0.650464635139 0.252705054548 0.191217521780 -0.827139910182 -1.28478411328 -0.324909089648 -2.32282740457 0.927826273999 -1.38022089780 0.375348647512 0.124380845116 0.306424681805
# mat_params[1]:
 8.24714109213 10.4410977050
# mat_params[2]:
 9.35171562951 12.3252497652
# mat_params[3]:
 7.16177238116 9.54461151858
# log_m_devs:
 -0.0318886657538 0.0318886657538
# log_slx_pars[1]:
 1.75688289405 -0.209928002450
# log_slx_pars[2]:
 1.90978262205 -0.334503951610
# log_ft_pars:
 -0.938108465659 -1.10426263609 -1.61805733964 -1.57352829376 -1.36808849486 -1.41210826466 -1.65042111300 -2.21390782375 -1.98786747753 -2.91292004489 -3.13882697945 -1.24117903662 -5.63446917478 -0.614762601787 -4.63058761019 -3.77486849640 -3.48143681754 -3.05786159761 -2.95462009380 -3.87718402622 -3.96384660980 -3.99162370896 -4.17093151591 -3.57511328481 -3.85056073057 -4.43042001694 -3.78784338344 -3.10402118724 -3.06772197224 -2.54724806546 -2.14665763293 -2.28150546280 -2.73929321823 -3.18114599888 -3.20076333200 -2.61343804922 -3.30314048523 -3.72449546426 -6.39081653889 -6.29255134610 -5.38327863469 -4.82638105698 -5.03013365518 -5.17016430829 -4.93175129482 -4.80377690189 -3.75809734247 -4.30360664514 -11.0201950861 -6.35804423902 -4.88554916114 -4.45677167426 -4.85090119463 -4.43852338946 -4.54155918835 -4.49447129229 -4.21163698765 -4.49141552830 -5.15683297623 -4.30757640338 -3.91069189777 -4.93516529221 -5.83146646008 -4.85819634120 -4.08081094534 -4.69569141239 -5.08952673491 -3.83861251427 -4.17674464945 -4.92943468256 -4.61471490213 -5.31695597536 -4.35455016959 -4.44329910918 -5.07538705683 -4.55537365723 -4.35697595811 -4.23731033198 -3.84209331046 -2.60222168982 -2.42668685451 -2.15791814053 -2.00065921826 -2.09302306853 -2.88064123464 -1.43179928531 -2.02484937299 -1.81006630366 -1.70747833488 -3.40596619976
