# Number of parameters = 205 Objective function value = -3528.70742431896  Maximum gradient component = 9.20240918643517e-005
# theta[1]:
0.165639591518
# theta[2]:
10.6455714702
# theta[3]:
9.48543547770
# theta[4]:
9.80867155554
# theta[5]:
0.532957774668
# theta[6]:
4.00000000000
# log_rinit_devs:
 -0.293480350093 -0.177040946327 0.0639240479571 0.103647339791 0.302949908672
# log_rbar_devs:
 1.21458917694 0.989604128167 0.711799986874 0.719860346915 0.543735834299 0.962671295339 0.521342115504 0.436262854947 0.419728776860 0.506265647538 0.409067129411 0.343681117270 0.413475482740 0.473528086121 0.700554913893 0.556765797050 0.680717516699 0.473835674860 0.754175956234 0.475135868086 0.456409660221 0.529478855856 0.418777725648 0.116548679875 0.209890186507 0.231710536996 0.0804846384752 0.531399761305 -0.00712721989603 -0.203617693057 -0.346899429958 -0.0582368719131 0.0729285977375 -0.379680290575 -0.527853205793 -0.634629500349 -0.889306851562 -0.959023429441 -1.05591576792 -1.23503460572 -1.27465996033 -1.41525680787 -1.44060504297 -1.47861098195 -1.34917081832 -1.91631373542 -2.02696050186 -2.24119051873 -1.75990350773 -0.299571562206 1.32433949170 -0.0548387115412 -1.40195014715 -0.422061629240 1.14937180352 0.427415190324 -0.614345411407 0.215511262984 1.90325029296 0.155721871897 -1.51434395027 -0.578886422162 1.94013237055 -0.423606203170 -1.18259957303 -0.927565430612 0.476448687418 0.395878719914 1.40722637327 1.43289462695 0.0253417891565 0.791346625884 1.09921487855 0.601989915404 1.87304999003 -0.312345224004 0.242758129977 0.245605571582 0.502570423678 0.721772622225 0.324777005585 0.278578257422 -0.714058040893 -1.17305661906 -0.201697782093 -2.19884813237 1.07821945269 -1.28191153791 0.451480031079 0.185352499497 0.297008885886
# mat_params[1]:
 8.49021365436 11.2541994942
# mat_params[2]:
 6.88030995444 9.22054817372
# mat_params[3]:
 6.90687198876 9.25635365593
# log_m_devs:
 -0.0301237306551 0.0301237306551
# log_slx_pars[1]:
 1.73589209664 -0.215324779521
# log_slx_pars[2]:
 1.93628598372 -0.257727356486
# log_slx_pars[3]:
 1.81460156341 -0.476188916915
# log_ft_pars:
 -2.32953156144 -2.37528331845 -2.76830253860 -2.58792221037 -2.25085038313 -2.13642494637 -2.22369107690 -2.63191166467 -2.24126185001 -2.98603401618 -3.05811723874 -6.43264367363 -5.36551482221 -6.16586723712 -4.24945066101 -3.30376026872 -2.97943799466 -2.54895965538 -2.46575170023 -3.39979146497 -3.49938825493 -3.53949399029 -3.73095943421 -3.14016705039 -3.41964650545 -4.00901803820 -3.37778146098 -2.72136748989 -2.68992150318 -2.16062909339 -1.73128383936 -1.84536599938 -2.30777421886 -2.74632945244 -2.75155202075 -2.13902425912 -2.80208016518 -3.21276362249 -5.87578324283 -5.77640686228 -4.86646954764 -4.30673740825 -4.51432959383 -4.65292975019 -4.41079848199 -4.27885587091 -3.21941852193 -3.73572935108 -10.4341336871 -5.83866772249 -4.38389342845 -3.97791451880 -4.39037476064 -3.97152865616 -4.04009455393 -4.00136367645 -3.73042289529 -4.00961399272 -4.62941494106 -3.79309171182 -3.40742044908 -4.43704332773 -5.29701371169 -4.33965774734 -3.57620781008 -4.19532749009 -4.60046347442 -3.37025089809 -3.70581754813 -4.46099685557 -4.16305714239 -4.87487096913 -3.92016463082 -4.03210343010 -4.68776345491 -4.19967346584 -4.03424495436 -3.94541138758 -3.59947176893 -2.27900882975 -2.13318980364 -1.87476283754 -1.71924988690 -1.81658956202 -2.62390149666 -1.19407101269 -2.15385409861 -1.95303815920 -1.84552478842 -3.50636707801
