# Number of parameters = 207 Objective function value = -3673.04716323684  Maximum gradient component = 0.000236393775985027
# theta[1]:
-0.350903620043
# theta[2]:
7.16633575103
# theta[3]:
6.58235200947
# theta[4]:
7.13796791912
# theta[5]:
0.506786412890
# theta[6]:
4.00000000000
# log_rinit_devs:
 0.198106977430 0.127969755714 0.115715294571 -0.0336137631491 -0.408178264566
# log_rbar_devs:
 1.11006268109 0.928124928868 0.753038012703 0.812622090267 0.678605609173 0.949045572315 0.590210257647 0.535864475429 0.519805701737 0.625980606502 0.589395530744 0.506596992224 0.532496517736 0.546900016297 0.710793424359 0.732137053992 0.913904606438 0.726747156466 0.870191613691 0.638012622770 0.633822358217 0.701227980615 0.636627205682 0.432774790899 0.515570710459 0.568155423401 0.495084120344 0.856378441851 0.455521549560 0.262006341858 0.00830146201936 0.0253017095762 -0.0110295431234 -0.436092880103 -0.650783234761 -0.924208461434 -1.30737370620 -1.43699266697 -1.50192369835 -1.57242418649 -1.55656876600 -1.63449503791 -1.63833477608 -1.66433246982 -1.55941355696 -2.07353398405 -2.28801747649 -2.59538525722 -2.13887045507 -0.683033880992 0.745829676481 -0.515797199014 -1.96089607705 -0.933680535075 0.661345530243 -0.0675438124062 -1.10798842121 -0.240425726596 1.43867130725 -0.388530095097 -2.13740665366 -0.992697162403 1.66221035209 -0.790392335574 -1.49429985968 -1.17843134606 0.308897641249 0.174630871421 1.22947479167 1.26512037811 -0.163035260353 0.627835502908 1.01513009896 0.548043992271 1.85189581307 -0.189971401111 0.542678998692 0.685039901814 1.05486245504 1.34183287119 0.903465359684 0.848567718967 -0.0710072766811 -0.538697824759 0.424952673290 -1.65433174548 1.57358915418 -0.878512219229 0.938318617677 0.723116603625 0.549641114642
# mat_params[1]:
 7.04668542194 10.2621260393
# mat_params[2]:
 5.42275774733 8.13773124980
# mat_params[3]:
 5.18518488328 7.68281983273
# log_m_devs:
 -0.118784857092 0.0410210325567 0.0214251575894 0.0563386669461
# log_slx_pars[1]:
 1.22595887648 -0.591642085587
# log_slx_pars[2]:
 1.68154957426 -0.180690283837
# log_slx_pars[3]:
 1.64127883288 -0.380334671114
# log_ft_pars:
 -1.29339097010 -1.37092793336 -1.78369083808 -1.64797748401 -1.35579345207 -1.25074949971 -1.33962765839 -1.73879254944 -1.35802781096 -2.17573537180 -2.35193584011 -0.992218894121 -4.61237980453 -0.795917083732 -3.41814917217 -2.59020613717 -2.33880614439 -1.86317161812 -1.70642087373 -2.61903675704 -2.71665805119 -2.77503167139 -3.00591522621 -2.43256039910 -2.72989236738 -3.38553376942 -2.81599774182 -2.17608930460 -2.15697586143 -1.55896608679 -1.00774639327 -0.992759182345 -1.34616571806 -1.69922943492 -1.59436116598 -0.806765610492 -1.30017335450 -1.65558101829 -4.37508785404 -4.38474925499 -3.56328767201 -3.07612256724 -3.36035863664 -3.54261507514 -3.31395093830 -3.19721327257 -2.05986693510 -2.50925211634 -8.40905008939 -3.54115229249 -1.60178105670 -1.35116884912 -1.95895343554 -1.64946916145 -1.53665833044 -1.51003972766 -1.29900216565 -1.64497354263 -2.10427966137 -1.31366962922 -1.01465290586 -2.19533570767 -2.95969797236 -2.09058875171 -1.45882510767 -2.23415849924 -2.69067186884 -1.39278884278 -1.47871636399 -2.22597468723 -2.07638109171 -2.91784589986 -2.00003257266 -2.15579900368 -2.69958628563 -2.33743321939 -2.30757736748 -2.36936673349 -2.16320588353 -1.98374255398 -2.04076140132 -1.84513208966 -1.69050157943 -1.75785292534 -2.54967742847 -1.15432242984 -1.72014076624 -1.55356205981 -1.43222863056 -3.01974480751
