# Number of parameters = 204 Objective function value = -3670.98559784844  Maximum gradient component = 0.000682978131535311
# theta[1]:
-0.374245285722
# theta[2]:
7.11514906003
# theta[3]:
6.57115196837
# theta[4]:
7.13471121464
# theta[5]:
0.504794376064
# theta[6]:
4.00000000000
# log_rinit_devs:
 0.212645918763 0.136627416750 0.118013598669 -0.0378066565170 -0.429480277665
# log_rbar_devs:
 1.08728229240 0.905141292941 0.731244897493 0.793882018003 0.661505252678 0.932883706605 0.575263315697 0.523652131489 0.510917269371 0.621172158218 0.587018198832 0.497136902716 0.513374786244 0.514841124127 0.667116148421 0.691915082234 0.874552058740 0.687600314215 0.829432202888 0.597348060318 0.594895619502 0.664168395894 0.601917018112 0.400397810911 0.485116692850 0.540476685608 0.470468087540 0.833783198062 0.435656589539 0.243944429822 -0.0103719379926 0.00364976697683 -0.0347140247845 -0.459614728774 -0.674022155459 -0.950860614209 -1.33911298873 -1.47060304472 -1.53389277655 -1.59993422491 -1.57984075329 -1.65367371182 -1.65362722877 -1.67591535671 -1.56681997266 -2.07388457296 -2.27876626906 -2.57364395711 -2.10040346063 -0.646457341153 0.784864574003 -0.479219181805 -1.92560203466 -0.897633669968 0.698979089612 -0.0315807792281 -1.07295099369 -0.204647551112 1.47638265660 -0.353287499715 -2.10227132528 -0.957270631359 1.70015621017 -0.755890517337 -1.45974670631 -1.14372751696 0.343439637082 0.207268743830 1.26262561756 1.29887994317 -0.131163021147 0.660512707150 1.04741116888 0.579635585348 1.88602969077 -0.158944694032 0.574923902033 0.717068345871 1.08695592347 1.37516871995 0.935686341094 0.881073842986 -0.0399292950785 -0.512959830549 0.436053742068 -1.65552450646 1.53334565363 -0.909499643142 0.887478763497 0.658484583619 0.557829567281
# mat_params[1]:
 7.04044237443 10.2660149908
# mat_params[2]:
 5.44343031719 8.15611392265
# mat_params[3]:
 5.16495599356 7.72249877833
# log_m_devs:
 -0.109684169482 0.0529047148971 0.0567794545850
# log_slx_pars[1]:
 1.22185636478 -0.599304703312
# log_slx_pars[2]:
 1.67533084231 -0.206558343326
# log_ft_pars:
 -1.27010564869 -1.34742127723 -1.76106716236 -1.62769738213 -1.33729803311 -1.23360026950 -1.32360717146 -1.72516121095 -1.34764123692 -2.16995553139 -2.35110288135 -0.919290391692 -4.59639934053 -0.705762916378 -3.37449965013 -2.55005755962 -2.30056690194 -1.82467022190 -1.66616314863 -2.57903439544 -2.67866417850 -2.73937507671 -2.97288542284 -2.40142106243 -2.70099744909 -3.35984287991 -2.79311383056 -2.15494970544 -2.13769315236 -1.54034236940 -0.987687644802 -0.970149537805 -1.32173157896 -1.67472781317 -1.57033162351 -0.779367646389 -1.26763647798 -1.62123568587 -4.34340498084 -4.35792735959 -3.54094530772 -3.05789672496 -3.34626111721 -3.53274170047 -3.30843167998 -3.19612607392 -2.06450047723 -2.52226768254 -8.43446099170 -3.55496229613 -1.60841121041 -1.37174277280 -1.99026557408 -1.67775689919 -1.55102128910 -1.52690475477 -1.32586003562 -1.66994629418 -2.11646542678 -1.33271408025 -1.04531823273 -2.22320022931 -2.97012303465 -2.10686482841 -1.48780474997 -2.26138199776 -2.70466620733 -1.40257090147 -1.48900307518 -2.23875184592 -2.09628797420 -2.93824052256 -2.01459590283 -2.16852730283 -2.71016023721 -2.35278075177 -2.32692686278 -2.38546133198 -2.17400625203 -1.99407954987 -2.05517413246 -1.86194100537 -1.70738755491 -1.77362639948 -2.55961785545 -1.15888516369 -1.72762526122 -1.53466473759 -1.37027380002 -2.97446977054
