# Number of parameters = 205 Objective function value = -3700.56808462174  Maximum gradient component = 2.43989889117027e-005
# theta[1]:
-0.295422618080
# theta[2]:
7.92268707348
# theta[3]:
6.77321803366
# theta[4]:
7.25981580966
# theta[5]:
0.528190305054
# theta[6]:
4.00000000000
# log_rinit_devs:
 0.00174454345852 0.0136838089573 0.0892449779683 0.0307682005325 -0.135441530917
# log_rbar_devs:
 1.42368514048 1.23231125155 1.02918579085 1.03440000092 0.866339081338 1.09657618854 0.704884216695 0.590516173933 0.505779600957 0.533418866753 0.452077745255 0.411432060249 0.482125921889 0.530070939655 0.703085273658 0.632204429892 0.714282397643 0.526076352100 0.664681734286 0.443357736262 0.446320128265 0.518794283415 0.462123059921 0.270116456776 0.359611189511 0.419103734814 0.353836297058 0.707366471424 0.317430582229 0.119171193588 -0.136044449339 -0.118315560357 -0.148560808824 -0.560149537294 -0.775997774246 -1.03824943952 -1.39164587850 -1.49378794341 -1.53677982168 -1.59333941426 -1.56502437861 -1.62769488703 -1.61685285264 -1.62714699895 -1.51702337360 -2.00656121804 -2.18507094720 -2.43771625625 -1.91981655058 -0.484764378646 0.972023660461 -0.288867269259 -1.75215892110 -0.722018594353 0.895378234737 0.152137512726 -0.902320295221 -0.0299405833698 1.69046943161 -0.169262266790 -1.94679582499 -0.796067225796 1.89296741032 -0.616900604384 -1.33418921280 -1.03194006068 0.464239183829 0.317784085492 1.37734592693 1.41081638165 -0.0572351838619 0.729147390710 1.09467103191 0.573647379086 1.91027731250 -0.286356100396 0.384954558125 0.420662147841 0.662913193317 0.779640363230 0.382050161276 0.366740096681 -0.398308078354 -0.729703097797 0.318127010353 -1.54663296782 1.71847454827 -0.722369544268 0.988822932524 0.614446097157 0.443507949546
# mat_params[1]:
 7.27489507121 10.4486301355
# mat_params[2]:
 5.68147818879 8.39787612166
# mat_params[3]:
 5.63504115618 8.50651252586
# log_m_devs:
 0.0109838511897 0.0880612700947 -0.215117265599 0.116072144315
# log_slx_pars[1]:
 1.27066051196 -0.502458493993
# log_slx_pars[2]:
 1.68083483270 -0.237296190380
# log_ft_pars:
 -1.66763024863 -1.73110025552 -2.11568926648 -1.93649285009 -1.60650985105 -1.46642256227 -1.51516957162 -1.85956424432 -1.41224055659 -2.14645040152 -2.23978211110 -2.51248164319 -4.59047917185 -1.78669534695 -3.47286122074 -2.55500648272 -2.20870949600 -1.73766950388 -1.58010574814 -2.49385369174 -2.60003622050 -2.66469654876 -2.90303734927 -2.33828389234 -2.64498660526 -3.30846213211 -2.74709750155 -2.10892334551 -2.09490437774 -1.50430749579 -0.953731151792 -0.938610735249 -1.29400472842 -1.65540067720 -1.56038914923 -0.779121324090 -1.28921554608 -1.66669624814 -4.40560235035 -4.42930454929 -3.62226188032 -3.15051343535 -3.45099201014 -3.64821829963 -3.43241290364 -3.33207007013 -2.22577924210 -2.71058418722 -8.64367665072 -3.74196369418 -1.84111781117 -1.59615307031 -2.19087499975 -1.85281552232 -1.73977750805 -1.72486567567 -1.53311831994 -1.85996871229 -2.32385074738 -1.55198488647 -1.27389214334 -2.41654818362 -3.15700320208 -2.29306433820 -1.67240810236 -2.40877065650 -2.80547359775 -1.49607026424 -1.62029252466 -2.37286858310 -2.21064202303 -3.02074403545 -2.07192444988 -2.19573473191 -2.73556984522 -2.35392341334 -2.29291371513 -2.28612386912 -1.97132491403 -1.65771986555 -1.79409586929 -1.67720083081 -1.60059362590 -1.75708337202 -2.65818602074 -1.36124276493 -2.07015969737 -1.78873864204 -1.55080326105 -3.07792595219
