# Number of parameters = 201 Objective function value = -3631.04331192967  Maximum gradient component = 7.28004622566612e-005
# theta[1]:
-0.422934546330
# theta[2]:
7.67215956836
# theta[3]:
6.66549517365
# theta[4]:
7.07270515422
# theta[5]:
0.853052419217
# theta[6]:
4.00000000000
# log_rinit_devs:
 0.0956861792674 0.0903672776276 0.114181819836 -0.0333738824470 -0.266861394284
# log_rbar_devs:
 1.42022738248 1.24847939627 1.06698377518 1.07438513044 0.902257873447 1.14858629096 0.770532501478 0.677859400807 0.644372490549 0.723930884588 0.665981948484 0.635911963690 0.720756258475 0.791344068029 0.980125873381 0.885539432179 0.905735009414 0.708492038575 0.867690396686 0.663427764531 0.674102932554 0.755141544304 0.701643552682 0.516127017001 0.626953459570 0.696356153005 0.624586603537 0.985353427006 0.560634290752 0.319275650538 0.0459640156095 0.0879766905176 0.0743098598097 -0.369042437426 -0.644647225657 -0.927878270905 -1.25739768287 -1.32964019204 -1.35641795495 -1.41967245562 -1.39858084135 -1.46566568407 -1.45551308418 -1.46662796689 -1.37013218646 -1.91188386801 -2.16593395976 -2.50624655828 -2.11322047970 -0.656964108319 0.801491953492 -0.423141223292 -1.86552194018 -0.850090560357 0.745541383510 0.00980328345141 -1.04654501555 -0.162528516831 1.53797131897 -0.303513490592 -2.08623991308 -0.975777748402 1.65962419076 -0.806327669906 -1.53608333607 -1.23666395478 0.253925688460 0.102971276181 1.13892999594 1.16390865959 -0.287961431834 0.486938483551 0.847610275507 0.320488411231 1.65260307237 -0.513047074318 0.172883391094 0.234638491641 0.505962990537 0.648227600742 0.231069514707 0.185955095331 -0.629548108450 -1.00390955586 0.000666738698070 -1.89459931782 1.32003377215 -0.877750935216 0.990600593244 0.838560476616 0.293263014699
# mat_params[1]:
 7.43214647030 10.2526717473
# mat_params[2]:
 7.43972948460 10.6723391811
# mat_params[3]:
 5.27667476416 7.91537406935
# log_m_devs:
 0.147793514063 -0.147793514063
# log_slx_pars[1]:
 1.44835697459 -0.350228510116
# log_ft_pars:
 -1.10148556681 -1.17546301343 -1.60299252894 -1.45665464223 -1.13489334315 -0.981512001559 -1.04141367739 -1.42608915434 -1.00593292545 -1.77239968662 -1.91596823174 -1.15886365203 -4.26228517732 -1.07648702668 -3.18301836303 -2.31435612213 -1.99002939430 -1.52102890841 -1.35180625689 -2.25948495229 -2.38170352160 -2.44807561590 -2.69067749534 -2.14763530295 -2.46604392562 -3.12639548549 -2.57308672839 -1.92269089639 -1.91859010270 -1.36431031064 -0.827132560409 -0.781168468369 -1.09794642761 -1.46114342179 -1.38075735828 -0.582169018596 -1.05468009225 -1.41588837542 -4.15030332041 -4.17600529894 -3.36643812481 -2.88936315719 -3.17332471101 -3.37043581473 -3.16372046168 -3.06866341694 -1.95487154293 -2.41059845093 -9.05134531371 -4.29007072907 -2.58754734353 -2.30109100218 -2.68024465171 -2.16285916973 -2.23758783751 -2.33726136954 -2.05603620108 -2.25797489241 -2.89288524137 -2.19221502162 -1.73703886683 -2.66414977088 -3.59862194318 -2.86508545940 -2.06357803295 -2.56245080942 -3.01445645509 -1.88646155736 -2.15518235201 -2.93470580555 -2.68222878872 -3.34546954335 -2.38893800370 -2.54976698472 -3.16977484810 -2.78823995594 -2.61761066101 -2.51907090147 -2.27090624781 -2.06372368342 -2.22698583326 -2.04242742528 -1.88637403658 -1.94882710473 -2.78702476717 -1.47892145726 -2.31676542296 -2.33010285079 -2.24085679999 -3.92873957534
