# Number of parameters = 205 Objective function value = -3622.07321191857  Maximum gradient component = 0.000167787641398319
# theta[1]:
-0.218244927671
# theta[2]:
7.61821457104
# theta[3]:
7.57228519318
# theta[4]:
7.85304891869
# theta[5]:
0.817182534805
# theta[6]:
4.00000000000
# log_rinit_devs:
 0.0827935235544 0.0337329877347 0.0854264051551 -0.000524925331996 -0.201427991112
# log_rbar_devs:
 0.526242370814 0.368468547495 0.182223657473 0.284500375259 0.202657146038 0.548792364356 0.230633790834 0.199468255719 0.226035526529 0.322201617770 0.299863593256 0.304596184891 0.234034871087 0.385083334389 0.636787307763 0.646364860254 0.865639278171 0.656546529811 0.848425285703 0.625146249917 0.622605655364 0.691667370357 0.613893636277 0.394392906306 0.491924789375 0.530640713647 0.413624242829 0.772707158275 0.286995470490 0.0350186044339 -0.200045496581 -0.0806260733691 -0.0504961141386 -0.494360118800 -0.719440954586 -0.902702015395 -1.15242654832 -1.20530947904 -1.26172954123 -1.37597998037 -1.39121400153 -1.48185413161 -1.48306842264 -1.50061574691 -1.37747714868 -1.82849779075 -1.89955097210 -2.05016091665 -1.48837920393 -0.0426910795937 1.53286050500 0.200550372855 -1.23046973511 -0.212464158230 1.40465200819 0.657706949446 -0.405565754297 0.455724938385 2.18730015932 0.353314627172 -1.41754136626 -0.357211741151 2.27541721726 -0.217875685211 -0.969457058447 -0.696822759561 0.766113815707 0.650215722725 1.70093386361 1.72741697213 0.263089750559 1.04039034217 1.37777146567 0.842058135644 2.26448435597 -0.0499865974465 0.502699510712 0.344587183053 0.349057886919 0.237844991970 -0.174482031438 -0.256466080174 -1.15289461082 -1.58494527818 -0.623898678909 -2.57982341409 0.577846490445 -1.66877399801 0.178906353308 0.0648095752992 0.182369795143
# mat_params[1]:
 7.29876604104 10.4244017621
# mat_params[2]:
 7.31477318782 10.4192709368
# mat_params[3]:
 5.22208249827 7.74827601662
# log_m_devs:
 -0.0964580516938 0.0699768747712 0.205700488541 -0.179219311618
# log_slx_pars[1]:
 0.509167787252 -4.05188637639
# log_slx_pars[2]:
 1.58578331092 -0.340538177931
# log_ft_pars:
 -2.08652888457 -2.16760245569 -2.54806107042 -2.44860246634 -2.18779030472 -2.24740623657 -2.31708274298 -2.73749161530 -2.40746224263 -3.27453088951 -3.42318295248 -1.50434534990 -5.68535792046 -2.98812065941 -4.78972236234 -3.90472589563 -2.34050714566 -1.87569872992 -1.73432430679 -2.65014111821 -2.76349342388 -2.80920969905 -3.02335371506 -2.47074265824 -2.77332851926 -3.39226920057 -2.80230485472 -2.11910123494 -2.09526611703 -1.56208356744 -1.06841908074 -1.05572968303 -1.39091549232 -1.77933124096 -1.74514214889 -1.03706750884 -1.62121481551 -2.02683297799 -4.73239746542 -4.69726513629 -3.83624153252 -3.31781082697 -3.55592199982 -3.72898537958 -3.51750347222 -3.42957572181 -2.39033133375 -2.94833095963 -9.69502710817 -4.96548989101 -3.39445449906 -3.11397769273 -3.55513238272 -3.04869622876 -3.05876653842 -3.11750747278 -2.88994743966 -3.10604614986 -3.68209382282 -2.95775700890 -2.59572681031 -3.54085868207 -4.36323479651 -3.56393630568 -2.83927997928 -3.35938576199 -3.69899285841 -2.50975125037 -2.83101888619 -3.61480827004 -3.36973938404 -4.04837202185 -3.05169100697 -3.18805172243 -3.84874146457 -3.45156899845 -3.30322626966 -3.12903707828 -2.68332480760 -2.24505658444 -2.32660396647 -2.11628377381 -1.94099039078 -1.99582606024 -2.77737735783 -1.38418705099 -2.01130278700 -1.92066434629 -1.83771941617 -3.49438978653
