# Number of parameters = 94 Objective function value = -337.660439651624  Maximum gradient component = 6.53281037073798e-005
# theta[1]:
-0.942257601795
# theta[2]:
3.17407233533
# theta[3]:
5.19315927785
# theta[4]:
5.38404729750
# theta[5]:
1.10280822976
# theta[6]:
4.00000000000
# log_rinit_devs:
 2.97757585255 1.81240396816 0.126151969816 -2.27797553646 -2.63815625407
# log_rbar_devs:
 -0.295841388048 -1.60863438805 -0.633797779366 0.905582228004 0.132000452494 -1.08994434850 -0.122966125502 1.71254037532 -0.282669779287 -1.94347583131 -0.999976642276 1.78520141348 -0.641670881076 -1.48419006106 -1.10642156789 0.344031950140 0.109575424405 0.921508793348 0.809718084239 -0.734075046654 0.176959850338 0.487731347624 0.0855098115193 1.28356251203 -0.526503231260 0.0759713597268 0.285519915283 0.623838770742 0.823074671014 0.541164705404 0.513019464140 -0.357166929951 -0.727548614044 0.215892590949 -1.59652042348 1.48892301544 -0.863114892175 0.795557516913 0.688390515871 0.209243161503
# mat_params[1]:
 3.25000000000 4.22500000000
# log_m_devs:
 0.218958953804 -0.282407483326 0.0634485295224
# log_slx_pars[1]:
 1.41471696984 -0.294668019398
# log_ft_pars:
 -1.43526702337 -1.89030122690 -1.46175175153 -1.42315316219 -1.48565142732 -1.19257190816 -1.38104254552 -1.95706032800 -1.28257900461 -0.860012666314 -1.80626273606 -2.69344524056 -1.98800942453 -1.25112783856 -1.83732151815 -2.31752950747 -1.10769785746 -1.07435455189 -1.68055347370 -1.39138429227 -2.25153153800 -1.40012014131 -1.64422653876 -2.20256460942 -1.91937546345 -1.90142515072 -1.99402262936 -1.86610599318 -1.71042315495 -1.76525642205 -1.54911233761 -1.39821211562 -1.49049999289 -2.38606893768 -1.08509885031 -1.70917726320 -1.49988283529 -1.18425781960 -2.73725380854
