# Number of parameters = 205 Objective function value = -3663.06232310075  Maximum gradient component = 0.00107627298723747
# theta[1]:
0.0855779665638
# theta[2]:
9.98451064552
# theta[3]:
9.06309938581
# theta[4]:
9.43124758033
# theta[5]:
1.06200196573
# theta[6]:
4.00000000000
# log_rinit_devs:
 -0.194195756109 -0.119520569221 0.0706697301695 0.0555125406942 0.187534054467
# log_rbar_devs:
 1.08714215775 0.895369298449 0.653727176748 0.677335483657 0.512366065679 0.884619024390 0.492393776167 0.418404139463 0.429590005992 0.530785329252 0.455621073970 0.384211424715 0.436881153081 0.491511877592 0.713664285958 0.602348603397 0.721425875778 0.529761474306 0.783797383568 0.543736633472 0.536963322092 0.613835759220 0.529488649882 0.271067601643 0.372456664833 0.413103952123 0.293892545626 0.703760007627 0.209922991124 0.0166911101483 -0.119869155822 0.154982363643 0.291051974442 -0.108057102328 -0.225005236149 -0.296420671872 -0.493824823393 -0.512476331038 -0.556036660549 -0.685079032211 -0.683513624185 -0.790703473781 -0.789888093498 -0.772276426124 -0.632885705552 -1.22764590014 -1.47060852959 -1.89307817941 -1.73661712929 -0.330818096485 1.25404099543 -0.00429973165088 -1.40168913138 -0.404369445748 1.16945793534 0.449172431448 -0.598250724524 0.239140683128 1.96508703838 0.156375155116 -1.62387089515 -0.583890870298 1.99466200722 -0.445964159238 -1.21687466772 -0.977007834830 0.448684752100 0.355537172943 1.36158385394 1.38280730438 -0.0538067501310 0.702972960397 1.01097341886 0.450061371545 1.77996178682 -0.575925512780 -0.0890036479443 -0.209747863578 -0.0892858621081 -0.0180059153275 -0.392941812801 -0.450439818129 -1.44461423656 -1.88748297029 -0.910411123529 -2.87667357264 0.348578041066 -1.89805264679 -0.0652310467672 -0.246817275040 0.0684555924603
# mat_params[1]:
 8.36625114947 10.7144832604
# mat_params[2]:
 8.96319557374 12.4244957038
# mat_params[3]:
 6.47710813532 9.17613163419
# log_m_devs:
 0.0914596207754 0.110649126035 -0.0140309896325 -0.188077757178
# log_slx_pars[1]:
 1.76398147754 -0.196913422864
# log_slx_pars[2]:
 1.79731887159 -0.264715948716
# log_ft_pars:
 -1.49000751350 -1.56651507766 -1.98258061308 -1.82723485674 -1.50493618700 -1.40480211212 -1.49789746540 -1.91302988612 -1.53506936399 -2.31011752098 -2.41342821494 -2.90007121364 -4.75203967423 -1.21849975721 -3.60203804146 -2.67822768782 -2.36607558961 -1.91946546887 -1.82752410921 -2.75931447811 -2.86509550644 -2.91828159071 -3.12638093594 -2.54563724894 -2.84646964475 -3.46585650705 -2.85887084413 -2.22283543874 -2.19485988420 -1.65871985411 -1.22065937424 -1.34496403308 -1.83364043581 -2.28355672975 -2.30017223561 -1.70627422157 -2.39893331508 -2.85840985635 -5.57854344578 -5.53287616483 -4.67629997173 -4.16420805678 -4.42281268607 -4.60279680463 -4.39112851382 -4.27646116286 -3.21015901863 -3.67656790963 -10.2361650212 -5.46505071958 -3.82315161903 -3.45966246497 -3.93536038162 -3.59349319617 -3.63513208426 -3.59084238753 -3.34517583914 -3.65754540846 -4.23337432543 -3.40441380986 -3.06674498492 -4.15550994744 -4.94180345452 -3.96109100353 -3.22895678266 -3.91818009149 -4.30290456023 -2.99209531642 -3.21790136021 -3.95741193950 -3.69222295309 -4.43683337345 -3.47801150303 -3.57358722200 -4.16543062122 -3.68969049531 -3.53421565888 -3.44452706154 -3.00174136964 -2.36019293471 -2.31705091787 -2.09707863145 -1.95935705263 -2.05548606338 -2.85867986155 -1.42903118023 -2.01253395773 -1.84417846406 -1.77753311323 -3.49570986981
