# Number of parameters = 205 Objective function value = -3635.66536113099  Maximum gradient component = 0.000122043765441256
# theta[1]:
-0.418455805010
# theta[2]:
6.74775045261
# theta[3]:
6.48726990757
# theta[4]:
7.01600965867
# theta[5]:
0.588436731847
# theta[6]:
4.00000000000
# log_rinit_devs:
 0.235036713490 0.114647676335 0.101590784709 -0.0375773519912 -0.413697822542
# log_rbar_devs:
 0.961168948239 0.762215976306 0.536775389589 0.617551830009 0.515746662146 0.797897710880 0.417638773479 0.313458567411 0.302844141733 0.308536651271 0.279326800786 0.282294789210 0.385311647280 0.597853357318 0.794969779557 0.826100413093 0.992169956318 0.769210320066 0.932675740443 0.719168828614 0.733355059843 0.819791767309 0.765569914585 0.576532024750 0.698276144773 0.774883301981 0.699347401976 1.07886951188 0.636277732883 0.381381093577 0.0933579424295 0.138194575179 0.127227604968 -0.342233308599 -0.654476193710 -0.978767826655 -1.33944779603 -1.42023941230 -1.44503400240 -1.50845309799 -1.48645234315 -1.55286042692 -1.53742102494 -1.54696335436 -1.43686470874 -1.98172068744 -2.21983860580 -2.53478271658 -2.10967646437 -0.638971095135 0.799947463080 -0.445239021538 -1.87696662573 -0.860218968708 0.721902098697 -0.00849595945873 -1.05612066283 -0.171745465984 1.50110727144 -0.314456588408 -2.06462605642 -0.958351082736 1.66412925048 -0.764873672779 -1.48184662692 -1.16511054047 0.319467378768 0.176107828790 1.21769923289 1.24848132128 -0.178999253698 0.606818032256 0.985149169498 0.508358859411 1.81643282927 -0.226732646240 0.507714541838 0.656765016680 1.03404327979 1.33610595221 0.904160626462 0.847322885526 -0.0852643018617 -0.562090702867 0.361569993870 -1.76403663297 1.37937429351 -1.11881581217 0.649942276287 0.438966019322 0.520647705688
# mat_params[1]:
 6.80430612146 9.94174164174
# mat_params[2]:
 7.19254201170 10.4798159457
# mat_params[3]:
 5.23678051553 7.85809541008
# mat_params[4]:
 4.73957685849 7.05068862065
# log_m_devs:
 -0.0819888693114 0.0819888693114
# log_slx_pars[1]:
 -0.238210400027 -7.06451263262
# log_slx_pars[2]:
 1.46807650070 -0.406099651708
# log_ft_pars:
 -1.44071005313 -1.47961765702 -1.83915653817 -1.71845381829 -1.41914106028 -1.40325785016 -1.40882004330 -1.77730745290 -1.38795080885 -2.20208735697 -2.35182226326 -2.23582462389 -4.82144664725 -1.81713527584 -3.92042376625 -3.06821846183 -1.89623930847 -1.42883354691 -1.25673814481 -2.16531617716 -2.29483471682 -2.36169407010 -2.60736730322 -2.07142438394 -2.39239076443 -3.05254726688 -2.50308865505 -1.84344487496 -1.84825745563 -1.30873250416 -0.770530250100 -0.701042215071 -0.990431862068 -1.35249082848 -1.27789784352 -0.453768514325 -0.871065359501 -1.19308223414 -3.91659967258 -3.94979897732 -3.14251287454 -2.66386700432 -2.94114618733 -3.14211954782 -2.94727046914 -2.86429557509 -1.75530687149 -2.22102704358 -8.87381573291 -4.06805167071 -2.28605496996 -2.07751036808 -2.53953292052 -2.04005425379 -2.00414537826 -2.11598674556 -1.88175100395 -2.09395303570 -2.62683289694 -1.96337555409 -1.57052576891 -2.53711152367 -3.36553707800 -2.67643457317 -1.95219189839 -2.49806798926 -2.92050952618 -1.77152126126 -2.00069629415 -2.79382165688 -2.60444005731 -3.31112377406 -2.34682156315 -2.53442570297 -3.12876551645 -2.79724221336 -2.69345246982 -2.65220219822 -2.47672316037 -2.37783297183 -2.48483769081 -2.25314855502 -2.04967229784 -2.05118122585 -2.78133404812 -1.39900163264 -2.06564153545 -1.96227755637 -1.70540090888 -3.21218902984
