# Number of parameters = 205 Objective function value = -3705.73612240803  Maximum gradient component = 0.000978985362560617
# theta[1]:
-0.277621352462
# theta[2]:
7.53255381710
# theta[3]:
7.07329424577
# theta[4]:
7.48187154903
# theta[5]:
0.757841583442
# theta[6]:
4.00000000000
# log_rinit_devs:
 0.131935437256 0.102818572159 0.115496544908 -0.0326016585762 -0.317648895746
# log_rbar_devs:
 0.916386875719 0.746353689983 0.571563698600 0.628656579330 0.492763125528 0.786135317650 0.444077452568 0.403804422030 0.415517466755 0.534684007318 0.483136970775 0.407394485140 0.426660471344 0.455706488878 0.654733076364 0.668439652800 0.852629213860 0.661769649766 0.827781731522 0.600261742087 0.592840582260 0.657580544659 0.583269285970 0.367642862078 0.450942678664 0.494897256403 0.406003209196 0.765254578539 0.340896894836 0.129702471904 -0.109651655873 -0.0366081037555 -0.0269597917905 -0.438358672320 -0.636295756925 -0.839377244383 -1.13125109942 -1.19989330346 -1.24505786724 -1.33008112151 -1.32100435554 -1.40426193140 -1.40779339675 -1.43421170595 -1.33730626541 -1.85321077921 -2.02358498075 -2.26834143087 -1.77652789712 -0.351090490296 1.13897285891 -0.133671748000 -1.58310398621 -0.559090316970 1.05472936771 0.316395881399 -0.738357094595 0.124997283147 1.84715178329 0.00332725376239 -1.76513851581 -0.655671009207 2.00569595109 -0.494243969108 -1.22647199607 -0.940430167526 0.538291764317 0.403078359714 1.45197116297 1.48486345139 0.0260247591135 0.812206805314 1.16813613319 0.650190001707 2.04208059708 -0.191583078664 0.450704383088 0.389719366261 0.511852208355 0.509441328519 0.0827894565348 0.0266996234098 -0.834159984390 -1.24880962533 -0.262157569192 -2.21079134733 0.982829429115 -1.24240856032 0.644363875471 0.527809269337 0.295147981954
# mat_params[1]:
 7.53999247403 10.6228747987
# mat_params[2]:
 6.26633066269 9.17971390775
# mat_params[3]:
 5.19958845278 7.73477440255
# log_m_devs:
 -0.0543519228611 0.0964829481760 0.154286684974 -0.196417710289
# log_slx_pars[1]:
 1.34070422596 -0.390305703553
# log_slx_pars[2]:
 1.69704826732 -0.245995872304
# log_ft_pars:
 -1.28653238374 -1.37270102867 -1.79623510845 -1.66147722327 -1.36924388467 -1.27254244979 -1.37783776878 -1.79779397386 -1.43276369288 -2.26205898262 -2.43559040126 -0.989897482640 -4.70316585387 -0.772656612401 -3.52155841094 -2.69302673605 -2.44844416407 -1.97370040762 -1.83061348226 -2.74657066563 -2.84243172168 -2.89312094748 -3.11474320889 -2.53641896216 -2.82957942674 -3.47178878095 -2.89100493425 -2.24656758152 -2.22195739279 -1.63100295752 -1.09354394381 -1.11115003541 -1.50293669870 -1.88350715116 -1.80426124296 -1.07283379675 -1.65170405481 -2.06279936767 -4.79363180686 -4.78771769704 -3.95624749833 -3.46428003858 -3.74623604946 -3.92425270702 -3.69038323120 -3.57257237164 -2.46744835931 -2.94677348207 -8.86001709875 -3.97436283725 -2.13772774625 -1.87942400516 -2.45784051850 -2.11529532844 -2.02281678529 -2.00274841892 -1.81004987131 -2.13321829775 -2.60699923689 -1.82681617815 -1.54867088555 -2.67986384371 -3.40903394675 -2.51743278567 -1.87964032697 -2.60357806576 -2.97905204120 -1.65854810106 -1.80972241276 -2.56526292628 -2.38521805770 -3.18124994804 -2.22588397045 -2.34548079640 -2.92027364659 -2.53851329374 -2.47670126116 -2.45579642364 -2.09693289035 -1.71337437124 -1.80662915279 -1.65375474246 -1.54279569212 -1.65698621804 -2.50579031396 -1.13421481980 -1.67667373741 -1.53199446480 -1.47295102507 -3.21731279146
