# Number of parameters = 204 Objective function value = -3656.32145789755  Maximum gradient component = 0.000159422698552708
# theta[1]:
0.0615684934350
# theta[2]:
8.78720601306
# theta[3]:
8.88755191520
# theta[4]:
9.54699535060
# theta[5]:
0.685277072696
# theta[6]:
4.00000000000
# log_rinit_devs:
 -0.0480578846089 -0.0226290550026 0.0977765886683 -0.00351154186003 -0.0235781071967
# log_rbar_devs:
 0.251461175848 0.0829970908181 -0.127769115652 -0.0344026625833 -0.158648452314 0.271278959824 -0.0770252008095 -0.0929571673986 -0.0318133855816 0.0891304999243 -0.00446017426061 -0.117616957612 -0.113108069232 -0.0839615858860 0.0884000370180 -0.0289113354610 0.0571423716695 -0.135951191061 0.141015904198 -0.0841157120893 -0.0638104667066 0.0400086172557 -0.0203021931900 -0.252728325895 -0.113674797455 -0.0458166012837 -0.148388586696 0.289823063613 -0.217620206133 -0.425584255410 -0.569742733184 -0.280095852395 -0.123230754546 -0.517900826475 -0.618495607536 -0.662887104549 -0.828530822376 -0.804793900562 -0.808048542306 -0.898105709219 -0.855369221221 -0.921993622698 -0.879631422273 -0.838685120640 -0.653432469015 -1.17808661210 -1.31892628238 -1.62188905749 -1.31363525106 0.0736554198591 1.66855306287 0.390783113445 -1.01706974182 -0.0128426436444 1.56646858052 0.839151083183 -0.217442125471 0.627900003699 2.36556217423 0.551882410101 -1.23295446484 -0.170851724739 2.41954838335 -0.0243219296706 -0.795457317403 -0.542005086466 0.888119624533 0.789233546982 1.80150435957 1.82400792354 0.376875955170 1.13993783684 1.44442638754 0.890985437308 2.17652946713 -0.122570272659 0.385651414692 0.348658676448 0.580364855319 0.806484424966 0.409125918955 0.337246467551 -0.726417625114 -1.20336665104 -0.234767339193 -2.28904804310 0.968707252275 -1.42050311391 0.370102229018 0.142542489667 0.586499214867
# mat_params[1]:
 8.49104741518 10.9347089967
# mat_params[2]:
 8.85693466848 11.5212387811
# mat_params[3]:
 9.52473102627 13.1588727752
# mat_params[4]:
 6.58380874551 9.06777131496
# log_m_devs:
 0.00000000000
# log_slx_pars[1]:
 1.71127239130 0.208287130274
# log_slx_pars[2]:
 1.74001388522 -0.272781733997
# log_ft_pars:
 -1.25822324169 -1.36979456836 -1.77355759575 -1.64711827555 -1.36337906948 -1.38953170788 -1.50803448877 -1.94480017230 -1.61990073451 -2.48019221016 -2.61386810996 -0.878150649859 -4.85300411388 -0.213330590311 -3.64405625096 -2.72795258528 -1.79049861917 -1.36303240727 -1.25935292514 -2.20607265123 -2.34771271093 -2.42687743528 -2.66361054746 -2.11996959252 -2.45078523897 -3.09470131108 -2.51402267404 -1.86950554653 -1.87409930806 -1.37122536702 -0.935002153982 -1.01339158924 -1.47352553757 -1.95781725838 -2.02387885795 -1.45270226605 -2.17017666971 -2.66336211830 -5.42154911122 -5.41789502348 -4.59988030915 -4.12792215489 -4.41271840564 -4.62967189651 -4.46282436031 -4.40562410542 -3.40318607789 -3.96100365933 -10.6051470021 -5.73745828648 -4.02055369727 -3.71647607230 -4.25313162271 -3.91706291617 -3.88413566888 -3.84430387089 -3.63910172215 -3.95335215792 -4.46013511779 -3.66312254885 -3.38102399319 -4.48283374862 -5.19104859189 -4.23683598338 -3.56500650930 -4.27495821068 -4.61540384371 -3.28463111618 -3.49166330400 -4.24078306697 -4.01581991303 -4.77634838152 -3.79799196823 -3.89326839399 -4.44231452173 -3.98911284516 -3.85903895640 -3.78486940338 -3.36489216715 -2.99202262309 -2.92102048961 -2.64266560979 -2.42365272146 -2.43055660967 -3.15264827894 -1.68299180128 -2.47197288619 -2.30919351481 -2.19606385526 -3.78687576511
