# Number of parameters = 200 Objective function value = -3518.90070389474  Maximum gradient component = 0.00185613676139259
# theta[1]:
-0.134367120596
# theta[2]:
8.32221560776
# theta[3]:
7.94649438826
# theta[4]:
8.31581861101
# theta[5]:
0.463033344497
# theta[6]:
4.00000000000
# log_rinit_devs:
 -0.00977582453930 0.00682690153994 0.106495492649 -0.0161934222740 -0.0873531473754
# log_rbar_devs:
 0.780555099300 0.617655163086 0.424863601547 0.490960022340 0.357744268416 0.759955644607 0.418558165938 0.415363135902 0.482895938753 0.647589439016 0.638938539401 0.666151324160 0.807731174415 0.908829294240 1.13323108847 1.00409241701 1.05856471163 0.850377812612 1.07331149341 0.794270402897 0.769178689535 0.830525050478 0.727626236230 0.459139887251 0.551073882855 0.578586301951 0.437066688127 0.852737381106 0.315619104402 0.0750119844844 -0.140286345232 0.0346886220784 0.0867404818267 -0.395155550014 -0.614637613358 -0.796698260380 -1.08604594948 -1.18019744548 -1.28921344932 -1.46284380214 -1.52348812066 -1.66527447642 -1.70521008286 -1.75799349045 -1.65370535293 -2.20303169633 -2.34287967727 -2.56880781485 -2.07834235832 -0.613313495922 0.954643833525 -0.382773860920 -1.76353221976 -0.755328683671 0.822204896811 0.109163540789 -0.931013170289 -0.0772204520957 1.58346332576 -0.167886152481 -1.85119238240 -0.853281912499 1.68534959114 -0.694069584603 -1.43302201559 -1.15168442718 0.280833183796 0.179227328155 1.20159961120 1.22663100609 -0.182887259279 0.593259790309 0.938610855508 0.460257360659 1.73513603861 -0.345651154718 0.308945816159 0.381792973818 0.670189528289 0.846812675774 0.453431036975 0.415194199450 -0.389894316621 -0.765273316219 0.224048253465 -1.63163388725 1.58698641293 -0.611252717023 1.13601798313 0.858931309383 0.362358894825
# mat_params[1]:
 7.58774129497 10.1586469654
# mat_params[2]:
 7.13255169292 10.1783765934
# log_m_devs:
 0.0127607595848 0.0699694060383 -0.0827301656232
# log_slx_pars[1]:
 1.60352968956 -0.245178925219
# log_ft_pars:
 -1.09566046546 -1.19975733892 -1.66494818234 -1.55187772153 -1.26598139718 -1.18613843974 -1.32950297976 -1.80783691992 -1.48359987440 -2.33078097608 -2.52070997907 -1.55020579538 -4.98547911879 -1.31187948095 -3.98571582846 -3.12395249819 -2.82952393031 -2.35949441409 -2.21399685674 -3.11201142092 -3.19349622499 -3.21480627489 -3.40227737249 -2.81985116975 -3.09750135636 -3.69368232813 -3.08116264707 -2.41310871283 -2.38144843347 -1.84066740438 -1.36247964057 -1.38918662771 -1.76208911701 -2.14937865579 -2.10211027766 -1.41050020899 -1.99743531595 -2.37232006661 -5.02367435545 -4.92857463145 -4.01263580560 -3.44208071552 -3.63322150041 -3.75951469432 -3.50510254307 -3.36778922530 -2.27831298379 -2.76919385699 -9.46001687702 -4.82345048525 -3.28878778837 -2.96758234512 -3.39873716736 -2.93575963614 -2.97596550223 -3.00539928791 -2.75742795736 -3.00735665500 -3.58942434890 -2.82179266271 -2.44010031115 -3.43524514085 -4.28955350654 -3.43874582463 -2.69275028245 -3.26516261515 -3.67730188736 -2.49432489006 -2.80512963831 -3.57376464424 -3.31313043792 -4.01491903167 -3.05478366208 -3.20587897974 -3.84945175507 -3.42296030875 -3.28782588604 -3.22142837854 -2.96718998254 -2.78035389000 -2.91945638668 -2.73939561834 -2.58760556464 -2.66652665572 -3.48751358503 -2.15904846532 -3.09615117046 -3.05129274432 -2.98581672037 -4.60356882462
