# Number of parameters = 210 Objective function value = -3694.77047150503  Maximum gradient component = 0.0134920548559143
# theta[1]:
-0.311574346617
# theta[2]:
6.89792683946
# theta[3]:
6.75849550723
# theta[4]:
7.31189960509
# theta[5]:
0.498560820174
# theta[6]:
4.00000000000
# log_rinit_devs:
 0.272120284244 0.129342014153 0.0939089373452 -0.0666758820047 -0.428695353738
# log_rbar_devs:
 0.811503626303 0.620677949575 0.439147830720 0.537146063967 0.435876876536 0.745649003620 0.398382125986 0.368689722916 0.385022435449 0.503896353318 0.533636772654 0.492280348090 0.532217555984 0.604114395200 0.706609814734 0.742863877467 0.930445418025 0.731950553668 0.891652408121 0.665491052886 0.662369811937 0.732188616520 0.662471808386 0.450069029552 0.540365584218 0.592863278340 0.506149441809 0.870473965430 0.445856030314 0.225568678051 -0.0411956834646 -0.00157576266927 -0.0149401680615 -0.446923798158 -0.684654088683 -0.959410884274 -1.30742322293 -1.40749248634 -1.45616295232 -1.53627612925 -1.52758461638 -1.61173670043 -1.61597393636 -1.64412265124 -1.54156081887 -2.06740527053 -2.27041432494 -2.55286696198 -2.09558415118 -0.656610560802 0.786180363636 -0.474821500435 -1.91948303322 -0.894472246072 0.704057908486 -0.0226712771526 -1.06615873921 -0.202955065616 1.48897448307 -0.335549617355 -2.08803175787 -0.946826770245 1.71025463937 -0.749170406306 -1.46104785003 -1.15213196679 0.332973268305 0.204362103800 1.25830772442 1.29141040712 -0.143517561917 0.646329070523 1.02375436919 0.544285307047 1.84810761538 -0.239694500208 0.466683825864 0.592392323604 0.974856912074 1.33029814354 0.898492993554 0.856964179778 -0.0342930299461 -0.465144018314 0.539322473784 -1.49203192375 1.78612408481 -0.635673063509 1.19837260491 0.968235179143 0.547219085615
# mat_params[1]:
 6.97571605947 9.99509330145
# mat_params[2]:
 7.24809774748 10.5101511883
# mat_params[3]:
 5.70620816087 8.59369321499
# mat_params[4]:
 5.52962331221 7.94842190363
# log_m_devs:
 -0.149542761836 0.0351362565076 0.114406505329
# log_slx_pars[1]:
 1.09845854961 -6.70403081005
# log_slx_pars[2]:
 1.32881181151 -0.578509316319
# log_slx_pars[3]:
 1.72501538112 -0.143667599113
# log_slx_pars[4]:
 1.62752220867 -0.414601873049
# log_ft_pars:
 -1.34310799442 -1.42250541141 -1.81916474210 -1.70447222462 -1.43322733004 -1.40415642177 -1.50071403204 -1.91375278538 -1.57187048347 -2.44152924327 -2.65521544979 -1.09035535437 -4.96903203699 -0.865657612414 -3.83741092058 -3.02455366951 -2.32546077279 -1.85981059845 -1.70075030191 -2.62122632122 -2.72443792048 -2.77587093337 -3.00619526611 -2.44229579977 -2.73487963523 -3.37875299722 -2.80789115639 -2.14493098721 -2.14094144530 -1.55909153135 -1.00971960464 -0.980069391155 -1.32291496103 -1.69648276035 -1.60435957892 -0.818897347583 -1.32317786275 -1.68560341771 -4.40234217496 -4.40661594455 -3.57673816177 -3.08408615852 -3.35700413173 -3.53553432484 -3.30660717560 -3.20741362674 -2.07936026907 -2.54010442738 -8.44779260513 -3.57021804460 -1.63394626588 -1.35626579192 -1.95371011955 -1.66743424393 -1.57996189655 -1.53474770186 -1.31057944824 -1.66994337977 -2.14669753947 -1.33627214374 -1.03399264986 -2.23349500933 -3.01448793629 -2.11067933873 -1.46023167955 -2.25356086653 -2.72379608018 -1.41298191226 -1.48824937853 -2.22641435758 -2.06161125903 -2.90451728532 -1.99407296986 -2.14141529902 -2.67814072003 -2.29633253901 -2.25179004925 -2.31035636522 -2.08709982054 -2.04109514975 -2.13826954566 -1.97833307322 -1.83836777911 -1.91706279254 -2.69611055641 -1.31673056219 -1.94819339527 -1.82687843649 -1.72868861527 -3.30246921715
