# Number of parameters = 201 Objective function value = -3523.30453476428  Maximum gradient component = 0.000126556174068343
# theta[1]:
-0.173473305751
# theta[2]:
8.87158746711
# theta[3]:
7.73818171354
# theta[4]:
8.12708671697
# theta[5]:
0.395991722605
# theta[6]:
4.00000000000
# log_rinit_devs:
 -0.163369887883 -0.0897268760748 0.0671747226843 0.0893865063739 0.0965355348995
# log_rbar_devs:
 1.23317157190 1.05790465071 0.851201729880 0.825972170906 0.660106538440 0.906536884708 0.542988926480 0.446173256979 0.395262270652 0.453817978799 0.397461887116 0.382529879133 0.468603108525 0.541686388180 0.717176274551 0.612645551754 0.675030094193 0.496845264098 0.666039078415 0.463057981723 0.452584549370 0.503704861740 0.423631177124 0.216967171733 0.286700821906 0.305084805145 0.186755292521 0.477250026417 0.0330075297690 -0.216155377956 -0.456423871764 -0.387298901071 -0.388135043666 -0.803246170738 -1.03292253119 -1.22930117760 -1.47621664717 -1.53449537590 -1.58872582107 -1.68929916880 -1.70336944006 -1.78234286092 -1.78168348706 -1.79572757173 -1.68810767483 -2.10217902505 -2.17153214994 -2.31255229251 -1.75099172047 -0.314812541484 1.26890140620 -0.0580815358124 -1.49208031267 -0.471360860144 1.14415034465 0.406157633359 -0.644446796976 0.215460067911 1.92527465554 0.119080373249 -1.64215256007 -0.576334644412 2.03196714201 -0.437436395093 -1.17715313078 -0.903061696285 0.563311288511 0.448571559173 1.50172544237 1.52802808751 0.0693011726571 0.841208113366 1.18810900219 0.664800653511 1.97136606794 -0.225189142839 0.406519400956 0.425179986863 0.647031715343 0.742714791832 0.410087609166 0.451738020667 -0.210282373237 -0.487688154288 0.525624956197 -1.36823008415 1.76314299551 -0.715749273749 0.886414088716 0.400633735857 0.388367777362
# mat_params[1]:
 7.06375673305 10.0450152953
# mat_params[2]:
 8.73964596161 13.6153374399
# log_m_devs:
 0.0107971340479 0.160710850535 -0.156172976236 -0.0153350083468
# log_slx_pars[1]:
 1.55545840007 -0.283611958447
# log_ft_pars:
 -1.78905614294 -1.83325826659 -2.23936690876 -2.07009601326 -1.74452833380 -1.58506652378 -1.64545195935 -2.03155272184 -1.61817763201 -2.34891427875 -2.43600939163 -6.26193203755 -4.81154356727 -6.08616509273 -3.73500581898 -2.79416157442 -2.44675271987 -1.99667856283 -1.86179058696 -2.78355582205 -2.89370890050 -2.93887686631 -3.14995725603 -2.58681644721 -2.88423936230 -3.50008459707 -2.89739189157 -2.19446392339 -2.14702128475 -1.57852509260 -1.06094094692 -1.04794299252 -1.38230319873 -1.75440334432 -1.69679445486 -0.968880804312 -1.55269015825 -1.96098361160 -4.67808128195 -4.65313872354 -3.80076553543 -3.29070763617 -3.54318740580 -3.72231828184 -3.50935752768 -3.42081844771 -2.38301076606 -2.94706310017 -9.72241409989 -5.06623378766 -3.56052276022 -3.20375341325 -3.55444413545 -3.02140128574 -3.14275299969 -3.19484908216 -2.90914654326 -3.11769182967 -3.79485132822 -3.03412194389 -2.58827709831 -3.50248601541 -4.47645247359 -3.65767781883 -2.85076151847 -3.32867145101 -3.75145941760 -2.61951266055 -2.99154073033 -3.77098052172 -3.47109125910 -4.11767589089 -3.14871155497 -3.28968263869 -3.95993037104 -3.50971925526 -3.31391172853 -3.17456071818 -2.87271653402 -2.63370590058 -2.84248588693 -2.71701705686 -2.62706869796 -2.77872974651 -3.68572391778 -2.46030632000 -3.38186168279 -3.23936857520 -3.00764026223 -4.44385074898
