# Number of parameters = 199 Objective function value = -3514.44027694862  Maximum gradient component = 0.000209241351701927
# theta[1]:
-0.190218089509
# theta[2]:
8.32427244778
# theta[3]:
7.62797532073
# theta[4]:
8.01627969505
# theta[5]:
0.416088666169
# theta[6]:
4.00000000000
# log_rinit_devs:
 -0.0597436856069 -0.0206000952761 0.0892171004651 0.0575547124782 -0.0664280320603
# log_rbar_devs:
 0.924374201941 0.768542751788 0.590082872620 0.606309045709 0.463617158527 0.719282269868 0.396171359234 0.337423104353 0.324458618940 0.418837407798 0.389628246984 0.390008053247 0.484144592528 0.577114492032 0.792559133765 0.756496285299 0.889034966831 0.703933018829 0.856240566252 0.643562527036 0.621998168282 0.662740467989 0.575569194435 0.364548388569 0.425711785199 0.437842187395 0.316051776765 0.601016876051 0.161274852901 -0.0832461561378 -0.322712460601 -0.262787208712 -0.271494859393 -0.686163375932 -0.919887327262 -1.12626349232 -1.38644064621 -1.46230996659 -1.53265610675 -1.64691269072 -1.67749777725 -1.77027658901 -1.78472078207 -1.81246836071 -1.72069652135 -2.14902805374 -2.24185467239 -2.40824677110 -1.86674592763 -0.420819768104 1.16233654764 -0.164218087980 -1.59970262501 -0.573833025557 1.04157508871 0.306005977716 -0.741520035259 0.120982305578 1.82278725396 0.0223479107408 -1.73774251266 -0.663811165809 1.93985500223 -0.520272254447 -1.25527129099 -0.976653459231 0.491973192470 0.375524705189 1.42888097117 1.45587885198 0.00473276215892 0.778574487653 1.13339160954 0.622900181819 1.92908706665 -0.230944995825 0.425357755851 0.472145474464 0.732976592423 0.884142205515 0.492571746797 0.463279553959 -0.326835581208 -0.686770593623 0.322623778169 -1.53184938778 1.71631197446 -0.480398316035 1.29456098645 1.01610365502 0.387570835909
# mat_params[1]:
 6.91152209218 9.93289255665
# log_m_devs:
 -0.0898323856423 0.0220685055985 0.142823596942 -0.0750597168983
# log_slx_pars[1]:
 1.53256627245 -0.304428918364
# log_ft_pars:
 -1.53624588053 -1.59601395703 -2.02780282293 -1.88914000184 -1.59143283005 -1.45193015493 -1.53881467702 -1.96191354189 -1.58400679532 -2.36137142281 -2.49124811599 -2.66518294770 -4.90924292663 -2.13472722456 -3.84713431387 -2.95946403746 -2.67201501010 -2.20223169579 -2.05203932063 -2.96093954004 -3.05454713108 -3.08507804081 -3.28396568406 -2.71213642649 -2.99997385724 -3.60698345749 -2.99890374337 -2.29325872952 -2.24327488366 -1.67540426814 -1.16403164906 -1.15516296087 -1.48545585675 -1.85006584560 -1.78368593516 -1.05410833232 -1.63066870747 -2.02508588653 -4.72434249230 -4.68376047239 -3.81567175195 -3.29008469262 -3.52667312552 -3.69040506841 -3.46196412187 -3.35905571885 -2.30210700784 -2.84438983058 -9.59971895164 -4.94836455323 -3.44049804236 -3.10393926477 -3.45932595103 -2.92110544706 -3.03356820730 -3.09901970395 -2.81714449848 -3.02158856576 -3.68730599520 -2.94271797884 -2.49722717750 -3.40906676870 -4.37528679763 -3.57867359571 -2.77373991857 -3.24917159492 -3.67635406349 -2.55309653446 -2.91658376700 -3.70039220199 -3.41036301845 -4.05726629031 -3.09105373267 -3.24341496037 -3.91214362248 -3.47981962590 -3.29361886778 -3.17110287360 -2.90512078179 -2.71014149663 -2.87634897860 -2.69607413384 -2.54125009279 -2.61447035156 -3.44283520671 -2.14280413167 -3.13532118787 -3.13717512166 -3.06538799258 -4.68187578705
