# Number of parameters = 198 Objective function value = -3508.49977952227  Maximum gradient component = 0.000153082274159118
# theta[1]:
-0.188460393355
# theta[2]:
8.66607917549
# theta[3]:
7.50614492306
# theta[4]:
7.92269619559
# theta[5]:
0.387151495556
# theta[6]:
4.00000000000
# log_rinit_devs:
 -0.147866220990 -0.0783968709624 0.0717686425997 0.0915615672705 0.0629328820824
# log_rbar_devs:
 1.27514659020 1.09933837028 0.894741995129 0.869955921799 0.702454744398 0.942231787667 0.575102678247 0.474761696161 0.416787421090 0.471935223582 0.414242444546 0.401281095246 0.490710103390 0.567442369902 0.745196387125 0.643507347032 0.705138631504 0.524304599993 0.687434117039 0.484130100406 0.474381332015 0.526325631117 0.447546180316 0.243604559419 0.314286879567 0.335798582645 0.220401618564 0.512393864717 0.0726776717078 -0.178901191408 -0.432136952058 -0.382291717140 -0.394858081425 -0.817113309532 -1.06515508539 -1.28905906847 -1.55778088569 -1.62414448320 -1.67699389621 -1.77153766321 -1.78256649734 -1.85788197225 -1.85437106701 -1.86579343545 -1.75425973656 -2.16634168052 -2.23979944823 -2.38479314800 -1.82252761206 -0.380404878291 1.19898036566 -0.127050102815 -1.56141725962 -0.537992257149 1.07419855115 0.338521996393 -0.710762518631 0.152845102416 1.85262006377 0.0515733295040 -1.70577920904 -0.633748905645 1.97054311463 -0.487780416599 -1.22277399031 -0.941812445986 0.527202514838 0.409232641512 1.46153966074 1.48778817620 0.0369503015085 0.811821462190 1.16743996074 0.657489165222 1.96525863760 -0.193182938678 0.463153360556 0.512399063679 0.774596788981 0.925688757288 0.533448922378 0.502642809479 -0.288518789680 -0.648472295202 0.359036676621 -1.49616043471 1.74742488606 -0.449496569144 1.32339417833 1.04749182307 0.417117687315
# mat_params[1]:
 6.84652378433 9.88589397458
# log_m_devs:
 -0.0302968884538 0.125285783455 -0.0949888950008
# log_slx_pars[1]:
 1.51581589450 -0.318496568945
# log_ft_pars:
 -1.78161173612 -1.82596560904 -2.23188573904 -2.06183238506 -1.73619838854 -1.57267165963 -1.63045634754 -2.01229098029 -1.59319883447 -2.32012260879 -2.40689020392 -6.21774350825 -4.78725036653 -6.06433343989 -3.71698362537 -2.77847548489 -2.43002358440 -1.97804760013 -1.83743838924 -2.75820227863 -2.86894568504 -2.91449168611 -3.12802274898 -2.56667195092 -2.86411143971 -3.48275193580 -2.88388485706 -2.17980763500 -2.13462003926 -1.56305746422 -1.03463162410 -1.00641438232 -1.32602089159 -1.68995676894 -1.62167671033 -0.868873242085 -1.42439916362 -1.81785994806 -4.53506375516 -4.51813861900 -3.67107430199 -3.16438519066 -3.41985083431 -3.60231149253 -3.39303120869 -3.30898422588 -2.26718325372 -2.82839962873 -9.60386723646 -4.94263414350 -3.42670636129 -3.09536905973 -3.44456598384 -2.89920796094 -3.01260108459 -3.08417437317 -2.79853361826 -2.99689722535 -3.66332991232 -2.92583062486 -2.47324025272 -3.37756481348 -4.34918560914 -3.56423210472 -2.75232770735 -3.21966042755 -3.65211362699 -2.53687023141 -2.89799693752 -3.68323637024 -3.39330729811 -4.03524050614 -3.06990582633 -3.22610642474 -3.89403717864 -3.46725607364 -3.27686434334 -3.15235487355 -2.89087458794 -2.69890121893 -2.86536986626 -2.68160878646 -2.52438114531 -2.59481986713 -3.42202735321 -2.12473397882 -3.11303555787 -3.12061618437 -3.04115048090 -4.65646768981
