# Number of parameters = 210 Objective function value = -3688.35171217803  Maximum gradient component = 0.000376904824336292
# theta[1]:
-0.312384001116
# theta[2]:
7.42363514092
# theta[3]:
6.51629869016
# theta[4]:
7.07428480624
# theta[5]:
0.462596258176
# theta[6]:
4.00000000000
# log_rinit_devs:
 0.0505004046248 0.0134248882448 0.0794929397196 0.0273359113167 -0.170754143906
# log_rbar_devs:
 1.32410392877 1.12890421644 0.904970560504 0.943940880228 0.819250499975 1.07454836646 0.695215260231 0.578317701227 0.532145765259 0.512094058740 0.430412549296 0.375489107859 0.497853357041 0.615220990596 0.857142616212 0.804404916769 0.874995210447 0.677238903865 0.811262528770 0.590525096231 0.594134223865 0.668133173234 0.612062249612 0.418264945619 0.511623313051 0.575534739150 0.507509885762 0.864068461592 0.469341628191 0.264142141487 -0.00726544285962 -0.00536413282188 -0.0457686956489 -0.470237401837 -0.712329114867 -1.03127233420 -1.42831220942 -1.56303964918 -1.61310558908 -1.67250748680 -1.65128423151 -1.72118338831 -1.71648678058 -1.73398614281 -1.62238938906 -2.11831947349 -2.32464900698 -2.61702629105 -2.15327490903 -0.702782624723 0.723541274249 -0.529771609757 -1.98249702793 -0.954476777624 0.644462166581 -0.0865345736868 -1.13015128189 -0.263329369262 1.42663898999 -0.412731666664 -2.18167124129 -1.01402512915 1.65571147266 -0.807727551354 -1.51231558513 -1.19599182646 0.298227238137 0.164293419425 1.22223473010 1.25453594350 -0.180786026443 0.606401858392 0.990947948260 0.510951573037 1.80935306446 -0.269072765012 0.440092659124 0.577573145278 0.965750780357 1.31915746705 0.890433885270 0.843506572850 -0.0311538628819 -0.447086066114 0.563469002314 -1.44915360547 1.83478125102 -0.621420338057 1.19784977162 0.955983007916 0.551732100345
# mat_params[1]:
 6.85344459875 9.98230410747
# mat_params[2]:
 7.03538052831 10.3762068504
# mat_params[3]:
 5.34881466723 8.13203331320
# mat_params[4]:
 5.32223914725 7.71976034331
# log_m_devs:
 -0.0465915449115 -0.0411337184311 0.0877252633425
# log_slx_pars[1]:
 -0.411237054660 -5.84353135542
# log_slx_pars[2]:
 1.28069939483 -0.654896453695
# log_slx_pars[3]:
 1.70837446632 -0.117979946915
# log_slx_pars[4]:
 1.59389553212 -0.430410398037
# log_ft_pars:
 -1.87076168890 -1.90560741000 -2.24924218597 -2.09725538430 -1.77858358454 -1.74357684379 -1.73679478365 -2.08058493336 -1.66369496530 -2.43667690097 -2.52558276356 -5.62929351564 -4.94877511483 -5.65413195546 -4.02196867553 -3.07820084733 -2.17543621416 -1.71233718862 -1.54319917539 -2.45972659671 -2.56837809809 -2.62997993908 -2.87161351128 -2.31663788909 -2.61964889854 -3.28001084748 -2.72330256277 -2.06748734323 -2.06914558708 -1.48762351646 -0.935773670947 -0.891661614415 -1.21311520523 -1.57214510101 -1.47061762218 -0.655679647764 -1.10765415062 -1.43746516496 -4.15514236673 -4.18031628820 -3.36767284512 -2.88847917128 -3.17402373880 -3.36585674436 -3.14963362549 -3.06132975860 -1.93267150227 -2.39959878817 -8.34253527236 -3.47294448412 -1.51299984356 -1.23184925779 -1.82561222255 -1.53491269770 -1.44691818466 -1.40834156740 -1.17574245702 -1.53168288500 -2.01499366164 -1.20717581489 -0.889247510354 -2.08624336713 -2.88627799972 -2.00030534478 -1.34707694981 -2.13823302954 -2.62774699617 -1.33222276943 -1.39580184763 -2.13017200070 -1.96880658496 -2.81603237336 -1.91268814461 -2.06707994854 -2.59856454717 -2.22008108666 -2.17610490230 -2.23852649459 -2.02740634053 -2.01526053481 -2.11844443632 -1.95458335157 -1.81012762557 -1.88811626398 -2.67258535318 -1.31119646334 -1.95511609485 -1.82594757953 -1.69226515193 -3.23039059557
