# Number of parameters = 199 Objective function value = -3451.77476932619  Maximum gradient component = 0.000134067395224692
# theta[1]:
-0.646555528292
# theta[2]:
6.72224199930
# theta[3]:
5.63558533642
# theta[4]:
6.17181927853
# theta[5]:
0.669934332804
# theta[6]:
4.00000000000
# log_rinit_devs:
 0.209010740885 0.120770899218 0.121642390603 0.0323331795669 -0.483757210274
# log_rbar_devs:
 1.64917069454 1.46100901002 1.24890347325 1.25539669626 1.14256677151 1.28904366561 0.910245766379 0.723052033365 0.620103653673 0.446007880519 0.318026454995 0.208881128241 0.355683881621 0.491015293846 0.732704942853 0.748291615190 0.858626384951 0.750202079138 0.811302790963 0.514065169893 0.513466531504 0.573829761878 0.545611402520 0.442170222629 0.496635268912 0.552989253377 0.564265168132 0.900921391204 0.627228898192 0.555941916927 0.404068734163 0.307013525239 0.127151412099 -0.287906392345 -0.451603551564 -0.623377030342 -1.24216880025 -1.57922200392 -1.86088790133 -1.86207624443 -1.79367383598 -1.80594121855 -1.79720497076 -1.79911982884 -1.66685385627 -2.03042932606 -2.21724708073 -2.68314857025 -2.38816385334 -0.821370944528 0.674427665207 -0.492989254243 -1.91220920366 -0.896033159287 0.638696351399 -0.0543837247313 -1.04390369395 -0.214778508494 1.39641023048 -0.292280955052 -2.06440792382 -1.04965552756 1.46874966959 -0.826893798383 -1.48420956085 -1.25466068180 0.208513903744 0.111142538345 1.11019496570 1.12562970516 -0.257423974994 0.472532580509 0.893235793614 0.410565017799 1.66187904879 -0.297516942977 0.424008454314 0.579474998984 0.957336681950 1.24056246318 0.844843126923 0.804299623351 -0.0592567899574 -0.512519630932 0.425395911262 -1.50879299516 1.56916047833 -0.900489997853 0.803475548995 0.532633385213 0.534040716752
# mat_params[1]:
 6.07979950752 9.53821573450
# mat_params[2]:
 3.89729380664 5.70733157352
# log_m_devs:
 -0.0215526390889 0.0215526390889
# log_slx_pars[1]:
 0.676210501489 -3.18412570108
# log_ft_pars:
 -1.47628798652 -1.49254995969 -1.84899797661 -1.69272491609 -1.36639154626 -1.23182574549 -1.17572264860 -1.46587192732 -0.966502620577 -1.62271186211 -1.65694702864 -4.90927702217 -4.11541655242 -4.71799270311 -3.21039653831 -2.28503655730 -1.95022137120 -1.45865631322 -1.28007325151 -2.13310987465 -2.25036589388 -2.34113249496 -2.59228453696 -2.03970776502 -2.38492108764 -3.08846137443 -2.55878497644 -1.97696711124 -1.92053686255 -1.35082005549 -0.825622066556 -0.802621813684 -1.09354209543 -1.36121170853 -1.25578100539 -0.437210639533 -0.781060266558 -1.00949205751 -3.69558231993 -3.76752810257 -3.01003048819 -2.56502708669 -2.89432552393 -3.11798820264 -2.93763434580 -2.80514198691 -1.71444293315 -2.14172129871 -8.89729878528 -4.57066508536 -3.11653681692 -2.32932210969 -2.34187639062 -1.94289579121 -2.56238856004 -2.40238544970 -1.82867236483 -2.17803383181 -3.27296322953 -2.15305710759 -1.30637964322 -2.29716108320 -3.95471112848 -2.78649888962 -1.67515360947 -2.18914591815 -3.15410781646 -2.04853578593 -2.51565024609 -3.19505975602 -2.64597282841 -3.32867729923 -2.55888959838 -2.66037259464 -3.55603478385 -2.86192563971 -2.66799827593 -2.74346349304 -2.70923746155 -2.66750455646 -2.63409508117 -2.34981832175 -2.04609884952 -1.97691376368 -2.91785216513 -1.43070900626 -2.86419978755 -2.32372791915 -2.09725103305 -3.63097329667
