# Number of parameters = 202 Objective function value = -3547.98488085489  Maximum gradient component = 0.000213891816116792
# theta[1]:
-0.187102646214
# theta[2]:
8.16775002943
# theta[3]:
7.65127233258
# theta[4]:
7.99923172132
# theta[5]:
0.494237610965
# theta[6]:
4.00000000000
# log_rinit_devs:
 0.0225691368261 0.0379791093961 0.107766905699 -0.0139352569247 -0.154379894997
# log_rbar_devs:
 0.881225736760 0.728586418867 0.553983604831 0.589871109195 0.450680135080 0.761998663814 0.442917664461 0.416528226033 0.454193570283 0.583157420818 0.564723577050 0.581702100174 0.694405807540 0.766439372833 0.938829263822 0.802518758172 0.808334896755 0.628954036149 0.816195134376 0.592099803429 0.578454249233 0.635320215422 0.551256041961 0.329599537102 0.409570947580 0.434157847503 0.310148446353 0.640995280173 0.165993244226 -0.0831001315211 -0.320193421579 -0.225619543193 -0.215359907080 -0.654175197340 -0.885698262021 -1.08368587273 -1.34794212279 -1.41953171000 -1.49086950669 -1.61306262316 -1.64246755800 -1.74056865728 -1.75281237042 -1.77893352249 -1.67166475525 -2.12077279795 -2.20890068775 -2.37140196328 -1.82011944129 -0.378725125491 1.19058447565 -0.126008265819 -1.55069573660 -0.532749012661 1.07511406773 0.340241506159 -0.712974533597 0.149747407117 1.85754324074 0.0492026153350 -1.70569218865 -0.646590098273 1.95854350561 -0.503113677871 -1.24579168665 -0.969199231810 0.493920149144 0.378431695262 1.42344035035 1.44901838758 -0.00428669512754 0.769805240836 1.11575949588 0.594163003527 1.90348374190 -0.287359762806 0.349117610032 0.374000293579 0.605175252314 0.707920254213 0.368531197594 0.404948049692 -0.272069976674 -0.564751219061 0.426392585061 -1.50152366595 1.59596458082 -0.820436295280 0.833541311249 0.413405471635 0.328010625129
# mat_params[1]:
 7.61746336693 10.2985911875
# mat_params[2]:
 6.97426972447 10.0204486047
# mat_params[3]:
 9.05534522820 14.5241049466
# log_m_devs:
 0.0235142305177 0.145238763810 -0.168752994328
# log_slx_pars[1]:
 1.56139075689 -0.268461560149
# log_ft_pars:
 -1.13298662450 -1.22151042342 -1.67238200115 -1.54772360638 -1.25329971636 -1.14313740294 -1.25634204554 -1.70653256212 -1.35784458984 -2.18414465663 -2.35885104201 -1.41333476355 -4.78417332775 -1.28900867986 -3.74104629219 -2.85586862034 -2.52909472895 -2.07404960871 -1.93082728846 -2.84312891092 -2.94555069293 -2.98501535206 -3.19135748505 -2.62622267880 -2.92013382795 -3.53294920842 -2.93141007644 -2.24084018799 -2.19976226287 -1.64213978357 -1.13693609752 -1.12968583932 -1.46689986907 -1.83807506283 -1.78019510340 -1.05732795400 -1.63555469675 -2.03050766301 -4.72754382403 -4.68209248539 -3.81017633059 -3.28070798268 -3.51235164986 -3.67502227679 -3.45082600847 -3.34731949787 -2.29230608561 -2.83663418184 -9.59131524872 -4.93117931613 -3.40449197726 -3.05707145846 -3.42715942842 -2.91363904292 -3.01702879821 -3.06559199481 -2.78822214133 -3.00610029157 -3.66377622382 -2.90305125304 -2.47197307003 -3.40557344835 -4.34917070236 -3.52429198419 -2.73122542855 -3.23226375929 -3.65049319796 -2.50193927941 -2.85154729782 -3.62670606594 -3.33654910268 -3.99643536045 -3.02919336752 -3.17004560860 -3.83098123686 -3.38713417019 -3.20413381935 -3.07842508745 -2.77964114699 -2.54064867041 -2.74403326072 -2.61864796121 -2.52862311368 -2.67866907868 -3.57871940475 -2.33848942304 -3.20068826209 -3.13719169447 -2.98799414288 -4.50922489800
