# Number of parameters = 204 Objective function value = -3489.40105201465  Maximum gradient component = 1080.15130500847
# theta[1]:
-0.378664926917
# theta[2]:
7.69319374457
# theta[3]:
7.27238604124
# theta[4]:
7.54015657188
# theta[5]:
1.05253997967
# theta[6]:
4.00000000000
# log_rinit_devs:
 0.0456678978942 0.0444560720967 0.123449883505 0.0107681326216 -0.224341986117
# log_rbar_devs:
 0.758717611186 0.600775027636 0.421844204750 0.460068196361 0.331815385984 0.622692704996 0.272823638630 0.226071713226 0.228110825029 0.354949967824 0.299390511176 0.300223485995 0.417341656044 0.558916590822 0.861679016735 0.911155611193 1.13813359629 0.938897916817 1.11385669035 0.871683258950 0.846375696036 0.915215774184 0.822926982427 0.617765244307 0.710858024713 0.752474151305 0.661088885469 1.04798884540 0.583670226084 0.385207825118 0.170127293270 0.280252818083 0.312052246765 -0.102771037671 -0.315018955116 -0.505708403878 -0.791259208315 -0.900468894569 -0.997531618781 -1.13531266664 -1.18780743694 -1.30701379413 -1.35593925915 -1.40522016581 -1.31690148991 -1.81075189469 -1.95567233237 -2.19806323376 -1.74363753859 -0.252295248621 1.36007968151 -0.0254728791852 -1.40443168988 -0.406631586664 1.21783798579 0.470070323818 -0.551467048885 0.297604823385 1.95146759925 0.189917109409 -1.51254306703 -0.508413791529 2.01068505684 -0.380892670031 -1.11391458119 -0.840529771317 0.608047354290 0.503573400934 1.52072886999 1.54537590489 0.139003197134 0.881817929776 1.22611122665 0.714190908985 2.11942681429 -0.104971606897 0.397286414497 0.186453437704 0.0760275176300 -0.113133242866 -0.478732128712 -0.554843153278 -1.46211810625 -1.92308417714 -1.00770055238 -2.84256814461 0.163347759003 -2.11156569098 -0.327446807608 -0.562924775289 0.140553711698
# mat_params[1]:
 7.08678736997 10.2892508813
# mat_params[2]:
 4.17336464984 6.25720346595
# mat_params[3]:
 4.21461071443 6.29070395219
# log_m_devs:
 -0.0173989239267 0.242516285838 -0.225117361911
# log_slx_pars[1]:
 1.46668533713 -0.331271087357
# log_slx_pars[2]:
 1.55099709991 0.994634940526
# log_ft_pars:
 -1.23115431732 -1.29379683286 -1.72191219864 -1.60321460725 -1.30166514154 -1.19120437707 -1.27521842253 -1.71980861419 -1.34014028410 -2.14868173467 -2.31118536604 -1.31955516312 -4.67116444004 -1.71328470522 -3.72378247537 -2.91446223792 -2.71973804433 -2.21183774641 -2.05781247868 -2.96299939653 -3.04536192985 -3.06804693435 -3.25725574883 -2.69788552220 -2.98755829319 -3.61222383341 -3.04225040022 -2.41213740384 -2.39611208777 -1.85553089665 -1.38927041661 -1.41760731343 -1.78983084959 -2.17809084236 -2.11806881061 -1.42775255390 -2.01878956972 -2.40375047874 -5.06307481535 -4.98322882417 -4.09615201542 -3.55371261024 -3.76479971739 -3.89911558591 -3.63605524801 -3.51358418157 -2.42064847674 -2.91533346692 -9.62235982036 -5.03078685546 -3.58247794436 -3.26948008673 -3.59242114561 -3.04402186928 -3.15811243910 -3.25306153530 -2.95553305366 -3.14765344430 -3.80418420482 -3.06536652036 -2.59496221754 -3.49406297430 -4.44216049065 -3.65520487515 -2.80567270221 -3.27637282164 -3.74387297233 -2.64561046979 -2.98907866459 -3.76783560427 -3.46969827564 -4.10416655712 -3.14911584975 -3.30716520653 -4.00022647504 -3.60623714271 -3.39293826179 -3.21066546871 -2.79420732041 -2.37750121908 -2.29880927776 -1.97547175824 -1.64818948779 -1.56082451079 -2.47928923931 -0.977084823131 -2.41725375620 -1.88900314777 -1.81961286486 -3.39739164044
