# Number of parameters = 201 Objective function value = -3669.29580404177  Maximum gradient component = 7.91518055670680e-005
# theta[1]:
-0.419327398536
# theta[2]:
7.01318973144
# theta[3]:
6.55825695019
# theta[4]:
7.13221365189
# theta[5]:
0.504449229529
# theta[6]:
4.00000000000
# log_rinit_devs:
 0.244163364433 0.155471461050 0.122244541753 -0.0473429518621 -0.474536415374
# log_rbar_devs:
 1.03392480996 0.852696431287 0.683032042508 0.751727599872 0.624035226640 0.896655192518 0.545246704078 0.501398773625 0.498040528048 0.618915918122 0.593774495515 0.498181297360 0.506451498113 0.499255047468 0.644256456239 0.682584455902 0.876863162819 0.691193870795 0.831281627748 0.599862381704 0.597065684258 0.665630178894 0.603680772703 0.403210870810 0.486984374606 0.541956416873 0.472534720049 0.833619667000 0.437883264286 0.247483619283 -0.00652005262108 0.00451680472150 -0.0362417487817 -0.460222342744 -0.674171050806 -0.952786240616 -1.34389440846 -1.47834085116 -1.54292624743 -1.60832842125 -1.58825681412 -1.66175874761 -1.66198239151 -1.68429886604 -1.57561643502 -2.08075109143 -2.28651689391 -2.58300212319 -2.10823329197 -0.653919864061 0.775817925644 -0.487842168620 -1.93569989083 -0.907131417280 0.690277239861 -0.0411121793579 -1.08267611907 -0.214091174746 1.46777548524 -0.364214994252 -2.11513994950 -0.966069562719 1.69448149047 -0.763311572049 -1.46611353863 -1.14911963241 0.339651017955 0.202982941056 1.25935445291 1.29598723686 -0.134401256279 0.657731867336 1.04569740550 0.578329915031 1.88547821840 -0.160218472724 0.573495828237 0.715473810507 1.08433876629 1.37059552975 0.931694986044 0.874594988807 -0.0423675227729 -0.502616069531 0.473688291578 -1.58888371060 1.65386607472 -0.775989974949 1.03255514525 0.792176836740 0.564777741044
# mat_params[1]:
 7.02449023934 10.2577175722
# mat_params[2]:
 5.41211291831 8.10882543056
# log_m_devs:
 -0.0932080712089 0.0932080712089
# log_slx_pars[1]:
 1.21690728055 -0.610921590005
# log_slx_pars[2]:
 1.67620071148 -0.205723710071
# log_ft_pars:
 -1.21916622384 -1.29629916071 -1.71283224814 -1.58523394257 -1.29962488526 -1.19929659672 -1.29341260831 -1.70230593314 -1.33424109060 -2.16843253672 -2.36217285702 -0.818506125532 -4.59427588280 -0.612931516316 -3.35378309708 -2.54154729711 -2.30446226532 -1.82780518229 -1.66853685910 -2.58122933931 -2.68065146589 -2.74132023381 -2.97474355645 -2.40322066525 -2.70288561904 -3.36188612445 -2.79509166917 -2.15628961243 -2.13854017145 -1.54081910166 -0.988241276376 -0.970185723759 -1.32030839320 -1.67205788492 -1.56699328074 -0.774810672164 -1.26079614537 -1.61250265921 -4.33407823140 -4.34896573908 -3.53221738684 -3.04924963501 -3.33764568002 -3.52418486061 -3.29983077128 -3.18738037243 -2.05500822444 -2.51228586443 -8.41961546779 -3.53845577196 -1.58641027634 -1.35024016705 -1.97090421445 -1.66032465144 -1.53178741589 -1.50667028305 -1.30552361926 -1.65083612194 -2.09642515412 -1.31222439411 -1.02512355350 -2.20519295511 -2.95259773375 -2.08991217114 -1.47255799333 -2.24883259692 -2.69391877857 -1.39149896898 -1.47479989904 -2.22409770908 -2.08325828604 -2.92737619702 -2.00506259062 -2.15950279636 -2.70005863615 -2.34360379656 -2.31897806256 -2.37899988078 -2.16749334441 -1.98565780897 -2.04503419618 -1.85125458885 -1.69682134196 -1.76411074615 -2.55425258627 -1.16136607532 -1.77217753125 -1.61567199491 -1.48505142299 -3.10727224647
