# Number of parameters = 202 Objective function value = -3574.73523211835  Maximum gradient component = 0.000586810820136108
# theta[1]:
-0.109865792971
# theta[2]:
8.75319214058
# theta[3]:
8.08913675981
# theta[4]:
8.35735086549
# theta[5]:
0.862177253217
# theta[6]:
4.00000000000
# log_rinit_devs:
 -0.0904241727625 -0.0357262203519 0.0923460909275 0.0519510248489 -0.0181467226620
# log_rbar_devs:
 0.863854219895 0.704372433404 0.512850259174 0.522526044344 0.373277675347 0.646816568254 0.312166749153 0.249335447650 0.242588801728 0.341418182607 0.313858641229 0.309676788601 0.400414789907 0.489321063807 0.706171104641 0.656239643852 0.785709755764 0.603025571984 0.777576273252 0.565946742884 0.551205709761 0.601951601902 0.520378707340 0.307072890368 0.380839374495 0.401650275176 0.285582504327 0.596285959995 0.152379198804 -0.0717394704359 -0.270664591111 -0.146823239400 -0.109994668482 -0.501149188223 -0.682163036880 -0.824930914190 -1.04216843122 -1.09515825728 -1.15758675355 -1.27459733907 -1.29749303250 -1.39003950080 -1.40055602942 -1.42508848716 -1.32620762673 -1.75323177652 -1.82301939215 -1.97419422420 -1.43061948510 0.00664528852234 1.60712175030 0.271140081162 -1.15978489602 -0.147704669955 1.47257229012 0.724457419550 -0.331896710436 0.517476697644 2.25381532015 0.424487566275 -1.35648754663 -0.306757171679 2.31427063342 -0.183523317911 -0.938097078058 -0.682312134691 0.776203132949 0.669692723846 1.72287353013 1.75071748512 0.283839553986 1.05189647378 1.38205177810 0.833100610616 2.26764361673 -0.100805635459 0.415513711627 0.210346110475 0.165947339939 0.000769740470483 -0.396867229662 -0.465805887501 -1.34471935749 -1.75474121234 -0.757337616966 -2.66821350256 0.571489734616 -1.86092850735 -0.126449138228 -0.413625138941 0.124916627150
# mat_params[1]:
 7.67262279433 10.6219972895
# mat_params[2]:
 5.55423487803 8.14412252813
# log_m_devs:
 -0.0268587769664 0.0579069432230 0.181484719785 -0.221488534291 0.00895564824993
# log_slx_pars[1]:
 1.61518524932 -0.252687559942
# log_ft_pars:
 -1.48505636792 -1.54583186554 -1.97581145802 -1.83421606135 -1.52867103319 -1.39041746735 -1.47516377337 -1.89701090207 -1.51871251877 -2.29262956823 -2.41742517569 -3.08537685362 -4.83811246199 -1.99617787198 -3.76412965960 -2.87006376408 -2.57980367252 -2.11678457903 -1.98020467426 -2.89556348461 -2.99525867671 -3.03348158338 -3.23684758281 -2.66879874610 -2.96513616096 -3.57793208390 -2.97419081482 -2.28737302171 -2.24802552018 -1.69957301940 -1.22237907579 -1.25956845737 -1.63917127615 -2.03847427926 -2.01007413519 -1.34470438342 -1.98435705903 -2.41404149754 -5.12156488186 -5.07632003770 -4.20962897647 -3.68915661599 -3.93184170571 -4.09909241934 -3.87308880873 -3.77188260108 -2.73534084646 -3.29538925559 -10.0592346771 -5.42132897175 -3.94591630793 -3.55265399056 -3.90094111415 -3.38435427448 -3.51730189971 -3.53891893126 -3.24926970554 -3.46810551002 -4.16336018514 -3.36850561758 -2.92880889123 -3.85166341149 -4.81641448938 -3.94435015293 -3.13748935215 -3.62778621523 -4.02517493825 -2.86169509154 -3.24669995145 -4.01859806320 -3.70231733557 -4.35397511011 -3.38144602487 -3.49947663917 -4.22741538131 -3.76363526136 -3.55730011868 -3.35328228962 -2.87312554439 -2.39335467197 -2.46345071239 -2.24495898882 -2.06976042553 -2.12881123734 -2.92860743072 -1.55626927596 -2.32544473181 -2.07474315297 -1.83496204206 -3.33688787158
