# Number of parameters = 205 Objective function value = -3526.06891117569  Maximum gradient component = 0.000141554085272928
# theta[1]:
-0.223302183334
# theta[2]:
7.74247476416
# theta[3]:
7.17947615116
# theta[4]:
7.59968079518
# theta[5]:
0.443963557403
# theta[6]:
4.00000000000
# log_rinit_devs:
 0.0792182069994 0.0744840405362 0.114868988782 -0.0300022465004 -0.238568989817
# log_rbar_devs:
 1.00052747349 0.833010942303 0.652630467455 0.695299970229 0.547471227207 0.864985914200 0.517333112633 0.482110788578 0.508685998935 0.640773756905 0.607969525196 0.608091269207 0.721736402248 0.798112419065 0.980848081559 0.852452702976 0.873042717670 0.684237535157 0.875463495614 0.642496124599 0.631724829551 0.695501393985 0.610657224523 0.382577740382 0.468696326271 0.501616167933 0.379202281728 0.735519748522 0.250835731365 -0.00404124995704 -0.266052041289 -0.192595804198 -0.194952795019 -0.658132146433 -0.919465584825 -1.16653493305 -1.48072806441 -1.56846162307 -1.63777316939 -1.75055636653 -1.77123101865 -1.86510647717 -1.87077405957 -1.89221409344 -1.76836926676 -2.23559015953 -2.34126581975 -2.52495223247 -1.99149985805 -0.521876529817 1.02334188849 -0.295721196380 -1.69758771910 -0.682135060989 0.900718034676 0.182708298113 -0.857923710744 0.00696851264247 1.66307957232 -0.100812998281 -1.81045235981 -0.776649663915 1.78055545534 -0.613007544723 -1.34308829252 -1.05068401728 0.401336800549 0.288559103184 1.32340962637 1.34690066215 -0.0659278408213 0.711991777226 1.07912700434 0.610590311080 1.89963082109 -0.132378198447 0.581176668061 0.716582960241 1.08791814054 1.38998273918 0.957859958861 0.901704900939 -0.0477288108962 -0.550136887398 0.352329624609 -1.74226506008 1.41048311759 -0.983430833279 0.768406326771 0.525267699585 0.417862114593
# mat_params[1]:
 7.33991962017 10.1433042334
# mat_params[2]:
 6.54019182440 9.67510848563
# mat_params[3]:
 5.59791796422 8.17426773137
# log_m_devs:
 -0.0544534605044 -0.0465810308467 0.0433841564852 0.0576503348659
# log_slx_pars[1]:
 1.47330364849 -0.329876215567
# log_slx_pars[2]:
 1.67982379046 -0.390019616284
# log_ft_pars:
 -1.12483640167 -1.21229026372 -1.65840549277 -1.52927197868 -1.23101448168 -1.11561994806 -1.22487891087 -1.66449392795 -1.30361586183 -2.12819558433 -2.30853153722 -1.19351590890 -4.69965538597 -1.28901146622 -3.66986481861 -2.79932089325 -2.47939913321 -2.02266426776 -1.87508928126 -2.78968339461 -2.89488370401 -2.93737152826 -3.15018487355 -2.58635647653 -2.87771113858 -3.49554843093 -2.90036700565 -2.21258896896 -2.17772429647 -1.60964910617 -1.07757168940 -1.04232725594 -1.36085284850 -1.72125190972 -1.64262227907 -0.872549285520 -1.39811751079 -1.76439626341 -4.46103416063 -4.43072806998 -3.56921376913 -3.04607091852 -3.28483818437 -3.45354069340 -3.23614534302 -3.13971980891 -2.07048681476 -2.59817778755 -9.34660975622 -4.70906146653 -3.16331404123 -2.86074013654 -3.22714052342 -2.70123561590 -2.78935081472 -2.87040971149 -2.58925587306 -2.79633505812 -3.42289184157 -2.69843566094 -2.24902321816 -3.18043148140 -4.11356737048 -3.34413957516 -2.53594783414 -3.03410944132 -3.49170841944 -2.37742533277 -2.70012552172 -3.48418463828 -3.21336575142 -3.87345924268 -2.92468994116 -3.10510592460 -3.76563684290 -3.37200689874 -3.21556843908 -3.16240095680 -3.00330706598 -2.92983456241 -3.02431484752 -2.76961666022 -2.54168761904 -2.51806969426 -3.23887804169 -1.83124017561 -1.86944082474 -1.65633484508 -1.51850431349 -3.10111405102
