# Number of parameters = 204 Objective function value = -3639.26367809634  Maximum gradient component = 0.000232689707462002
# theta[1]:
-0.304556012512
# theta[2]:
7.76691893536
# theta[3]:
6.82626371551
# theta[4]:
7.20303978449
# theta[5]:
0.906252391007
# theta[6]:
4.00000000000
# log_rinit_devs:
 0.0660665777907 0.0783349740907 0.122430985906 -0.00864182581734 -0.258190711970
# log_rbar_devs:
 1.30906788448 1.14176361194 0.959249595258 0.966309831468 0.795921091799 1.03805437884 0.668617654155 0.579890951460 0.549373259291 0.632302377681 0.582331527562 0.554295599568 0.630867145684 0.718787861091 0.957675570390 0.949409934097 1.09805396155 0.898657225172 1.05903673855 0.850496080877 0.852619125846 0.923869778680 0.861573440269 0.667326551442 0.767407649390 0.824656378301 0.744377019376 1.09437934184 0.665238149612 0.424761206647 0.165140311814 0.226612157443 0.224550005816 -0.208191223955 -0.460514629531 -0.702821487682 -0.995685282580 -1.05652883329 -1.09136482109 -1.17253768260 -1.16675162208 -1.25074579547 -1.25672794860 -1.27912425990 -1.20612735888 -1.78401642943 -2.08049806942 -2.47354825906 -2.16393478551 -0.710426379197 0.749906654785 -0.471752289428 -1.91233338604 -0.895958556607 0.699375308180 -0.0326061930591 -1.08438000770 -0.204136328612 1.49107372745 -0.344147231801 -2.12028866941 -1.01882666210 1.60451556249 -0.858690307511 -1.58905009095 -1.29470252805 0.188599317520 0.0399588173553 1.07367789818 1.09795611316 -0.351582899963 0.418569269209 0.775914648597 0.245759906655 1.57442377018 -0.600017963172 0.0800720506492 0.130089451053 0.389078918489 0.513846711554 0.112060457267 0.0865766096563 -0.687732851838 -1.04027944219 -0.0406803678589 -1.92386903652 1.27932608862 -1.19232601471 0.498078875415 0.117284850480 0.174087291453
# mat_params[1]:
 7.50540913964 10.5017412439
# mat_params[2]:
 5.41919726880 8.10145033355
# mat_params[3]:
 4.99678881316 7.57105153808
# log_m_devs:
 0.0113813349331 0.135557513102 0.0530529472815 -0.277735132301 0.0777433369851
# log_slx_pars[1]:
 1.47836328296 -0.320641951383
# log_ft_pars:
 -1.15279064830 -1.21884804072 -1.64620853167 -1.50234378024 -1.18426048998 -1.02718410876 -1.08605956770 -1.47666789975 -1.06323532281 -1.82730600509 -1.96723598192 -1.36423561541 -4.33292783994 -1.11788219834 -3.24964609515 -2.40645932925 -2.14453807128 -1.66992085809 -1.51191090045 -2.42039150375 -2.53102360440 -2.58632627511 -2.81584366368 -2.26117272279 -2.57031506484 -3.21819860362 -2.65281898149 -2.00213446370 -1.98918490163 -1.43146961590 -0.904067824215 -0.881365514306 -1.22137079682 -1.59085055564 -1.51413337946 -0.748849883397 -1.26998874937 -1.65632233649 -4.38428397484 -4.38801341665 -3.56086057483 -3.06890992538 -3.34034985885 -3.52045063501 -3.29198006843 -3.17519473918 -2.04194408632 -2.46280732426 -9.05393168409 -4.29313489581 -2.58675460766 -2.29935942325 -2.69825300621 -2.19594406055 -2.25810501291 -2.34827411985 -2.08016542051 -2.29439255853 -2.91274306889 -2.20131328661 -1.76783949084 -2.71256750480 -3.61826712599 -2.86286360081 -2.07965872307 -2.59556680299 -3.03379754684 -1.88659687063 -2.15074430312 -2.92540443907 -2.67676243656 -3.35096367025 -2.38944629128 -2.54341388704 -3.15830915590 -2.76861604719 -2.60703215014 -2.50752271923 -2.24320388452 -2.01732362590 -2.19243661157 -2.02925187171 -1.89649306937 -1.98908701858 -2.85314129235 -1.56584957178 -2.39408721623 -2.15493958409 -1.82581649694 -3.27199847152
