# Number of parameters = 204 Objective function value = -3634.25528152644  Maximum gradient component = 0.000294940396389830
# theta[1]:
-0.411366413660
# theta[2]:
7.46013665235
# theta[3]:
6.61914344960
# theta[4]:
7.02832179007
# theta[5]:
0.816814081643
# theta[6]:
4.00000000000
# log_rinit_devs:
 0.132368677112 0.121637333519 0.130539893221 -0.0206947929994 -0.363851110853
# log_rbar_devs:
 1.26284797737 1.09798674494 0.928118405183 0.942391166387 0.779178975157 0.999661426203 0.639836993536 0.552517361652 0.516574129810 0.595367129656 0.535583942940 0.484495611986 0.532243156123 0.590082156787 0.805186816083 0.806511229414 0.943772625929 0.745939738182 0.884007911780 0.684515272433 0.693047821645 0.768239766955 0.717637370275 0.541942771079 0.645696528322 0.713623096252 0.649884089842 0.990089027026 0.592262027851 0.361030523374 0.0896948113326 0.110957769140 0.0859561442367 -0.337364897101 -0.606260741110 -0.894010863875 -1.22542916574 -1.30350332256 -1.32896272194 -1.38398368041 -1.36010515281 -1.42141738964 -1.40991003576 -1.41694072961 -1.32393886143 -1.84745672065 -2.10452620954 -2.45116319491 -2.06899921940 -0.606228826793 0.857599173211 -0.371131982513 -1.82069556099 -0.802104256502 0.801680769294 0.0624175794623 -0.993825900148 -0.109946715361 1.59532994221 -0.248822937154 -2.04176525003 -0.925417278003 1.71707557947 -0.758266413329 -1.48704893185 -1.18926850270 0.307934525364 0.156685397738 1.20006056229 1.22512937595 -0.233241381729 0.540796448644 0.904838083196 0.372495744335 1.70687862643 -0.468407107228 0.216500735255 0.275167040277 0.542371905538 0.683068956872 0.270886822785 0.231013971378 -0.576384468593 -0.947693364590 0.0324790640621 -1.91521483224 1.22847790698 -1.01580401783 0.823659767520 0.640015846413 0.315796290510
# mat_params[1]:
 7.35556618681 10.4898024722
# mat_params[2]:
 5.27028804506 7.87096499946
# mat_params[3]:
 5.18042059666 8.07848554427
# log_m_devs:
 0.0196675766326 0.143423197459 -0.163090774091
# log_slx_pars[1]:
 1.42108333244 -0.373967193110
# log_slx_pars[2]:
 1.68589441440 -0.240538805798
# log_ft_pars:
 -1.12557442096 -1.18825937309 -1.61453913886 -1.47571998038 -1.16441209305 -1.00505543042 -1.06045055000 -1.44799859515 -1.03399379930 -1.80233131880 -1.94916280305 -1.07989725828 -4.26659574181 -0.868615662008 -3.12486063390 -2.28657886860 -2.01951176577 -1.54309507960 -1.37064748947 -2.27843946300 -2.39639177036 -2.46094916830 -2.70270829063 -2.15709099009 -2.47569790045 -3.13938219577 -2.58786598750 -1.93778104071 -1.93265312697 -1.37338111282 -0.835573248126 -0.793569882176 -1.11186649085 -1.47221737502 -1.38670846808 -0.586505494680 -1.06038960668 -1.42277431083 -4.16129296876 -4.19238153396 -3.38805735475 -2.91641592598 -3.20818194027 -3.40851247926 -3.20046961317 -3.10729156971 -1.99350828512 -2.44807161430 -9.09088416027 -4.35532506901 -2.68468088240 -2.38514572473 -2.72993606116 -2.19256967336 -2.30373925914 -2.40998433658 -2.10872150524 -2.29926949671 -2.96928247093 -2.26890826063 -1.78122977174 -2.68585466515 -3.66775730762 -2.94259358343 -2.10789993423 -2.58100146183 -3.05072741936 -1.94406429319 -2.23291959847 -3.01839800821 -2.74989838669 -3.39390259666 -2.44219022551 -2.60481621125 -3.23640142319 -2.85046454277 -2.65739089066 -2.54944011764 -2.30535072105 -2.10224946245 -2.26887542677 -2.07926934046 -1.92106389350 -1.98025477165 -2.81931512138 -1.51494781620 -1.65676236743 -1.50338940452 -1.42734933465 -3.15974925260
