# Number of parameters = 204 Objective function value = -3527.44602531647  Maximum gradient component = 0.000275275712059314
# theta[1]:
-0.319026297385
# theta[2]:
7.67945072535
# theta[3]:
7.11237502836
# theta[4]:
7.47055627593
# theta[5]:
0.523474442812
# theta[6]:
4.00000000000
# log_rinit_devs:
 0.102676493756 0.0943757971691 0.117260364156 -0.0329642309583 -0.281348424124
# log_rbar_devs:
 0.994924571587 0.835505148155 0.667204286058 0.697585524865 0.550238710939 0.824570284073 0.492208435017 0.447930106921 0.463426108475 0.581028078569 0.550518396786 0.554349057845 0.666181152887 0.741105463231 0.908985233520 0.787406245690 0.794404123431 0.614688863355 0.783785554690 0.570331367865 0.564836957986 0.628302022652 0.555836006126 0.352350528608 0.438052384837 0.475925245677 0.368843866425 0.696973918003 0.246595129860 -0.00191703479686 -0.264537608806 -0.219510448151 -0.237143354116 -0.677049425213 -0.939052173107 -1.19241633148 -1.49818184852 -1.58177480068 -1.63944593952 -1.73403414495 -1.74506162561 -1.82324709330 -1.82032307943 -1.83183948992 -1.71052134082 -2.13189864858 -2.21383680988 -2.37037962246 -1.80491499050 -0.353002459461 1.21266964071 -0.100928735724 -1.53176470432 -0.509803820395 1.09769637625 0.361185161162 -0.693343012786 0.175847794758 1.87621481857 0.0632517562414 -1.70028951649 -0.625989323748 1.98318539227 -0.475567746924 -1.21334330233 -0.929150910620 0.542146595317 0.416535343244 1.46272939536 1.48420024936 0.0280750274331 0.798348406544 1.15055458287 0.620522119407 1.93456528565 -0.264131242626 0.366564509612 0.388756325967 0.606706705555 0.685346669213 0.371109327163 0.431820254840 -0.188634945453 -0.445383416251 0.531527992387 -1.44202171000 1.53430677254 -0.991190552678 0.566001453086 0.0151929804037 0.342477499588
# mat_params[1]:
 7.40447408541 10.2454828510
# mat_params[2]:
 6.55394912343 9.69450546708
# mat_params[3]:
 11.0267387935 20.5838529858
# log_m_devs:
 0.0274873328664 0.187594066883 -0.215081399750
# log_slx_pars[1]:
 1.46579033258 -0.337327644563
# log_slx_pars[2]:
 5.09446895815 24.4294761480
# log_ft_pars:
 -1.10111094306 -1.18111850397 -1.62327318179 -1.49342546771 -1.19387556430 -1.06569105059 -1.16061718838 -1.58957356557 -1.22040465174 -2.03706833674 -2.21383415860 -1.15501682585 -4.60299610175 -1.32016949276 -3.57818098912 -2.70352750819 -2.37701743008 -1.91869717311 -1.76494707900 -2.67763394173 -2.78723266862 -2.83560370506 -3.05566023485 -2.50060093764 -2.80187707296 -3.43103778715 -2.84666957735 -2.16157478466 -2.12910516625 -1.56409884654 -1.03522164727 -0.997217322616 -1.30635329287 -1.66108559436 -1.58078267094 -0.805342335569 -1.32703990433 -1.69818694734 -4.40820884078 -4.39385897520 -3.54717576940 -3.03849716699 -3.29168316117 -3.47302323386 -3.26535511603 -3.18082158018 -2.12905110423 -2.68185565922 -9.45832682847 -4.81139911567 -3.29041998301 -2.96267790397 -3.29024478968 -2.73912339542 -2.87375075143 -2.95641720557 -2.65369245141 -2.84359817549 -3.52660542534 -2.79736822949 -2.31712892464 -3.21063293647 -4.20477071719 -3.43515069356 -2.59435104959 -3.05062460736 -3.50710464474 -2.40322009733 -2.74717566637 -3.53015517555 -3.23347788764 -3.86324671545 -2.90188123679 -3.05694544787 -3.71175638755 -3.28726325591 -3.07159911742 -2.92759083381 -2.63923252938 -2.39560200419 -2.61691384839 -2.49571789114 -2.42302770985 -2.59652485741 -3.53215712452 -2.34349615290 -3.64355220739 -3.11242245475 -2.82903840274 -4.21514203908
