# Number of parameters = 203 Objective function value = -3587.98644460218  Maximum gradient component = 0.00290633406465342
# theta[1]:
0.0944942774954
# theta[2]:
9.60122478800
# theta[3]:
9.23377282898
# theta[4]:
9.56811417119
# theta[5]:
0.578464665613
# theta[6]:
4.00000000000
# log_rinit_devs:
 -0.117650765853 -0.0847624364291 0.0555882723902 0.0213773479600 0.125447581932
# log_rbar_devs:
 0.624524028722 0.469436839904 0.276520617896 0.369800373556 0.265929723759 0.685243165108 0.349081544147 0.326969262522 0.362995808541 0.479709790841 0.416358941301 0.367601752892 0.437496373799 0.494952598822 0.684629644362 0.551449050407 0.631037286974 0.444567462616 0.688747568661 0.440857880544 0.421939057522 0.482619794076 0.381487695472 0.114464957838 0.197291475612 0.210230080803 0.0627840523469 0.445435048739 -0.0574335878092 -0.260939217663 -0.409904987022 -0.172037138045 -0.0682826656588 -0.486332969582 -0.632241510082 -0.734568196062 -0.959747014112 -1.01659940587 -1.09727310801 -1.25075506743 -1.28168675532 -1.40106688091 -1.41891566983 -1.45078345362 -1.33159903685 -1.82971777351 -1.90882654532 -2.08990963340 -1.57708244116 -0.147086278563 1.47236883435 0.128277629055 -1.26637495232 -0.264708962278 1.33045250837 0.597248905638 -0.450202120930 0.386343109993 2.11096985136 0.321623769465 -1.42184682989 -0.406186482865 2.16738262955 -0.260984441317 -1.02303711093 -0.771035359793 0.654684715375 0.564241996064 1.59214166039 1.62117892413 0.187122727188 0.954749328390 1.26815990401 0.752792542988 2.07002999963 -0.174079673895 0.373234209809 0.338183683120 0.557392910520 0.756950542864 0.340999088762 0.273136602365 -0.774448998132 -1.26962751844 -0.305961464469 -2.38658458926 0.882452189237 -1.54292968684 0.226405641441 -0.0265268766036 0.314638621956
# mat_params[1]:
 7.94916104111 10.4417524501
# mat_params[2]:
 8.70710801164 11.6958437896
# mat_params[3]:
 6.63979676588 9.00743162153
# log_m_devs:
 -0.0338185982383 0.0338185982383
# log_slx_pars[1]:
 1.61051863998 0.129598916569
# log_slx_pars[2]:
 1.74864572309 -0.281980088825
# log_ft_pars:
 -2.27097046960 -2.39103978417 -2.80173606306 -2.67627536987 -2.41069264974 -2.44236089172 -2.57019524600 -3.00241996929 -2.66507275519 -3.50596878563 -3.63195902202 -2.36686404086 -5.97078430004 -1.51231667091 -4.88460035318 -3.94129361694 -2.72620233085 -2.30639535677 -2.20433260876 -3.14038969192 -3.24948247389 -3.29316153970 -3.48761825509 -2.91343934093 -3.20505498132 -3.79609196325 -3.16432007278 -2.46460257650 -2.42855607628 -1.90855700164 -1.48792454047 -1.56805251519 -1.97825968924 -2.41162602482 -2.43707688413 -1.83870946631 -2.51583560965 -2.94354632665 -5.62557736825 -5.54638236265 -4.65228713281 -4.10867507504 -4.31601381263 -4.46796050447 -4.24360849022 -4.12889400037 -3.08779897668 -3.64705755274 -10.3519588583 -5.59463785278 -4.01922020399 -3.68650896813 -4.18824470389 -3.81727572437 -3.80136857119 -3.75873316337 -3.53850569085 -3.84195092414 -4.38251480006 -3.57279458303 -3.26136416017 -4.34016446108 -5.09135960111 -4.13930232445 -3.44696477122 -4.12783019352 -4.47029601471 -3.16609148237 -3.43865664290 -4.20314582066 -3.95966246064 -4.70702305574 -3.73474409728 -3.83612680539 -4.44779205812 -3.99813001903 -3.87264561111 -3.80104143217 -3.40355953996 -3.06886499802 -3.01388036661 -2.73030701905 -2.49519490522 -2.48461654807 -3.19735594066 -1.72249134028 -2.56523859973 -2.38935665407 -2.25869788782 -3.82145668835
