# Number of parameters = 199 Objective function value = -3506.12378438323  Maximum gradient component = 2.42243881717977e-005
# theta[1]:
0.106701012862
# theta[2]:
10.5449895459
# theta[3]:
9.33312930754
# theta[4]:
9.66693109351
# theta[5]:
0.566364792286
# theta[6]:
4.00000000000
# log_rinit_devs:
 -0.283191078069 -0.169877616687 0.0626137328710 0.103851287915 0.286603673970
# log_rbar_devs:
 1.25609042175 1.03891688126 0.770775691549 0.767402078328 0.593307774907 0.981100068517 0.557089113861 0.471024474639 0.451785017387 0.533608155076 0.443815764044 0.385381471461 0.454315945841 0.512735428687 0.726269774421 0.586592389808 0.698382958404 0.498933019759 0.761223222709 0.497551214345 0.479830834114 0.548339379939 0.444175253550 0.159880366392 0.249361646470 0.269021896366 0.122417131892 0.541349476251 0.0197337564411 -0.181544911557 -0.330328290091 -0.0691603726622 0.0449235864594 -0.393305013363 -0.543440511345 -0.651345509269 -0.894003242767 -0.959601367393 -1.05065913975 -1.21958501318 -1.25732567737 -1.39017806262 -1.41447964499 -1.45276102536 -1.33535734987 -1.88259690751 -1.99165658319 -2.20256549537 -1.72917122712 -0.272409603354 1.35587014390 -0.0262699347090 -1.38114784397 -0.395715441780 1.17808301466 0.458616250333 -0.575775819839 0.249146867377 1.92794103061 0.187855152791 -1.48261772567 -0.542046887143 1.96965062641 -0.389719147358 -1.14356405358 -0.890951881311 0.513848120929 0.432889446839 1.44728492337 1.47340449818 0.0728873455104 0.836858257636 1.15147770706 0.663619070542 1.96265782006 -0.203623112549 0.344476107610 0.308762070150 0.507433092810 0.668465939904 0.257491301279 0.181575199930 -0.882527553106 -1.38043461786 -0.430787281556 -2.49745501075 0.722907835109 -1.63608342164 0.120006599644 -0.0917515723354 0.313403636040
# mat_params[1]:
 8.41198843595 11.1844746781
# mat_params[2]:
 6.67282134558 9.09172046148
# log_m_devs:
 0.0178667855206 -0.0178667855206
# log_slx_pars[1]:
 1.75039814348 -0.219946747326
# log_ft_pars:
 -2.18448982538 -2.22367652249 -2.61726294549 -2.44007719153 -2.10465093173 -1.97566050455 -2.05553124028 -2.46216802600 -2.07353204364 -2.81572035483 -2.88721206547 -6.43310189051 -5.20128154204 -6.18476620913 -4.08083721994 -3.13207002760 -2.80274891556 -2.37166591483 -2.28084983164 -3.21346635276 -3.31560474037 -3.35768704132 -3.55143180081 -2.96692221870 -3.25228092435 -3.84539596256 -3.21659791826 -2.54823755974 -2.51359334271 -1.98447067774 -1.55546795429 -1.65557882356 -2.09722689000 -2.52840224973 -2.53474178829 -1.92363320732 -2.58796554182 -3.00384657614 -5.67416699061 -5.58295638866 -4.67942497774 -4.12579956334 -4.33501077238 -4.47754318310 -4.23814361006 -4.10793905607 -3.04982794596 -3.57422152246 -10.2698112083 -5.64108626612 -4.16070261789 -3.77306817674 -4.21543833862 -3.82098431531 -3.86027961803 -3.81351053949 -3.55461626233 -3.84810386258 -4.43582908197 -3.60123673949 -3.23639477725 -4.29331147794 -5.11703604148 -4.15214005150 -3.40690091627 -4.05814736298 -4.45787754402 -3.20398838652 -3.51398091426 -4.27054594639 -3.99056435288 -4.72021192209 -3.76821237721 -3.88263910404 -4.53602565845 -4.06674364879 -3.92380489967 -3.85319501645 -3.49175815755 -3.18153738767 -3.11906013713 -2.81714501158 -2.56149226060 -2.53312976188 -3.24372592314 -1.76157523506 -2.64439290676 -2.47351235113 -2.35531620295 -3.94396800340
