# Number of parameters = 205 Objective function value = -3505.49313191042  Maximum gradient component = 1410.57908909525
# theta[1]:
-0.184721730880
# theta[2]:
8.46812594136
# theta[3]:
7.37207433007
# theta[4]:
7.76866754445
# theta[5]:
0.440764605873
# theta[6]:
4.00000000000
# log_rinit_devs:
 -0.113824172439 -0.0466745410560 0.0919484702233 0.0805561906123 -0.0120059473410
# log_rbar_devs:
 1.25281273193 1.06761803978 0.853244932484 0.837865475782 0.664335203639 0.922008902634 0.533186116075 0.428439476584 0.363936170318 0.418337018391 0.352036717252 0.334454162927 0.429174908151 0.511694772225 0.704341953482 0.602132345297 0.674405899109 0.486058087447 0.658523341351 0.441775467118 0.433413624670 0.492253452900 0.412235706654 0.198399810070 0.276171076200 0.305836381190 0.193915356555 0.518747785454 0.0727181482708 -0.168873813435 -0.418889474724 -0.353439446916 -0.351528704553 -0.774042883527 -1.00382916544 -1.21720971034 -1.49257655775 -1.55560017811 -1.60314075197 -1.69199066030 -1.69147819310 -1.76277794374 -1.75250982474 -1.76033668824 -1.63394799553 -2.05440657162 -2.12458094737 -2.27974996831 -1.74379768781 -0.293391253659 1.29760745589 -0.0365613697812 -1.44404427807 -0.430293580197 1.15719776901 0.435001975205 -0.604983493487 0.251154792951 1.91590446447 0.149747365091 -1.57397850999 -0.543057343124 2.00613730714 -0.395770049563 -1.13134994364 -0.852313048315 0.592849836868 0.483226565615 1.52009384323 1.53939333393 0.116738553878 0.881253473582 1.23521026907 0.743680266332 2.06511943579 -0.0788774240998 0.570475944107 0.634553795437 0.974092130863 1.32257872963 0.884945237006 0.848718060704 -0.0665965684829 -0.547078371475 0.303718966138 -1.83379417855 1.06963754061 -1.42563139486 0.159586378685 -0.287797425715 0.381528845379
# mat_params[1]:
 7.14487658309 10.4281797848
# mat_params[2]:
 5.85448400186 8.20798794980
# mat_params[3]:
 5.50949510345 8.46416561054
# log_m_devs:
 -0.0658163988245 0.0658163988245
# log_slx_pars[1]:
 1.46008844640 -0.330631604429
# log_slx_pars[2]:
 1.68733382917 -0.347359688657
# log_slx_pars[3]:
 1.37374652822 0.270912787979
# log_ft_pars:
 -1.77922364998 -1.83050699536 -2.23194575924 -2.05523281207 -1.72449624595 -1.56549752599 -1.62420237506 -1.99865180819 -1.57002590362 -2.29793796551 -2.38574465792 -5.53156112617 -4.76842022195 -5.14052863288 -3.71085298121 -2.77643031397 -2.42915311770 -1.97432488377 -1.83408484891 -2.75766842664 -2.86679435633 -2.91405435712 -3.13065543780 -2.56564131140 -2.86057741084 -3.48406315863 -2.88949667872 -2.19777297344 -2.16064629091 -1.58418383545 -1.04883076425 -1.02831976798 -1.36883113670 -1.74570451468 -1.68071041516 -0.936833421951 -1.50727084890 -1.91092499302 -4.63555059478 -4.62576341576 -3.78705503697 -3.28951448057 -3.55728928147 -3.74574551927 -3.54033822250 -3.46133113597 -2.42258995992 -2.98441004887 -9.76124051956 -5.14263565460 -3.65902444989 -3.31627814668 -3.62908048611 -3.07897013567 -3.22732471180 -3.30121398241 -2.99155648992 -3.18603309386 -3.86638776258 -3.12382666875 -2.63627001332 -3.53337027527 -4.52771812609 -3.73880005613 -2.88445296558 -3.34352823513 -3.81998619406 -2.72754894406 -3.08577237183 -3.86523830955 -3.55690914754 -4.18549742357 -3.23673241736 -3.40393590075 -4.09283994618 -3.67108807232 -3.46350129754 -3.34919801448 -3.12689124201 -2.25821656610 -2.30204290210 -2.11357244389 -1.96059327327 -2.02412965379 -2.78079483688 -1.34468016242 -3.32949768539 -2.53859845367 -2.28781637679 -3.66493056605
