# Number of parameters = 200 Objective function value = -3476.82456868582  Maximum gradient component = 0.000843374112329118
# theta[1]:
-0.0818046099524
# theta[2]:
9.33959743606
# theta[3]:
7.94910859200
# theta[4]:
8.39069931036
# theta[5]:
0.347030476141
# theta[6]:
4.00000000000
# log_rinit_devs:
 -0.260459240088 -0.158396049067 0.0600039787157 0.110868524506 0.247982785933
# log_rbar_devs:
 1.45887830721 1.24660454065 0.989492629045 0.972177612392 0.789169889871 1.14837103791 0.709127343726 0.612855297899 0.569156851322 0.646791554681 0.561282004840 0.518371907072 0.605012238325 0.679790685983 0.900121348520 0.769011591021 0.871013979331 0.662490159969 0.902042850512 0.640913355269 0.626894255263 0.694858186556 0.592149362299 0.321729105437 0.410156600632 0.433081120017 0.288040850690 0.690846738120 0.155516555001 -0.0935217052576 -0.317450708651 -0.148712318000 -0.0952397769558 -0.571812823764 -0.789088062610 -0.967427188485 -1.24905256885 -1.32752983167 -1.41907650518 -1.57504484984 -1.61666683728 -1.74210062549 -1.76498634143 -1.80342082038 -1.68281221819 -2.22454582632 -2.35198797477 -2.56364708531 -2.07664469713 -0.607409453337 0.956442067897 -0.402791239037 -1.76671180316 -0.767929863927 0.793581414421 0.0907693654086 -0.939701475137 -0.0934146190002 1.53214985125 -0.182354165216 -1.82363909227 -0.862978429089 1.63867251021 -0.698771558818 -1.43006714861 -1.14534715145 0.275148593295 0.180604105149 1.19875059790 1.22299872012 -0.161466315127 0.616327221332 0.971781365294 0.526863798173 1.78743606969 -0.203016852011 0.489279121760 0.618521922397 0.977279526999 1.25748913445 0.836095642832 0.772192952235 -0.138140853264 -0.607834417970 0.302289926316 -1.69468567569 1.42650665190 -0.859064998688 0.832229491829 0.558692476823 0.438043390127
# mat_params[1]:
 7.12648665635 10.0885065587
# mat_params[2]:
 6.65450959834 9.60213923132
# log_m_devs:
 0.00000000000
# log_slx_pars[1]:
 1.57859302426 -0.255649189118
# log_slx_pars[2]:
 1.74439154932 -0.367538330606
# log_ft_pars:
 -2.03053889528 -2.07257912723 -2.46786326338 -2.28175777601 -1.94007137222 -1.79771204570 -1.87104495662 -2.26014639836 -1.84548327732 -2.57248433589 -2.65109801358 -6.97175610203 -4.98807903245 -6.91999689667 -3.90359037434 -2.96980613896 -2.63766872841 -2.19797657265 -2.08704658539 -3.01139214467 -3.11492729275 -3.15348185756 -3.35452183145 -2.77666566073 -3.05637861253 -3.65468891896 -3.03953795283 -2.36185011543 -2.32438593789 -1.76685870991 -1.26414485767 -1.27983675737 -1.65678210560 -2.04999213154 -2.00195029166 -1.30044697431 -1.89227481521 -2.27948147075 -4.95117566239 -4.87639323575 -3.97973697867 -3.42770412132 -3.64109887264 -3.78473564363 -3.54473038393 -3.42375837976 -2.34650819788 -2.84840740299 -9.55345627742 -4.93773276789 -3.41354957132 -3.09126659831 -3.50777357588 -3.02839790701 -3.06912862552 -3.10343464124 -2.84812528431 -3.09025724220 -3.66689327469 -2.90259633925 -2.50717367740 -3.49209154700 -4.35765876046 -3.51913101752 -2.76127758596 -3.32076971585 -3.75210939882 -2.59429216663 -2.91775542990 -3.68955216952 -3.42630082090 -4.12277457932 -3.17240452271 -3.34181689928 -4.00399898645 -3.58968411126 -3.46581768614 -3.43101064415 -3.25010324461 -3.15536891418 -3.24049458211 -2.99876526153 -2.78159822612 -2.78347289084 -3.52556621190 -2.11950095843 -2.17238948853 -1.98515384558 -1.87711373577 -3.51629427157
