# Number of parameters = 204 Objective function value = -3584.73265373108  Maximum gradient component = 7.14369585147929e-005
# theta[1]:
-0.229224947531
# theta[2]:
7.34508901410
# theta[3]:
7.36865096789
# theta[4]:
7.76310751333
# theta[5]:
0.423632228831
# theta[6]:
4.00000000000
# log_rinit_devs:
 0.135563934953 0.0601891695213 0.0877838013944 -0.00877533934198 -0.274761566527
# log_rbar_devs:
 0.523626559168 0.371219628794 0.194912401156 0.305145468924 0.236475112119 0.571092192821 0.273481542256 0.252744839595 0.292439744271 0.397921903064 0.397383463366 0.426025170085 0.375587445385 0.529194401377 0.748553644231 0.759616800752 0.970381277729 0.766501302878 0.941880765247 0.718136077726 0.708628939676 0.767412757972 0.685159559026 0.468556015316 0.553440179165 0.582367368198 0.458755774886 0.789929405728 0.310829005377 0.0481481941529 -0.207980060655 -0.131851791298 -0.134597134454 -0.592465536560 -0.857579766311 -1.08922831164 -1.37134734808 -1.44695373786 -1.51568585509 -1.63518070470 -1.66478189084 -1.76184171443 -1.77253818517 -1.79788821229 -1.68986511403 -2.14753103243 -2.24409347768 -2.40977822530 -1.84859424401 -0.396850708788 1.15753136716 -0.164427259235 -1.60271264479 -0.574684039954 1.04186757872 0.301625122600 -0.754754168196 0.116100028636 1.82890156239 0.00952470437022 -1.75138564686 -0.664853526258 1.96657381530 -0.508973826305 -1.24444657726 -0.955200792344 0.519028461122 0.394147845909 1.44846598872 1.47605286009 0.0157602284167 0.796139506217 1.14836705685 0.630453640057 1.94395860509 -0.239943355197 0.403600244498 0.436053160495 0.673135138048 0.788037066455 0.415565046096 0.403512267509 -0.344575409976 -0.660057331210 0.396181984037 -1.40758642015 1.91395674349 -0.471755681312 1.20975127551 0.808848044526 0.393303447903
# mat_params[1]:
 6.97620507952 10.1079663555
# mat_params[2]:
 6.65909040062 9.68256893555
# log_m_devs:
 -0.166498151596 0.0190846921406 0.144805008924 -0.136460826714 0.139069277246
# log_slx_pars[1]:
 0.558882637036 -3.86385517141
# log_slx_pars[2]:
 1.55741703402 -0.361727188528
# log_ft_pars:
 -1.90716173480 -1.99041160634 -2.38357286335 -2.29425921136 -2.04478950645 -2.09707543063 -2.18154262530 -2.61849810756 -2.30367286573 -3.18387472522 -3.35367229716 -1.52407495021 -5.66428930355 -2.64051679101 -4.75387073728 -3.87206016859 -2.45470032802 -1.98594619402 -1.83658656319 -2.74739212769 -2.85471424143 -2.89344507578 -3.10136236489 -2.54483095339 -2.84141478908 -3.45374961958 -2.85741687252 -2.15857231293 -2.12318219659 -1.57844023941 -1.07095171714 -1.03559680157 -1.33719467464 -1.69734138035 -1.63648952787 -0.886258311119 -1.42037948974 -1.79253259227 -4.48430406112 -4.44524223700 -3.57574947808 -3.04526787818 -3.26934599116 -3.43295455015 -3.21414765353 -3.11588100634 -2.05387664508 -2.59061730215 -9.32664311819 -4.58423084279 -2.97521390117 -2.72899509726 -3.18657374976 -2.67804964015 -2.66483720056 -2.74329041612 -2.52461146271 -2.74044598489 -3.29468548224 -2.59497895587 -2.23725127741 -3.18947359852 -4.01034472802 -3.25207310853 -2.54177020343 -3.06795654255 -3.42466395907 -2.25064290587 -2.55402681436 -3.34399024719 -3.12037789259 -3.80657078520 -2.81212148210 -2.96284664125 -3.57493719388 -3.18309774262 -3.04479772426 -2.92070654258 -2.60757751550 -2.36093542760 -2.55160779316 -2.41299093310 -2.29825619196 -2.41946859134 -3.27907865582 -2.01458087488 -2.95510330819 -2.81316291869 -2.60826392556 -4.07923233539
