# Number of parameters = 202 Objective function value = -3690.95289600694  Maximum gradient component = 4.51364965759621e-005
# theta[1]:
-0.329671238038
# theta[2]:
7.87150164318
# theta[3]:
6.73260871333
# theta[4]:
7.23031563728
# theta[5]:
0.535176002102
# theta[6]:
4.00000000000
# log_rinit_devs:
 0.00954183401297 0.0173421879406 0.0906934649938 0.0291611231325 -0.146738610080
# log_rbar_devs:
 1.42674152779 1.23382178921 1.02984555314 1.03817240184 0.870552616936 1.10531381124 0.710471685606 0.597376161571 0.513121160873 0.542428429910 0.459597209488 0.414022974630 0.480809597319 0.522924449431 0.692871167451 0.623191466520 0.707480547673 0.517855285134 0.656798044514 0.432132054036 0.435840785431 0.510051814102 0.454086837576 0.261139220057 0.352404077818 0.414166774402 0.350361266213 0.710428830376 0.319080708239 0.122723277823 -0.133450003593 -0.116752167139 -0.148659635873 -0.564336767688 -0.780769769260 -1.04889828378 -1.41305117267 -1.52121508535 -1.56620753202 -1.62159286917 -1.59143308823 -1.65343146091 -1.64135130043 -1.65073323860 -1.53621056848 -2.02677875912 -2.20684794379 -2.46461082423 -1.95288661374 -0.516161492323 0.939122836697 -0.322003013697 -1.78299658711 -0.753068179748 0.860662565179 0.118790523593 -0.934596934132 -0.0616325322967 1.65369556501 -0.202810136130 -1.97742661555 -0.825001260688 1.85976043739 -0.641311448506 -1.35668406327 -1.05135882674 0.443842381124 0.298162928140 1.35628226151 1.39027923692 -0.0714710770245 0.716599605718 1.08565691397 0.574840052440 1.90778939578 -0.260947644401 0.423891585263 0.480901403925 0.749459806674 0.900966752884 0.480830429120 0.442191855099 -0.378923242938 -0.760613472178 0.250253125945 -1.66262623717 1.57134146112 -0.622491805980 1.25351389101 1.08535556975 0.471339543340
# mat_params[1]:
 7.22903405615 10.4160768223
# mat_params[2]:
 5.63089345289 8.36323550080
# log_m_devs:
 0.0306208438157 0.102471830121 -0.133092673936
# log_slx_pars[1]:
 1.26025090315 -0.520092913131
# log_slx_pars[2]:
 1.67457959447 -0.239060669623
# log_ft_pars:
 -1.65640024664 -1.72064808095 -2.10539209701 -1.92719161170 -1.59807367341 -1.45961322343 -1.50918721897 -1.85383376663 -1.40713961366 -2.14298479211 -2.23795262925 -2.35214719626 -4.58041739682 -1.66765052572 -3.45015256009 -2.53452030913 -2.18924767271 -1.71791373630 -1.55894313436 -2.47242976667 -2.57907327235 -2.64500020108 -2.88483098367 -2.32046008014 -2.62755637927 -3.29296262776 -2.73335451820 -2.09772439251 -2.08552212909 -1.49470115445 -0.942451650625 -0.924670693139 -1.27847025045 -1.63882367884 -1.54242578603 -0.756368433890 -1.25766076792 -1.62905738154 -4.36677658024 -4.39240684736 -3.58683226114 -3.11601667967 -3.41726860707 -3.61577143609 -3.40211660120 -3.30319946036 -2.19566385714 -2.67924170183 -8.62328771319 -3.72076084189 -1.81114461581 -1.57159996813 -2.17066429538 -1.83304932630 -1.71508267523 -1.70186811907 -1.51110273637 -1.83748699956 -2.29619550123 -1.52714495493 -1.24980604627 -2.39320526884 -3.13131308065 -2.27282557780 -1.65538247212 -2.39331727072 -2.79383746033 -1.48795318653 -1.60846596772 -2.36124127263 -2.20362513002 -3.01694626232 -2.07030411817 -2.19970756051 -2.74105756104 -2.36588858922 -2.31208193641 -2.31480466019 -2.01927940972 -1.73455602462 -1.85463314842 -1.71697610478 -1.61472714773 -1.73913205978 -2.60029600752 -1.25736341880 -1.90973124942 -1.82895724298 -1.80705160734 -3.54726330513
