# Number of parameters = 204 Objective function value = -3548.65276361023  Maximum gradient component = 0.000218376568839427
# theta[1]:
-0.0697542212064
# theta[2]:
9.02613448566
# theta[3]:
8.54071645934
# theta[4]:
8.81783412923
# theta[5]:
0.846135677017
# theta[6]:
4.00000000000
# log_rinit_devs:
 -0.113609425443 -0.0613246831682 0.0921549027890 0.0453219990594 0.0374572067631
# log_rbar_devs:
 0.737159729113 0.566908782461 0.357005532877 0.409245078153 0.269407775395 0.642835027925 0.283857507946 0.245991557582 0.269660917958 0.400063653161 0.367516077616 0.358445103627 0.470136418007 0.586605907869 0.865088912576 0.834613262615 1.03766713605 0.819859908950 1.03389311081 0.766321596617 0.739883096476 0.797015671749 0.695343026649 0.428510264125 0.514640454653 0.539829047989 0.406499510133 0.811865659353 0.306142260508 0.0964109088503 -0.0771255075985 0.136391121372 0.219773755126 -0.220941815280 -0.394454866520 -0.530153604275 -0.784559029602 -0.862160697891 -0.960429534396 -1.12821213210 -1.17697773990 -1.31298798674 -1.34792914927 -1.39606656824 -1.29342213408 -1.83261808319 -1.95766983282 -2.17814805726 -1.69733540471 -0.220841176224 1.38998638702 0.0215098661433 -1.35588044606 -0.355777045886 1.23703636591 0.508951162035 -0.535415751442 0.304229328065 1.99646507888 0.224679971326 -1.47407290209 -0.504049330503 2.04579435585 -0.363076480290 -1.11615025826 -0.856952361510 0.568829820573 0.477344929241 1.50743482511 1.53159514550 0.105972394791 0.872733141619 1.19603081287 0.680597322121 2.05493250144 -0.212562641501 0.299376046849 0.140040003359 0.148826261161 0.0471318083919 -0.357087137671 -0.445791156923 -1.38864417065 -1.81902244087 -0.819685283632 -2.73419118028 0.549402708351 -1.66851292193 0.175254514147 0.0570689680228 0.223093336522
# mat_params[1]:
 7.86138492974 10.7189576134
# mat_params[2]:
 5.93086191497 8.60655373551
# mat_params[3]:
 6.29161304805 9.03136577861
# log_m_devs:
 -0.00717579508281 0.136757251902 -0.129581456819
# log_slx_pars[1]:
 1.66765487129 -0.217809537443
# log_slx_pars[2]:
 1.72268199925 -0.410430857494
# log_ft_pars:
 -1.49294412250 -1.57008864894 -2.01446603369 -1.88806866852 -1.59603584725 -1.49370050834 -1.61190522195 -2.06448646578 -1.71483184656 -2.51272931428 -2.64926733124 -2.79391351487 -5.07330137616 -1.97113785675 -4.03666770579 -3.17193255663 -2.92687416667 -2.44642437176 -2.31105222376 -3.21094543290 -3.28860548695 -3.31090024276 -3.49611442233 -2.90730728778 -3.18677273025 -3.78409269381 -3.16838325203 -2.51256293637 -2.48110311452 -1.94610041315 -1.49623273199 -1.57592068246 -2.00055432937 -2.41325333820 -2.39009050331 -1.74550745480 -2.38007746788 -2.78276755867 -5.44621571884 -5.35446931312 -4.44762500886 -3.88899690538 -4.09741935695 -4.23189289969 -3.97876884224 -3.84257904112 -2.77051108917 -3.27389141522 -9.97557509464 -5.39930006151 -3.94800786613 -3.56093269096 -3.95502024604 -3.49270829206 -3.57993224294 -3.57591075923 -3.30462303497 -3.55848582358 -4.19405128359 -3.38275159672 -2.97995788514 -3.96713120962 -4.85605556996 -3.94456315083 -3.16954486383 -3.73534599108 -4.13921319066 -2.94131984456 -3.29261723920 -4.05559318322 -3.75726617514 -4.44690959528 -3.48469244708 -3.60570354347 -4.30241995219 -3.83834523290 -3.66457527745 -3.51937082685 -3.07896722521 -2.63952234078 -2.65734330315 -2.40426036400 -2.20013249682 -2.23208232100 -3.00102953179 -1.59044797471 -1.93988935099 -1.84338938341 -1.85965047395 -3.60127382090
