# Number of parameters = 203 Objective function value = -3673.40766042006  Maximum gradient component = 0.000300100219747301
# theta[1]:
-0.323868866527
# theta[2]:
7.41231205630
# theta[3]:
6.51701012597
# theta[4]:
7.08350719222
# theta[5]:
0.503534504322
# theta[6]:
4.00000000000
# log_rinit_devs:
 0.131216917115 0.0764999402716 0.0903237771825 -0.0284730514736 -0.269567583096
# log_rbar_devs:
 1.35801621772 1.16638166789 0.977111814942 1.01595664862 0.865627969234 1.13074802199 0.745084268745 0.662315509787 0.614863407927 0.685726878896 0.629036828481 0.567080070527 0.640388021715 0.704978950145 0.873498096847 0.793743067495 0.847025842271 0.662922804278 0.809452229610 0.577136934597 0.577811023333 0.651502263735 0.591368853415 0.390240171960 0.479623905197 0.538898261430 0.469386874549 0.840607278549 0.436663953903 0.242354861073 -0.0152573787320 -0.00142163438619 -0.0412380486385 -0.474514340177 -0.697164444605 -0.986292686765 -1.38941252940 -1.52942423475 -1.59562875149 -1.66137603898 -1.64117417489 -1.71557925343 -1.71576274300 -1.73927067007 -1.62834621826 -2.13980429529 -2.34819595460 -2.64566444003 -2.16090794401 -0.703016162615 0.714972009373 -0.541564925229 -1.98578685320 -0.958715048578 0.633700952363 -0.0960372722978 -1.13725549795 -0.267015971614 1.41079840227 -0.420674768550 -2.17023415376 -1.02112715005 1.63568222053 -0.814253330661 -1.51669535104 -1.19688364872 0.290277626052 0.153604446210 1.20665334965 1.24254002036 -0.183864936748 0.607012068052 0.994294965491 0.528160341289 1.82997496178 -0.207431633306 0.523927270302 0.668195249521 1.03774907348 1.32197351969 0.886595737081 0.828995031756 -0.0805161995747 -0.533028197536 0.450504171030 -1.59949366207 1.65571703755 -0.823524121527 0.961552191720 0.695201526484 0.559919795624
# mat_params[1]:
 7.05311747492 10.0023648556
# mat_params[2]:
 7.05842860736 10.4243520491
# mat_params[3]:
 5.31113025234 7.98634710824
# log_m_devs:
 -0.0312390982409 0.0312390982409
# log_slx_pars[1]:
 1.22689887623 -0.587057622043
# log_slx_pars[2]:
 1.66861026097 -0.198827707218
# log_ft_pars:
 -1.37651245668 -1.45442221266 -1.85406832929 -1.69979720239 -1.38857145587 -1.27658492974 -1.34697754645 -1.71641971984 -1.30185379133 -2.08600241348 -2.23029560801 -1.30222667019 -4.53584974146 -1.42039748505 -3.47117377530 -2.58553962168 -2.24745288533 -1.77602574422 -1.61709515727 -2.52902803589 -2.63331343326 -2.69740570740 -2.93471619250 -2.36864364838 -2.67076021752 -3.33147430006 -2.76815066544 -2.13033574686 -2.11605938542 -1.52259857051 -0.969479764142 -0.944262380385 -1.28698410855 -1.63760168791 -1.53199871778 -0.731055063971 -1.20190519623 -1.54329398862 -4.26106576851 -4.27737912290 -3.46078011281 -2.97693313091 -3.26222950318 -3.44884740413 -3.22718920822 -3.11622787080 -1.98065156125 -2.43613819144 -8.39479150134 -3.51735316607 -1.55618044136 -1.31877141824 -1.93712940153 -1.62506815530 -1.49841815614 -1.47737043240 -1.27314360580 -1.61727018531 -2.06541220609 -1.28247005311 -0.989703865633 -2.16873564159 -2.92133139123 -2.06363065228 -1.44285736560 -2.21803111784 -2.67099453436 -1.37448373397 -1.45328235543 -2.20062872527 -2.06016564245 -2.90524429658 -1.98510094927 -2.14268134474 -2.68096318003 -2.32512635210 -2.29988622966 -2.36096830454 -2.15382943988 -1.97348606648 -2.03223512231 -1.83765114034 -1.68394614113 -1.75313310431 -2.54897188680 -1.16396266637 -1.78804720533 -1.59596612168 -1.42310562112 -3.00492377783
