# Number of parameters = 208 Objective function value = -3715.49070029026  Maximum gradient component = 0.000944530534264555
# theta[1]:
-0.312979510683
# theta[2]:
8.20526670340
# theta[3]:
7.19746525289
# theta[4]:
7.57136567097
# theta[5]:
0.920541883247
# theta[6]:
4.00000000000
# log_rinit_devs:
 -0.0131928984073 0.00510385257650 0.0816622600915 -0.00182604019093 -0.0717471740698
# log_rbar_devs:
 1.30700868427 1.12513427461 0.924485754953 0.939398632136 0.775467589167 1.05546147443 0.678332802757 0.590499500214 0.557710239851 0.632993488773 0.585733379649 0.583569761326 0.704363728180 0.803750574458 1.00588841911 0.897095020426 0.942011713887 0.754549402081 0.934148015023 0.707813837036 0.700219498534 0.765668598272 0.688714742936 0.468305554199 0.553792002254 0.595469005627 0.499698395072 0.862128910483 0.422607840831 0.203815891412 -0.0280673620764 0.0694820249516 0.0937129168884 -0.321734756544 -0.520278571696 -0.707970216032 -0.981835153065 -1.04368396288 -1.09386782733 -1.19410503410 -1.19789243451 -1.29541430292 -1.31172000475 -1.35135130896 -1.27268401645 -1.81898965773 -2.01855298812 -2.29991977850 -1.86716964482 -0.450335093184 1.02806576730 -0.228012580265 -1.67043587366 -0.651097378288 0.956186672050 0.226311078942 -0.822824483056 0.0306735343262 1.74740758106 -0.0869561413651 -1.85202036834 -0.750784647263 1.89694490240 -0.591706234223 -1.32766566727 -1.05013894526 0.419521882187 0.287953339528 1.32793582903 1.35727810081 -0.0943490378621 0.685431361919 1.03569144102 0.509699361169 1.90466010494 -0.353893866564 0.252188595828 0.149576196167 0.213341178024 0.150411879099 -0.243953342881 -0.293099131227 -1.12281665757 -1.50040009659 -0.479648802052 -2.36884903047 0.898889377585 -1.56231512233 0.215658180363 -0.0445557328965 0.148237215582
# mat_params[1]:
 7.60837428620 10.3265700456
# mat_params[2]:
 7.72363275180 10.7772705270
# mat_params[3]:
 6.34422637044 9.32238548417
# mat_params[4]:
 4.94141650793 7.33246302675
# log_m_devs:
 0.184979133004 -0.250820415972 0.0658412829681
# log_slx_pars[1]:
 1.41105330182 -0.318746838991
# log_slx_pars[2]:
 1.75596834532 -0.180115444149
# log_slx_pars[3]:
 1.57402052476 -0.364524309977
# log_ft_pars:
 -1.47610760696 -1.55920575675 -1.96357246918 -1.79609932970 -1.47158399348 -1.35795720410 -1.43486441689 -1.81370416317 -1.39966339442 -2.17494889110 -2.30353446873 -2.28794749210 -4.71133825619 -2.40649568005 -3.71870420567 -2.81201914197 -2.47028631377 -2.00164051097 -1.86497903538 -2.77877520744 -2.87601570482 -2.92445699974 -3.14282425337 -2.56673152382 -2.85932275267 -3.49471779413 -2.91092572709 -2.26643106966 -2.24068966328 -1.66072283690 -1.13678639609 -1.16368101601 -1.56053118458 -1.94593833225 -1.87443933470 -1.15784831341 -1.74898350641 -2.16284014628 -4.88359418686 -4.86305614542 -4.01820761796 -3.51317590357 -3.77976232544 -3.94447907039 -3.69787105512 -3.56565284548 -2.44642619964 -2.90170460173 -8.72742792863 -3.84047167954 -1.96402794330 -1.67343153359 -2.25522551391 -1.96852435380 -1.90321592308 -1.85022191838 -1.63381821165 -1.99081137338 -2.47673849207 -1.65799788647 -1.36839916934 -2.55326856917 -3.30315822903 -2.35462724873 -1.68747212141 -2.46578639365 -2.89177746391 -1.54398223251 -1.63264570560 -2.36668009165 -2.17724121270 -2.99687880211 -2.06725454063 -2.18315381054 -2.73721339493 -2.33864782223 -2.27134974680 -2.27654974353 -1.91500214386 -1.92363024888 -2.04613213336 -1.87915665368 -1.74656869125 -1.84544046415 -2.68717459173 -1.35557593718 -2.03167506078 -1.80541794347 -1.57339842794 -3.07825807727
