# Number of parameters = 209 Objective function value = -3702.60723413013  Maximum gradient component = 4.36653417477521e-005
# theta[1]:
-0.421300967006
# theta[2]:
7.64426815215
# theta[3]:
6.59927643140
# theta[4]:
7.04988294492
# theta[5]:
0.587433777576
# theta[6]:
4.00000000000
# log_rinit_devs:
 0.00640348375713 -0.0114477739506 0.0729428064017 0.0367110914192 -0.104609607627
# log_rbar_devs:
 1.40110181998 1.20694411943 0.982776594191 1.01280749494 0.884957853944 1.14970921732 0.771827027311 0.661233380955 0.617203000240 0.608233110817 0.523538200327 0.464989019026 0.576893401613 0.684830836264 0.924077742130 0.865008560654 0.941995191572 0.740887824921 0.885717388841 0.664376273353 0.667517631239 0.742218294618 0.682509743360 0.482545717134 0.577083746484 0.638568124948 0.564791132610 0.926764016843 0.519890094916 0.308023385126 0.0392589326825 0.0602753606366 0.0341856532583 -0.391054909056 -0.630774026872 -0.925101944691 -1.29094037786 -1.40402603835 -1.45139337943 -1.52181821300 -1.50813404989 -1.58621382835 -1.58708522109 -1.60883160727 -1.50498439149 -2.02798524551 -2.25471423581 -2.56229606217 -2.10399052837 -0.648231235696 0.786424336180 -0.464581681995 -1.92094966984 -0.891384076249 0.715306797576 -0.0245752580389 -1.07618344029 -0.198569116999 1.50654042133 -0.348935771137 -2.12454907226 -0.965866185669 1.71337246032 -0.772846379937 -1.48499273759 -1.17252550389 0.323199961038 0.176900971829 1.23236793119 1.26386602034 -0.190147177608 0.594335446261 0.966403109823 0.458950601542 1.78163710457 -0.366902383336 0.315873377260 0.381632493613 0.654582432041 0.806290095666 0.389176639950 0.345003447718 -0.464815968568 -0.838746510816 0.154478654200 -1.77935974105 1.38820531003 -0.856650506961 0.980866359966 0.785162023004 0.416840589989
# mat_params[1]:
 6.98681283104 10.0778357675
# mat_params[2]:
 7.16270201476 10.4211706661
# mat_params[3]:
 5.35345920978 8.02899804571
# mat_params[4]:
 5.39722976460 8.43390270029
# log_m_devs:
 0.120313503393 -0.120313503393
# log_slx_pars[1]:
 0.387113775406 -3.02057387115
# log_slx_pars[2]:
 1.30865458371 -0.617990368660
# log_slx_pars[3]:
 1.65156449901 -0.210222001431
# log_slx_pars[4]:
 1.67825456742 -0.264833052797
# log_ft_pars:
 -2.01538743115 -2.05151876727 -2.39065646805 -2.23349526587 -1.91344517639 -1.88930184141 -1.88508097483 -2.22943682221 -1.81847070903 -2.59493814183 -2.67928698846 -6.54103507404 -5.07935135608 -6.67486516938 -4.13928092435 -3.18945168721 -2.21462303334 -1.75596090560 -1.59406008190 -2.50935312138 -2.61627307746 -2.67460564036 -2.91305163189 -2.35727188624 -2.65664971552 -3.31127881698 -2.75226255815 -2.09887768559 -2.10157756936 -1.52445246862 -0.979044612823 -0.944147670119 -1.27657353382 -1.64281534754 -1.54579881269 -0.749251086853 -1.23097560296 -1.58066602512 -4.29809237151 -4.31152358187 -3.48926031227 -3.00278408507 -3.28163645068 -3.46580417562 -3.24127313696 -3.14610631015 -2.01134414417 -2.46281547606 -8.52224541014 -3.65385684697 -1.74722387222 -1.49942155616 -2.08211122470 -1.73532329610 -1.63269722730 -1.63097873562 -1.42598120980 -1.74582535952 -2.22161192116 -1.45531108327 -1.15452793947 -2.29007391286 -3.05648587379 -2.21324466654 -1.57861338724 -2.30696038258 -2.73334646580 -1.44902864533 -1.56596375800 -2.31579068374 -2.15400200191 -2.96449095460 -2.02515249427 -2.16389259611 -2.70493798062 -2.33013521054 -2.27110986746 -2.27523014888 -1.99643650132 -1.72183114295 -1.83369897839 -1.68449409755 -1.57422851119 -1.69423591082 -2.56164583997 -1.22594945792 -1.73489307671 -1.60888030108 -1.54929323978 -3.27602636498
