# Number of parameters = 205 Objective function value = -3651.42745592195  Maximum gradient component = 0.00111047073646695
# theta[1]:
0.186523061852
# theta[2]:
10.2360865847
# theta[3]:
9.46689908525
# theta[4]:
10.0864353322
# theta[5]:
0.690140088711
# theta[6]:
4.00000000000
# log_rinit_devs:
 -0.218008946174 -0.139489743613 0.0635735767331 0.0491483807380 0.244776732315
# log_rbar_devs:
 0.938567919171 0.735905643367 0.479075417893 0.513480607841 0.339692046753 0.740940581084 0.329486240763 0.248588963045 0.260884513503 0.341404611688 0.224105117743 0.121823855654 0.151137515312 0.140757789674 0.254002292853 -0.0494168197597 -0.181909418710 -0.349692988850 -0.0559320901766 -0.291055110548 -0.270112591247 -0.162318176561 -0.224103224178 -0.466069138098 -0.329471426008 -0.262770219891 -0.364772835299 0.0924846202905 -0.394434103774 -0.561228117560 -0.663123459679 -0.332470115945 -0.144285019775 -0.518207222767 -0.592106140083 -0.618158934495 -0.784555806425 -0.765648010383 -0.775225511916 -0.875303469840 -0.837351364314 -0.913109646512 -0.877035602793 -0.840787634495 -0.660599020338 -1.20190148543 -1.35050133962 -1.66219756982 -1.35590373683 0.0236416921648 1.62509686367 0.353006906503 -1.04666508897 -0.0532998530272 1.52215267791 0.793390428329 -0.267655511209 0.576822646837 2.32490868062 0.503985768446 -1.28605405985 -0.231149440395 2.36555989935 -0.0866484151762 -0.863536224009 -0.615883273726 0.812323662255 0.716380620776 1.72547298782 1.74835272070 0.291620514144 1.05226476859 1.34755372764 0.772139639682 2.01262602468 -0.311167334335 0.182318027786 0.162849409728 0.419002034942 0.665548667587 0.280822593562 0.218763689808 -0.819129424672 -1.26712598094 -0.298620111868 -2.29216160483 0.957143885297 -1.34024844289 0.442080707564 0.212160732107 0.490774402857
# mat_params[1]:
 8.36702806978 10.4851313186
# mat_params[2]:
 9.24892435830 11.8681179139
# mat_params[3]:
 9.92656690677 13.4523977828
# mat_params[4]:
 7.02548200549 9.51749162294
# log_m_devs:
 0.0824653416480 -0.0824653416480
# log_slx_pars[1]:
 1.76704196129 -0.197566538900
# log_slx_pars[2]:
 1.88245570070 -0.309183585898
# log_ft_pars:
 -1.51452973574 -1.60343712436 -2.00941282829 -1.84392975233 -1.51305467502 -1.44088319310 -1.53445988876 -1.93907645592 -1.55215140753 -2.32733575117 -2.41539240044 -1.72785163357 -4.68067306268 -0.683599506464 -3.43733741322 -2.43350643403 -1.98693061961 -1.58081443104 -1.50218055021 -2.45837195262 -2.59520952036 -2.67554394246 -2.91095477089 -2.35946621436 -2.68835693064 -3.33240670415 -2.74795924431 -2.12286837723 -2.12738189264 -1.62643871964 -1.22111665831 -1.36953288469 -1.88694937072 -2.38458773710 -2.45569972691 -1.91312539630 -2.65631331261 -3.15304154963 -5.90504341527 -5.89088718605 -5.06563369651 -4.58674125347 -4.87060626360 -5.08090016801 -4.90611721810 -4.83174476186 -3.81703756830 -4.35845742771 -11.0016143729 -6.19325328245 -4.55965422774 -4.17303292168 -4.62461833976 -4.26870002942 -4.32721554345 -4.27788981555 -4.01967268084 -4.32220551403 -4.92663905394 -4.09231040344 -3.74132013613 -4.81449127555 -5.63428557740 -4.65537410295 -3.91271228156 -4.58681691236 -4.97194990060 -3.67222807221 -3.92365339657 -4.66416644456 -4.38288000771 -5.11377639793 -4.14867718409 -4.23542299173 -4.79984235630 -4.29370002143 -4.11089913598 -4.01191969928 -3.60378015296 -2.60589149417 -2.43435419969 -2.16598610310 -2.01256400051 -2.10631248433 -2.89660667926 -1.44824471596 -2.03540531518 -1.83224273917 -1.74003936399 -3.44555070376
