# Number of parameters = 205 Objective function value = -3673.96561841689  Maximum gradient component = 0.000458555694378740
# theta[1]:
-0.351408776023
# theta[2]:
7.33378253836
# theta[3]:
6.52111799589
# theta[4]:
7.10004912385
# theta[5]:
0.503000452874
# theta[6]:
4.00000000000
# log_rinit_devs:
 0.153902189664 0.0903720362793 0.0938640932287 -0.0376329274392 -0.300505391733
# log_rbar_devs:
 1.30556071221 1.11367828672 0.925988429850 0.970887873471 0.822735948682 1.09324564671 0.708545571336 0.631162715218 0.591246742630 0.671048339432 0.617355389642 0.543060788764 0.599977880849 0.644494057109 0.796828251662 0.721029026340 0.774421269870 0.589217688803 0.735260413422 0.502014436917 0.505572927828 0.582956814154 0.526021466972 0.327065622849 0.420622584968 0.484786465579 0.419359483866 0.796911441724 0.394258533267 0.201522429559 -0.0571421463750 -0.0441062879426 -0.0841527636146 -0.518578414156 -0.741052357910 -1.03351560549 -1.44229530697 -1.58251189219 -1.64493064920 -1.70420090704 -1.67692912228 -1.74492836407 -1.73819921953 -1.75534135365 -1.63634771839 -2.13730683488 -2.32644802611 -2.59895334347 -2.08697694176 -0.632624748988 0.792732032579 -0.468718750451 -1.91280468284 -0.886246477779 0.707933730741 -0.0228081315927 -1.06577563972 -0.195693408010 1.48546661860 -0.346154328614 -2.09387935196 -0.950388569784 1.70792533633 -0.746425793909 -1.45120178716 -1.13320565926 0.353603307705 0.216896423792 1.27027166743 1.30610655510 -0.123166688190 0.669162384525 1.05514162809 0.587685433593 1.89314796937 -0.149701063683 0.582980298667 0.726387550396 1.09678799213 1.38448745770 0.945924638657 0.890336260903 -0.0312367667121 -0.503922922600 0.444076703841 -1.64755359311 1.53799937362 -0.902645021038 0.897582714944 0.675193752436 0.573403568877
# mat_params[1]:
 7.06532287658 10.0155074255
# mat_params[2]:
 7.07273773905 10.4556419874
# mat_params[3]:
 5.39469274377 8.09534118240
# mat_params[4]:
 5.11435673063 7.65558741831
# log_m_devs:
 -0.0187298543317 0.0187298543317
# log_slx_pars[1]:
 1.22543823911 -0.586778224096
# log_slx_pars[2]:
 1.66903131226 -0.207190276395
# log_ft_pars:
 -1.32885367209 -1.40777029515 -1.80984826652 -1.65982817058 -1.35151178069 -1.24299844394 -1.31658868380 -1.69102544186 -1.28248452600 -2.07575150834 -2.22906026520 -1.12652566401 -4.50793467103 -1.15664628477 -3.40054568318 -2.52150792409 -2.18647087693 -1.71439969380 -1.55272612596 -2.46483247830 -2.57241466799 -2.64019757822 -2.88175209258 -2.31858015441 -2.62410628448 -3.28976998428 -2.73090233922 -2.09650598890 -2.08577627875 -1.49372376364 -0.938154997354 -0.909660767595 -1.25139003991 -1.60351998465 -1.49970490032 -0.694857894230 -1.15962961660 -1.49967732353 -4.22218934689 -4.24603270530 -3.43651336794 -2.95935797620 -3.25145369135 -3.44513574674 -3.23109530509 -3.12801691297 -2.00389103265 -2.47541822526 -8.44266078440 -3.55879096506 -1.60705332287 -1.37063121458 -1.98690242332 -1.67060973641 -1.54390525424 -1.52326799128 -1.32149844702 -1.66260294748 -2.11008694571 -1.32911863917 -1.03974130724 -2.21349527142 -2.96193881635 -2.10372423016 -1.48398483870 -2.25356919507 -2.69755503049 -1.39914924490 -1.48604716492 -2.23543004089 -2.09290602883 -2.93336251219 -2.00923936022 -2.16438440175 -2.70623599507 -2.34982740865 -2.32348174941 -2.38055294124 -2.17031949399 -1.99195307180 -2.05380343417 -1.85992546074 -1.70448653770 -1.76958895842 -2.55514252957 -1.15477011383 -1.72186194405 -1.53198035286 -1.36844191154 -2.97406130016
