# Number of parameters = 206 Objective function value = -3676.11331747891  Maximum gradient component = 0.000510755007623048
# theta[1]:
-0.358982823381
# theta[2]:
7.16279661813
# theta[3]:
6.64348979759
# theta[4]:
7.18960512806
# theta[5]:
0.509520744010
# theta[6]:
4.00000000000
# log_rinit_devs:
 0.207263337782 0.135325108721 0.115958557119 -0.0375943124768 -0.420952691146
# log_rbar_devs:
 1.04675634459 0.870549755006 0.702487264985 0.763141215334 0.634247199478 0.898526367145 0.554122226584 0.506693971812 0.499178967899 0.610690061641 0.578173180259 0.493479674777 0.512516787909 0.522464860772 0.682634081565 0.711550383489 0.895543093460 0.711842783119 0.850289071873 0.624333782348 0.618933501540 0.682968509994 0.618562550486 0.418840722155 0.498061799120 0.547587734158 0.474462538085 0.822281588027 0.429276936604 0.235389565401 -0.0167982857583 -0.00408282109239 -0.0419396810338 -0.458251658130 -0.671786291641 -0.939999440818 -1.31083304250 -1.43447660356 -1.49648449233 -1.56608531437 -1.55159527369 -1.62810570031 -1.63237987009 -1.65826842173 -1.55772339072 -2.05831603342 -2.26453295823 -2.56767698692 -2.12558122572 -0.681560570696 0.759374110734 -0.499544322361 -1.95074702613 -0.922705472333 0.677745820668 -0.0502210769259 -1.09112977701 -0.228717501531 1.46004682490 -0.369303246001 -2.13184433949 -0.974850845809 1.68536499609 -0.775935514296 -1.48260654904 -1.17234731234 0.317100341740 0.185719711015 1.24282318129 1.27567454001 -0.158933635857 0.627911623082 1.01031265765 0.530723322881 1.83450962024 -0.246969681421 0.462421697036 0.589417854524 0.966682232955 1.31122164169 0.874712954692 0.822541227327 -0.0737523578567 -0.511068586135 0.479125890645 -1.56563244420 1.68091641338 -0.680154961838 1.19031101927 1.01229750485 0.540401007017
# mat_params[1]:
 7.09835347442 10.3094197066
# mat_params[2]:
 5.55019877088 8.40154495289
# mat_params[3]:
 5.38834107701 7.80891284959
# log_m_devs:
 -0.108208340657 0.0612879873975 0.0469203532590
# log_slx_pars[1]:
 1.23402314864 -0.575433518480
# log_slx_pars[2]:
 1.72462222521 -0.123904397615
# log_slx_pars[3]:
 1.59881321735 -0.433248643477
# log_ft_pars:
 -1.27738670553 -1.35523279786 -1.77133130008 -1.63950031893 -1.35155252694 -1.24826863008 -1.34140300020 -1.74803918552 -1.37585380454 -2.20190161169 -2.38398926861 -0.936584582911 -4.63675156804 -0.753195478774 -3.43357452622 -2.60952084583 -2.36302936702 -1.88672319989 -1.72966698545 -2.64219559771 -2.73935225418 -2.79624636217 -3.02552887993 -2.45222521642 -2.74981307149 -3.40381067849 -2.83264395265 -2.18816641676 -2.16658556634 -1.56913798042 -1.02044918321 -1.00785245285 -1.36084824480 -1.71422602513 -1.61108124000 -0.828418584246 -1.33133649699 -1.69381120103 -4.41588378670 -4.42504504645 -3.60345119864 -3.11684581964 -3.40188818697 -3.58412422567 -3.35418365978 -3.23853517733 -2.10833008437 -2.56512346398 -8.37155959319 -3.49952068252 -1.55375451560 -1.27233806747 -1.86946295818 -1.58690827912 -1.50169068932 -1.45591054812 -1.22567083152 -1.58710037952 -2.06751684209 -1.25420170876 -0.943119365631 -2.14724759069 -2.93935669182 -2.03854490187 -1.38378666844 -2.18126807340 -2.66585283726 -1.36014465785 -1.42385157662 -2.15842912222 -1.99478399721 -2.84240485708 -1.93813828174 -2.08910371526 -2.62240380095 -2.24155820380 -2.19846372641 -2.26266307772 -2.04652005532 -2.06696002793 -2.16618953104 -1.99565773205 -1.84241983705 -1.90899142208 -2.67625084177 -1.29386491565 -1.90501656885 -1.84227456987 -1.78725971612 -3.40256771339
