# Number of parameters = 203 Objective function value = -3568.30423600589  Maximum gradient component = 0.000316617128178146
# theta[1]:
-0.159527187694
# theta[2]:
8.11592609533
# theta[3]:
8.18649610728
# theta[4]:
8.55200254855
# theta[5]:
0.570662400621
# theta[6]:
4.00000000000
# log_rinit_devs:
 0.0266481176091 -0.000889168379071 0.0879748190977 0.0120082830301 -0.125742051358
# log_rbar_devs:
 0.392862933095 0.243389493095 0.0570042234976 0.196431066264 0.117656647125 0.555741523197 0.214593309839 0.207988732590 0.247083942725 0.386159900478 0.353673260857 0.348624458070 0.108286122273 0.284424709544 0.644673765430 0.710323505604 1.05921150278 0.823675789969 1.05385168233 0.787201521171 0.767585360707 0.833270356061 0.727461746593 0.450689714907 0.545693058691 0.570628686613 0.422275407181 0.844951161497 0.297241721283 0.0565297049056 -0.145078383478 0.0630321040287 0.139819511290 -0.338436836995 -0.538534048723 -0.692954580879 -0.961768413954 -1.03658620836 -1.13186952526 -1.29920030221 -1.34464456146 -1.47974739449 -1.50920065417 -1.55493970491 -1.43754299738 -1.99216010371 -2.11484320493 -2.33559187328 -1.85172615761 -0.383362696985 1.20713096849 -0.153147931526 -1.53241465266 -0.522386159696 1.05853223601 0.341417153697 -0.698733942944 0.147830330695 1.81805115336 0.0671274383027 -1.61775629491 -0.626292231092 1.91086299634 -0.466441731804 -1.21126894573 -0.934768211221 0.487905439722 0.392600754791 1.41611298937 1.44075838853 0.0338915325485 0.807719397068 1.14372492204 0.667766563068 1.98415454487 -0.146590133760 0.457162077148 0.470205297207 0.724349244953 0.945039358179 0.517914730384 0.445009144927 -0.538575132407 -1.02449377781 -0.0666177225775 -2.13427306836 1.08671012145 -1.31161656672 0.456045930182 0.231606568341 0.361898246629
# mat_params[1]:
 7.21893229850 10.2984641016
# mat_params[2]:
 7.76971234305 10.9097966309
# mat_params[3]:
 6.11278175576 8.56656191480
# log_m_devs:
 -0.133308401048 0.133308401048
# log_slx_pars[1]:
 0.245188214682 -6.48433979043
# log_slx_pars[2]:
 1.65359495488 -0.302165492579
# log_ft_pars:
 -2.56929841385 -2.68061887705 -3.07116157884 -2.99037037210 -2.74849311331 -2.86791595629 -2.95668594297 -3.38937480642 -3.07279072008 -3.95813041045 -4.10408930525 -0.907908022267 -6.16379210410 -3.90393810160 -5.35830253748 -4.52541084474 -2.73772861819 -2.26245679169 -2.12986053030 -3.04282814632 -3.13842392915 -3.16769502150 -3.35808381921 -2.78267332456 -3.06431216700 -3.65400386246 -3.03458581392 -2.35169685523 -2.32308002534 -1.79834931522 -1.33484382962 -1.36209254527 -1.73709463708 -2.14624140681 -2.13233341877 -1.46991028418 -2.08004655249 -2.47188951804 -5.13306558565 -5.04541372634 -4.13910740781 -3.57935920445 -3.77488437784 -3.91121787119 -3.66949110275 -3.54521763425 -2.47454262028 -2.98471533748 -9.65923596516 -4.94285152643 -3.35694027421 -3.09943455995 -3.62567921356 -3.21087991337 -3.15354596550 -3.16261984988 -2.96725594723 -3.24383000983 -3.73155369149 -2.97500436028 -2.67643526253 -3.72377587824 -4.44677897715 -3.57706067818 -2.90942787069 -3.54872138390 -3.89850748905 -2.64970788299 -2.91465049850 -3.68577695612 -3.47430623883 -4.21599707398 -3.23668067341 -3.37708491019 -3.99203670802 -3.59413723860 -3.50120168752 -3.43653078046 -3.10801968540 -2.85399058596 -2.85239419232 -2.58375430982 -2.35461490265 -2.34968388700 -3.06486704745 -1.62404347178 -2.41664072261 -2.28264704042 -2.14525181708 -3.69664819605
