# Number of parameters = 207 Objective function value = -3666.12823298288  Maximum gradient component = 0.000141700053157795
# theta[1]:
-0.122031234219
# theta[2]:
8.82965838869
# theta[3]:
7.91533374969
# theta[4]:
8.29054895396
# theta[5]:
1.11908770728
# theta[6]:
4.00000000000
# log_rinit_devs:
 -0.0796358056110 -0.0341554678980 0.0942709917876 0.0119237565034 0.00759652521799
# log_rbar_devs:
 1.19021564454 1.01744037565 0.805115130097 0.819376877385 0.652655642020 0.979567157439 0.609770581905 0.546682730996 0.561412172011 0.667107043271 0.617628176957 0.582949068001 0.660722875136 0.720764146541 0.908858796009 0.760598515361 0.769585283974 0.584041642880 0.804728155914 0.585895783414 0.586454421792 0.661753308862 0.587846088622 0.362638925877 0.466174926392 0.511512246766 0.404262191653 0.778373975370 0.294704046329 0.0590335624939 -0.142030499598 0.0368815308875 0.111066482831 -0.306364622047 -0.476370810110 -0.597982375744 -0.806319990076 -0.823387432073 -0.854794169892 -0.958274938555 -0.951675125447 -1.04352362548 -1.04452519204 -1.06281274692 -0.968300723337 -1.51976716205 -1.71355234123 -2.02058294018 -1.68887479813 -0.298187541430 1.23234128725 -0.0142624587168 -1.43378881235 -0.437597886895 1.14714121083 0.417451325723 -0.638637301795 0.212327298060 1.93442119910 0.105527003653 -1.67173784800 -0.623894239573 1.98226650168 -0.492687251933 -1.25355163827 -0.998077526434 0.452104053384 0.340521202080 1.36088646937 1.38430180476 -0.0600917010481 0.708380634350 1.03855204951 0.494405644414 1.91530838744 -0.436417009235 0.114608651146 -0.0467759861519 -0.0118431179117 -0.0756874801672 -0.460445330464 -0.501935126949 -1.37003599989 -1.76390348151 -0.741498608323 -2.64377036225 0.640043431009 -1.83391908016 -0.0721276102110 -0.375651605357 0.0492588368169
# mat_params[1]:
 7.97836167625 10.4190955433
# mat_params[2]:
 8.22700918776 11.0320991947
# mat_params[3]:
 7.38143301198 10.5993909166
# mat_params[4]:
 5.42709265758 7.94652321071
# log_m_devs:
 0.143570002673 0.118379697889 -0.278612390725 0.0166626901631
# log_slx_pars[1]:
 1.65180071287 -0.204207345897
# log_slx_pars[2]:
 1.65027390781 -0.322762298565
# log_ft_pars:
 -1.16295276902 -1.25112174686 -1.68235198433 -1.53427214788 -1.21153507392 -1.09576982571 -1.18504382357 -1.60196954257 -1.22072256446 -2.01163016169 -2.14851576954 -1.59551208735 -4.52235812244 -0.967880234247 -3.40429206084 -2.49759590394 -2.15741274272 -1.70565935329 -1.58037699242 -2.50429628512 -2.61961644172 -2.67670559431 -2.89689107707 -2.33374665545 -2.64188985106 -3.27292768160 -2.68305304177 -2.02734437169 -2.00221334591 -1.45484623203 -0.965631871738 -1.00409505991 -1.41464635068 -1.83325028525 -1.81886439854 -1.16158450818 -1.80549941485 -2.25574964179 -4.99026015143 -4.97002190586 -4.12999848157 -3.63179225106 -3.89623511884 -4.07585934300 -3.85502313767 -3.74163914705 -2.66520635684 -3.15323613130 -9.78399210260 -5.00503249438 -3.35665206085 -2.98980536152 -3.40238392863 -2.96349300085 -3.03859540995 -3.04490915214 -2.78266766826 -3.03963674419 -3.66532856025 -2.86715527634 -2.47784674975 -3.47385049471 -4.34010527036 -3.44000096047 -2.67676135992 -3.25204166386 -3.63929335575 -2.41284832894 -2.70964389920 -3.46314911505 -3.17851252539 -3.87527492029 -2.91152410448 -3.02804850218 -3.70697949983 -3.26007091090 -3.09669957501 -2.95655894604 -2.51514339193 -2.00976271603 -2.10314990373 -1.93902655906 -1.81906438473 -1.92577139701 -2.76167813852 -1.40328640636 -2.07053689330 -1.79191665453 -1.55888918552 -3.06106434792
