# Number of parameters = 201 Objective function value = -3524.60590722786  Maximum gradient component = 8.22844199399272e-005
# theta[1]:
-0.106435413445
# theta[2]:
8.38729470809
# theta[3]:
7.98174668120
# theta[4]:
8.34675318271
# theta[5]:
0.458269785206
# theta[6]:
4.00000000000
# log_rinit_devs:
 -0.0183269538750 0.000423704544941 0.103925045791 -0.0132340958054 -0.0727877006554
# log_rbar_devs:
 0.798321486029 0.635937315086 0.442776482849 0.506446025790 0.372935963646 0.771964009835 0.430926026078 0.425168469776 0.490288940590 0.652666103219 0.645239355210 0.675454054816 0.818454506281 0.918501962251 1.13882522535 1.00498225038 1.05400835099 0.846626009255 1.06859333823 0.790468158962 0.765821591748 0.827341470696 0.725703932762 0.458995089057 0.551396967482 0.579537711289 0.439315939963 0.853935624067 0.319032358334 0.0799916475115 -0.133264718462 0.0424294047529 0.0945618528804 -0.385589734146 -0.603866791663 -0.784592905490 -1.07241265962 -1.16694013755 -1.27678337498 -1.45133202635 -1.51311868044 -1.65569186592 -1.69677986885 -1.75054405433 -1.64854496096 -2.19702765213 -2.33712536124 -2.56263222099 -2.07189293386 -0.606806629756 0.960517646382 -0.375256487814 -1.75700200615 -0.748553396110 0.830736295139 0.117063508459 -0.923156077957 -0.0698103634880 1.59349231258 -0.159801286971 -1.84525115661 -0.847232810397 1.69336078186 -0.689560650676 -1.42928343453 -1.14941230566 0.283414536099 0.181797276339 1.20498618442 1.22972676401 -0.183034440750 0.591467265706 0.934339607418 0.449598934926 1.72375525569 -0.374080821241 0.268903504902 0.327530941313 0.596297069217 0.745029103724 0.369112799359 0.347789470404 -0.410891918490 -0.745137102872 0.287825915313 -1.51733318306 1.77529885177 -0.608963899256 1.03543050561 0.617465199377 0.357120563585
# mat_params[1]:
 7.60949601731 10.1661938921
# mat_params[2]:
 7.14691385236 10.1723684619
# log_m_devs:
 -0.000620496079156 0.0508531494482 -0.142406718019 0.0921740646502
# log_slx_pars[1]:
 1.61049316121 -0.242944186929
# log_ft_pars:
 -1.11006632401 -1.21372874559 -1.67781627355 -1.56356772123 -1.27671639813 -1.19598216734 -1.33753883501 -1.81366499467 -1.48742317652 -2.33160366564 -2.51866559267 -1.62932034001 -4.98768218254 -1.37250834408 -3.98968615675 -3.12285719288 -2.82370167620 -2.35368646921 -2.20820754484 -3.10563258710 -3.18704910095 -3.20863525920 -3.39626423066 -2.81455839126 -3.09331308452 -3.69030796889 -3.07864300582 -2.41201243328 -2.38091445651 -1.84196998386 -1.36693573752 -1.39593801021 -1.76968517651 -2.15709637767 -2.11082396517 -1.42154536372 -2.00974860915 -2.38493817786 -5.03555624498 -4.93921506601 -4.02225707882 -3.45082552245 -3.64092897092 -3.76629962719 -3.51077584483 -3.37219483918 -2.28255716454 -2.77360699460 -9.46408344965 -4.82772364990 -3.29307508864 -2.96968821236 -3.40234754745 -2.94214643575 -2.98256870658 -3.00973742665 -2.76259383131 -3.01459725606 -3.59732586436 -2.82720259070 -2.44736194468 -3.44494078967 -4.29736090711 -3.44200336711 -2.69737082035 -3.27252594068 -3.68192140239 -2.49484427094 -2.80582581742 -3.57402156689 -3.31279543245 -4.01532463112 -3.05330449589 -3.20037270864 -3.84024496931 -3.40940419940 -3.27070458223 -3.19708159735 -2.92561855358 -2.71606195393 -2.86919411600 -2.70704976970 -2.57649653222 -2.68181855623 -3.53613549061 -2.24505798810 -3.25297760267 -3.04858852060 -2.83052163080 -4.29671964366
