# Number of parameters = 205 Objective function value = -3536.09700478712  Maximum gradient component = 968.464024196900
# theta[1]:
-0.322707321350
# theta[2]:
7.35139154638
# theta[3]:
6.73472206459
# theta[4]:
7.16283274986
# theta[5]:
0.428176051095
# theta[6]:
4.00000000000
# log_rinit_devs:
 0.105144005470 0.0429081650409 0.0838624803763 0.00358342964250 -0.235498080530
# log_rbar_devs:
 1.09009285755 0.899033499528 0.691994568941 0.748920234301 0.622864237663 0.917823671210 0.540492575398 0.460128903823 0.430349010874 0.477722550666 0.430599542844 0.428930913837 0.564178410507 0.690758580421 0.925427306829 0.822170780735 0.877337548995 0.671472682232 0.847715428498 0.626357479798 0.630606678228 0.708987722500 0.638775441397 0.431332813289 0.535323520894 0.588529440361 0.483311012970 0.846547380924 0.376262418360 0.115786603618 -0.168684696309 -0.129323125297 -0.149167949866 -0.621129954679 -0.926638009345 -1.24090100335 -1.60330940950 -1.70317495372 -1.75744477789 -1.84424589632 -1.84638284762 -1.92150702339 -1.91167975379 -1.91616743897 -1.77714233912 -2.22511954294 -2.32535340770 -2.49502217235 -1.93590334166 -0.460190846405 1.07282224599 -0.246880179280 -1.65970353751 -0.637781099207 0.945235949093 0.222479566178 -0.821096799805 0.0504623428646 1.70534216922 -0.0708224337963 -1.79150409555 -0.734498507874 1.84023098757 -0.560773867520 -1.28437103059 -0.983149242941 0.478626005494 0.355287275920 1.39275514562 1.41650293725 -9.70397497863e-005 0.780368127613 1.15585978862 0.686968692464 1.98494149948 -0.0492463154366 0.667982954716 0.810558557733 1.18648533726 1.48377104010 1.04884206109 0.991236058794 0.0673573273150 -0.445128588970 0.346303322106 -1.80562607895 1.10767130801 -1.35733267663 0.228609679387 -0.168806178239 0.428771965222
# mat_params[1]:
 6.84171545896 9.92586089118
# mat_params[2]:
 6.12680130872 9.24705029582
# mat_params[3]:
 4.57750920758 7.02396796370
# log_m_devs:
 -0.0661133383276 0.0661133383276
# log_slx_pars[1]:
 0.993400045135 -0.816555907046
# log_slx_pars[2]:
 1.44854998130 -0.433886088524
# log_slx_pars[3]:
 1.39026729699 0.135560110145
# log_ft_pars:
 -1.68825163727 -1.75396252107 -2.12789430655 -1.98194967653 -1.67681553176 -1.63625441295 -1.68573174426 -2.05501802783 -1.66263046279 -2.46607731407 -2.60074409610 -2.80084807852 -5.06291631327 -9.06093209919 -4.16110440597 -3.22833004842 -2.18967006332 -1.73708632813 -1.57960624903 -2.49440054034 -2.61778226696 -2.67523560957 -2.90532419700 -2.36364570765 -2.67013388799 -3.30670692701 -2.73392352339 -2.04911621639 -2.03234145843 -1.47824468091 -0.938175140975 -0.866764535858 -1.14538670141 -1.49151812431 -1.40774793091 -0.587576901616 -1.03247768088 -1.35462600711 -4.05671566232 -4.05984255155 -3.22401890082 -2.71917929775 -2.97082780069 -3.15895895654 -2.96396197313 -2.89025432935 -1.82548640843 -2.36243576519 -9.11868062238 -4.41218284321 -2.79657688905 -2.58183541027 -2.99630319293 -2.46251222376 -2.47142763705 -2.58825830840 -2.33729061810 -2.53096202150 -3.08781584625 -2.42209060439 -2.00350231260 -2.93457983239 -3.78745926630 -3.09178760328 -2.32233167746 -2.82558368014 -3.25120727269 -2.13399090698 -2.40987915790 -3.20959626158 -2.98638426034 -3.65606374756 -2.69060946894 -2.88580611474 -3.50580583652 -3.16301893698 -3.02616740250 -2.96595320199 -2.79877455693 -2.71604804049 -2.82418861320 -2.57537591127 -2.35744394343 -2.34613443100 -3.04860418453 -1.62933211182 -2.78373274278 -2.06797402697 -1.79185600537 -3.20496723103
