# Number of parameters = 199 Objective function value = -3597.83419412183  Maximum gradient component = 7.31952635115594e-005
# theta[1]:
-0.317519832056
# theta[2]:
8.10393613994
# theta[3]:
6.60389847462
# theta[4]:
7.07577039013
# theta[5]:
0.679244191855
# theta[6]:
4.00000000000
# log_rinit_devs:
 -0.0469636534926 -0.00407044279337 0.0979314017220 0.0386097773026 -0.0855070827386
# log_rbar_devs:
 1.74809628728 1.55228593399 1.33311132001 1.30917399274 1.11190835295 1.35374991909 0.921270639700 0.776449123054 0.675936432383 0.707093114642 0.635252322811 0.623460010387 0.732291588228 0.826951583762 1.04307306942 0.949800826441 1.02189242168 0.809413394312 0.977375849508 0.755961037972 0.765477674758 0.849005404551 0.790245272714 0.590912407691 0.704356074010 0.775173041458 0.700175280680 1.08578752095 0.644724363658 0.402985382976 0.128012912377 0.185002747507 0.179406123299 -0.279226281168 -0.555646594099 -0.842909457888 -1.18873875246 -1.26930356851 -1.30508344035 -1.37936321222 -1.36395718934 -1.44376934189 -1.44172004756 -1.46166378214 -1.36659100474 -1.95484244654 -2.26121070240 -2.67227448218 -2.37671110234 -0.898795868786 0.531533340576 -0.688143711660 -2.10418562553 -1.09355385337 0.469961375994 -0.245696464142 -1.28222260843 -0.402113090635 1.24573292569 -0.541940460678 -2.28113866147 -1.19145623918 1.38884487452 -0.998425729091 -1.71469081607 -1.40325329491 0.0690022407670 -0.0684817030687 0.957599225504 0.984635812420 -0.425890684595 0.348344153251 0.722384534673 0.248031842140 1.53515295883 -0.479584210587 0.250094201339 0.401827985826 0.782204660247 1.08135175985 0.651997975649 0.588735276493 -0.334932454724 -0.791047930833 0.182617214117 -1.87156530818 1.35461613767 -1.09589494518 0.690165221138 0.466340935131 0.459038988133
# mat_params[1]:
 7.25203521011 10.3103008684
# mat_params[2]:
 5.06843042486 7.65883408901
# log_m_devs:
 0.0674751721252 -0.0674751721252
# log_slx_pars[1]:
 1.43848260673 -0.349070372873
# log_ft_pars:
 -1.47242418705 -1.52801418739 -1.92843716064 -1.74833994362 -1.40096560339 -1.22355001303 -1.25523924868 -1.59684644872 -1.12531939336 -1.81840671700 -1.89579736941 -3.63448895081 -4.29815418503 -2.59612412508 -3.25841328411 -2.34585024791 -2.00496154284 -1.53781534095 -1.37656811339 -2.28586917507 -2.40404813169 -2.46774922233 -2.70762430126 -2.15823992682 -2.47095945432 -3.12887746435 -2.57351049341 -1.93153331925 -1.93009169895 -1.37224869493 -0.829997652456 -0.786091384298 -1.11334240252 -1.47954931017 -1.39459427626 -0.592487468772 -1.05777435863 -1.40935093749 -4.13424360023 -4.15182995570 -3.33409543712 -2.84767142671 -3.12371670031 -3.31072871066 -3.09299473669 -2.98455790743 -1.84302982028 -2.25632589279 -8.84923139705 -4.09705133034 -2.34654349413 -2.08314004842 -2.49841256533 -2.00870151955 -2.04052987073 -2.13881784490 -1.86983660098 -2.09154217775 -2.67811132869 -1.97974458179 -1.53833619177 -2.50953316817 -3.40602868962 -2.68015311085 -1.90383152491 -2.45187240483 -2.92747927876 -1.79346531120 -2.03248111029 -2.81484806525 -2.59158888835 -3.29010561838 -2.34611614959 -2.53149800262 -3.13949153222 -2.78294771778 -2.65828515768 -2.63339681507 -2.47861963844 -2.38919491309 -2.48577120606 -2.24430419322 -2.03555267601 -2.03096971292 -2.78708322712 -1.42321789524 -2.23238603357 -2.16497129574 -1.94084211072 -3.49188491490
