# Number of parameters = 204 Objective function value = -3657.29353340161  Maximum gradient component = 0.00117391654275858
# theta[1]:
0.194824644730
# theta[2]:
10.5159888447
# theta[3]:
9.68629789441
# theta[4]:
10.1063932687
# theta[5]:
0.787229922768
# theta[6]:
4.00000000000
# log_rinit_devs:
 -0.220210853003 -0.140172847492 0.0622653719761 0.0601928715941 0.237925456925
# log_rbar_devs:
 0.977231449688 0.780446088820 0.532436270092 0.568241480169 0.407366845451 0.803816569432 0.406280545714 0.331611162058 0.345891309880 0.440949066148 0.346974870942 0.255616902346 0.294526084411 0.335703352688 0.551170960325 0.422941875396 0.536654220565 0.348655914737 0.619701291394 0.374565026484 0.368740181049 0.450601987724 0.364936668684 0.0957552563498 0.199563241471 0.241011107526 0.119836597627 0.550213765062 0.0592099106651 -0.113466110280 -0.226144931943 0.0827098686288 0.241748530156 -0.151989799096 -0.252982413632 -0.310671932256 -0.508157790662 -0.527728344739 -0.573602388602 -0.708706602751 -0.704994225234 -0.812392548884 -0.804747628778 -0.762730918321 -0.594012554323 -1.19763006777 -1.44723988814 -1.89664572946 -1.77304833356 -0.353009627690 1.25512677498 -0.0156978691428 -1.40381341440 -0.399998766109 1.17489857837 0.456811063702 -0.588678913668 0.249163608118 1.97788870637 0.178721543819 -1.59759417614 -0.555604923952 2.01114144566 -0.411103182241 -1.18375608491 -0.942412183876 0.476326623953 0.385588060062 1.38764742940 1.40790050911 -0.0306888755184 0.721411809427 1.01887823547 0.453357878361 1.67733235368 -0.607255125284 -0.104428554466 -0.119287033247 0.141936732213 0.392008837907 0.0148557958790 -0.0429031713113 -1.07906629108 -1.52331275062 -0.549653218179 -2.53720005661 0.721846346085 -1.57708951468 0.211561422191 -0.0249438565303 0.244877641681
# mat_params[1]:
 8.53545023662 10.7933210911
# mat_params[2]:
 9.77987959587 13.2987354954
# mat_params[3]:
 7.06648848116 9.59159216937
# log_m_devs:
 0.0504961045166 0.0525984015084 -0.103094506025
# log_slx_pars[1]:
 1.79624259148 -0.207963796429
# log_slx_pars[2]:
 1.88245918378 -0.302926762521
# log_ft_pars:
 -1.67938766673 -1.75784318487 -2.16971456360 -2.01418172633 -1.69611727650 -1.61293598851 -1.71208948828 -2.12884956554 -1.75491861997 -2.53033878511 -2.62253413305 -3.07056018140 -4.92950315448 -1.16920222887 -3.75422352664 -2.81493641932 -2.49229373844 -2.05498678199 -1.97764619257 -2.91639503015 -3.02362880083 -3.08002569025 -3.28815376637 -2.70489444555 -3.00603914810 -3.62391404914 -3.01324084689 -2.38567568089 -2.36137055286 -1.83406554301 -1.41848247460 -1.57576486955 -2.09015792899 -2.55170226973 -2.58058563178 -2.00593004479 -2.71308786039 -3.17454334369 -5.89157817419 -5.84014142230 -4.98056340379 -4.46685270962 -4.72671723869 -4.91384769185 -4.71611236256 -4.60949119472 -3.55450374170 -4.02355105422 -10.5724652816 -5.81458754820 -4.18239281327 -3.82765743910 -4.32950846003 -4.02426753101 -4.05778681801 -3.99863358776 -3.75736640165 -4.08972914177 -4.64837561324 -3.81414535723 -3.49393302969 -4.61658472187 -5.38132461147 -4.37789983212 -3.65401459309 -4.38486306406 -4.78066978163 -3.44570774778 -3.63653742341 -4.37088073920 -4.11653893223 -4.87835923154 -3.92234637655 -4.01262898046 -4.54283951686 -4.05149142174 -3.89240277429 -3.83040213273 -3.43799242360 -2.57109725095 -2.41316576123 -2.15254926679 -2.00523023608 -2.10465072626 -2.90125098241 -1.45845190699 -2.05020251295 -1.85091507413 -1.76296909848 -3.47162062007
