# Number of parameters = 203 Objective function value = -3660.08250619340  Maximum gradient component = 8.20414664676274e-005
# theta[1]:
-0.217469472835
# theta[2]:
8.65978200617
# theta[3]:
7.84696229735
# theta[4]:
8.20005379696
# theta[5]:
1.23561529201
# theta[6]:
4.00000000000
# log_rinit_devs:
 -0.0517176921324 -0.0121989324851 0.103978804614 0.00202574999958 -0.0420879299962
# log_rbar_devs:
 1.12252430985 0.954414061247 0.748712086173 0.769164628958 0.605517260193 0.934806833101 0.573194042653 0.520677492999 0.546031533460 0.658600340358 0.610798709410 0.573048982644 0.648964902474 0.714917665673 0.917683148097 0.792617531527 0.824937374883 0.637783243960 0.856235390703 0.636898074054 0.636561760828 0.711092112982 0.636515350868 0.411129104515 0.514231474690 0.559483429171 0.452400631049 0.826912022213 0.343905024273 0.107342372323 -0.0963914858056 0.0792116596293 0.151572469089 -0.266986370977 -0.439880014502 -0.564929698948 -0.775501982557 -0.793909201895 -0.825923657778 -0.929646490561 -0.923853518122 -1.01630454127 -1.01814955289 -1.03748117570 -0.944610263433 -1.49785366108 -1.69358659706 -2.00037080571 -1.66581500415 -0.274312657982 1.25564770005 0.00716264575393 -1.41363449577 -0.417561127792 1.16745644813 0.436468526039 -0.620685926502 0.230404438377 1.95271175188 0.120901745272 -1.65600700490 -0.609510495650 1.99926335640 -0.478984796297 -1.23964840841 -0.983870176339 0.467321978139 0.353912487189 1.37383521551 1.39765948642 -0.0457475186789 0.724352492025 1.05650006484 0.514522941105 1.94934000565 -0.399103590506 0.153140197684 -0.0259260425613 -0.0232943555795 -0.129697405446 -0.519413158644 -0.579519728274 -1.50359425026 -1.94101274395 -0.966446390653 -2.91740264841 0.264000430514 -1.97155719509 -0.0910814411292 -0.192995239551 -0.0102861142346
# mat_params[1]:
 7.98388154278 10.4472875188
# mat_params[2]:
 8.19934755753 11.0114283410
# mat_params[3]:
 7.31317101606 10.5115066781
# mat_params[4]:
 5.21883415259 7.75756738735
# log_m_devs:
 0.210057352039 -0.210057352039
# log_slx_pars[1]:
 1.64201379321 -0.220795952175
# log_ft_pars:
 -1.08162715107 -1.17216187917 -1.61083732813 -1.47021305790 -1.15228366284 -1.03649205880 -1.13122206464 -1.55778942364 -1.18515361705 -1.98643060752 -2.13450295662 -1.35327364196 -4.50546084557 -0.833917226272 -3.38749567840 -2.50042201549 -2.18063552292 -1.72593019744 -1.59742642452 -2.52034838654 -2.63472658399 -2.69019290967 -2.90962247810 -2.34653583248 -2.65349151097 -3.28352421429 -2.69405944908 -2.03753783244 -2.01371147358 -1.46726376844 -0.976325111626 -1.01142884046 -1.41888674171 -1.83731259386 -1.82161891959 -1.16060311762 -1.80114407189 -2.24923039869 -4.98251980205 -4.96219048506 -4.12165145529 -3.62283726363 -3.88654729384 -4.06528473466 -3.84314336840 -3.73018470386 -2.65206213593 -3.13765397178 -9.76677791540 -4.98443217443 -3.33350056295 -2.97701892261 -3.39394060982 -2.94814018185 -3.01392596102 -3.02635489816 -2.76870447446 -3.02064104585 -3.63840217633 -2.84866714833 -2.46309188647 -3.45266053634 -4.30945155938 -3.42016157668 -2.66179214341 -3.23017586850 -3.60968637126 -2.38566959907 -2.68157010932 -3.43711930740 -3.15747586647 -3.85272961156 -2.88644877214 -3.00615464030 -3.68959077707 -3.25271622985 -3.09445754456 -2.95041204501 -2.50242883786 -2.03974995937 -2.11874849252 -1.92851788374 -1.78474876614 -1.86243992319 -2.67787026144 -1.28561499102 -1.90709484071 -1.77814084500 -1.69905220659 -3.40015036322
