# Number of parameters = 94 Objective function value = -279.410062290517  Maximum gradient component = 5.29524386326865e-005
# theta[1]:
-0.622668504417
# theta[2]:
3.75798161277
# theta[3]:
5.65243366436
# theta[4]:
5.89557902498
# theta[5]:
0.966614017721
# theta[6]:
4.00000000000
# log_rinit_devs:
 2.84868287781 1.75093550208 0.0134784844866 -2.22630330483 -2.38679355955
# log_rbar_devs:
 -0.311141457799 -1.54108033030 -0.599578560593 0.903215926734 0.106591338487 -1.17619640428 -0.156852351511 1.69199082718 -0.339297504867 -1.85852181334 -1.04340060137 1.82267352308 -0.643565328246 -1.52050211323 -1.09759661210 0.340558127180 0.0672393625838 0.832315841814 0.743055802516 -0.834315781891 0.140153328398 0.404745501468 0.0566281635209 1.25927820008 -0.539543848319 0.0402167554589 0.276706082550 0.618936086995 0.820158587763 0.584494888985 0.570368115154 -0.357387862195 -0.718219305013 0.231070749247 -1.56356299393 1.49888531508 -0.809180250848 0.896765332419 0.976595227909 0.227300035237
# mat_params[1]:
 3.67000000000 4.48000000000
# log_m_devs:
 0.156827266093 -0.265446185666 0.108618919572
# log_slx_pars[1]:
 1.51336817418 -0.285877318501
# log_ft_pars:
 -1.44380978826 -1.93228392439 -1.50093900895 -1.42237086397 -1.46839102957 -1.20629835748 -1.39466755119 -1.92695447820 -1.24156314019 -0.879564393299 -1.83027431361 -2.68089345823 -1.96871748687 -1.28877628465 -1.87762398179 -2.28857598802 -1.03908342250 -1.01466721190 -1.61152127471 -1.32123919502 -2.20794548390 -1.34328676313 -1.57672680252 -2.14929677600 -1.87059133448 -1.88097422134 -1.97005013924 -1.81746546996 -1.65464305699 -1.72833662347 -1.54305350236 -1.42162432364 -1.53780337869 -2.41602198439 -1.09330619452 -1.71017426702 -1.43434773909 -1.13515617803 -2.71701710057
