# Number of parameters = 205 Objective function value = -3601.54257936701  Maximum gradient component = 1.65629733584846e-005
# theta[1]:
-0.0908635982133
# theta[2]:
8.45353539410
# theta[3]:
8.14362220645
# theta[4]:
8.43438331064
# theta[5]:
0.867641230353
# theta[6]:
4.00000000000
# log_rinit_devs:
 -0.00248071405094 0.0189133873644 0.110725123051 -0.0149141702539 -0.112243626111
# log_rbar_devs:
 0.680597947725 0.530668034640 0.350459878469 0.405137320958 0.275599535058 0.636064509625 0.322787507627 0.318171439026 0.384696268000 0.531435701783 0.514629002269 0.522349607345 0.632976650127 0.710720780841 0.903181479821 0.763108521681 0.770897231742 0.592388620495 0.804218015928 0.569271026895 0.553870342866 0.613866797491 0.524882954677 0.286674798047 0.371424101446 0.396698117818 0.269536854153 0.631495746200 0.147894242747 -0.0752970545014 -0.266933852683 -0.0995257521699 -0.0375767922712 -0.456509392809 -0.634289985281 -0.772712748613 -1.00713408524 -1.06675923071 -1.14060198524 -1.27586917554 -1.30534351255 -1.41231310445 -1.42750556952 -1.45657258664 -1.34310662477 -1.80431523686 -1.87968590159 -2.04290076495 -1.50332858897 -0.0689229295595 1.51987860958 0.196703472808 -1.21745700472 -0.213047919151 1.39161057917 0.649990537325 -0.409702912607 0.441812068214 2.17282729751 0.348705605923 -1.42011035788 -0.383434171210 2.22579723260 -0.252330931553 -1.01250040862 -0.754045045726 0.695322597252 0.591443228411 1.63101128858 1.65606612707 0.197999226391 0.967247210884 1.29260516235 0.746452933062 2.15495085434 -0.202401387641 0.319035218467 0.154947660971 0.180479824792 0.109635818734 -0.285718407128 -0.341288506862 -1.22301629476 -1.62914537116 -0.622185261966 -2.53758965728 0.719029509117 -1.70683066370 0.0371587530882 -0.257276049331 0.128871374091
# mat_params[1]:
 7.92999902910 10.4524212742
# mat_params[2]:
 7.82850718731 10.9212932801
# mat_params[3]:
 5.77533729039 8.38224923874
# log_m_devs:
 0.0290319602162 0.139461853292 -0.198197385242 0.0297035717339
# log_slx_pars[1]:
 1.62491536790 -0.227180711374
# log_slx_pars[2]:
 1.70347961046 -0.294418827635
# log_ft_pars:
 -1.05535729657 -1.15801023087 -1.61628059800 -1.50002266854 -1.21284505142 -1.13019418712 -1.26498015259 -1.73561835963 -1.41037889767 -2.25818058335 -2.44270973311 -1.32626174267 -4.87267669644 -0.986001758403 -3.81712289239 -2.94001050782 -2.62283698890 -2.17424527174 -2.04441343322 -2.96193543542 -3.06265513726 -3.10179043807 -3.30391394752 -2.73249471016 -3.02499959025 -3.63343486355 -3.02559540517 -2.34686427452 -2.31210835389 -1.76918967023 -1.29863663909 -1.34585510857 -1.74050594579 -2.14920624181 -2.12853683468 -1.47183982201 -2.11346119153 -2.53565833558 -5.22984224319 -5.16910874293 -4.28851389706 -3.75481251020 -3.98350609654 -4.14133247979 -3.91299429251 -3.80464000942 -2.76159514929 -3.31375880480 -10.0646743891 -5.41796388438 -3.92321872851 -3.53037551975 -3.89092917700 -3.39807900458 -3.52190677608 -3.53503986990 -3.24816563514 -3.47816500098 -4.15960794772 -3.35883341179 -2.92918379328 -3.87334362043 -4.81597779592 -3.92969206350 -3.12967046905 -3.64584144828 -4.04714282887 -2.86837729668 -3.23170207600 -3.99593133544 -3.68273537666 -4.34582801258 -3.37741053248 -3.49443785222 -4.20277665896 -3.73420274445 -3.53337735697 -3.34997552854 -2.89406272503 -2.15800737158 -2.21132029015 -2.02628605014 -1.89312652548 -1.99246562245 -2.81397751561 -1.43180592907 -2.07844640070 -1.79897884063 -1.58789300632 -3.12775116215
