# Number of parameters = 200 Objective function value = -3592.44411394492  Maximum gradient component = 0.000124872863737445
# theta[1]:
-0.388749703236
# theta[2]:
7.46124472137
# theta[3]:
6.39728952700
# theta[4]:
6.93545006722
# theta[5]:
0.624424414339
# theta[6]:
4.00000000000
# log_rinit_devs:
 0.106471425616 0.100332552958 0.127441154350 -0.00351018921715 -0.330734943707
# log_rbar_devs:
 1.47034090092 1.29171335008 1.10619741789 1.11579507289 0.941953154438 1.17101985601 0.779027980940 0.671463418615 0.607405657096 0.667494862275 0.586386314227 0.516914189470 0.548434068673 0.576944425028 0.765128289679 0.723453684307 0.812036037757 0.597341017564 0.731311341869 0.520664397196 0.538443373646 0.627549791800 0.586257752813 0.413928649583 0.536337461282 0.625855126332 0.576384760159 0.952213745009 0.553770105166 0.326174530551 0.0416444680637 0.0544364661688 0.0249124357438 -0.417751350477 -0.712559739050 -1.05973742765 -1.46126117735 -1.56998194904 -1.59309930008 -1.63032244065 -1.58851470519 -1.63595699413 -1.60798066871 -1.60372656346 -1.48254833663 -1.99599072438 -2.24131299002 -2.57823447488 -2.18202984526 -0.702166317914 0.741441952420 -0.488896258951 -1.91640686517 -0.903900547278 0.671077014496 -0.0540227612878 -1.09663339235 -0.215346836300 1.44756374031 -0.354052631446 -2.11298714622 -1.01245210749 1.59078599100 -0.818289295956 -1.53554027442 -1.22505842017 0.261344601135 0.119418523076 1.15476920748 1.18279678054 -0.239610534187 0.539018240884 0.919453534384 0.439606263243 1.74265847406 -0.291123792677 0.443202985785 0.595172853820 0.975042972209 1.27767677746 0.848927351419 0.788971813353 -0.139319945892 -0.597599596941 0.380831977414 -1.68976398272 1.54769290346 -0.937872916832 0.836294131564 0.596144845002 0.533225273391
# mat_params[1]:
 7.12029226414 10.3335200202
# mat_params[2]:
 5.01519368845 7.54277896910
# log_m_devs:
 -0.0326705069570 0.0122464698150 0.0204240371420
# log_slx_pars[1]:
 1.39270047041 -0.405317189561
# log_ft_pars:
 -1.21479311538 -1.27475231889 -1.69380092196 -1.54420814214 -1.22365353618 -1.05571879516 -1.10146849770 -1.47146354152 -1.03396810499 -1.77497717972 -1.89830310221 -1.16298115211 -4.18731550207 -0.848815760008 -2.98759416469 -2.11997463520 -1.80927817247 -1.33233200605 -1.14229802756 -2.04533746735 -2.17354800587 -2.24984576328 -2.50716350111 -1.97183222663 -2.30062302233 -2.98291168564 -2.44995767149 -1.81161670565 -1.82415653521 -1.27263627235 -0.724422636048 -0.658326169569 -0.958249934141 -1.31743113648 -1.23055690689 -0.389101900194 -0.783294334565 -1.09033148986 -3.82595287968 -3.88458681566 -3.10115134670 -2.64451014060 -2.94954833078 -3.16743434989 -2.98153380687 -2.90790624797 -1.79982604428 -2.26759883628 -8.93241768779 -4.19288656819 -2.48098628652 -2.20569455152 -2.56978459737 -2.04621487274 -2.12079582996 -2.23312729846 -1.93533759005 -2.13327365291 -2.76544861701 -2.07802589587 -1.58935062873 -2.52051627764 -3.47966560894 -2.77978596981 -1.95642980524 -2.46214104423 -2.95660095959 -1.85571780610 -2.12003672630 -2.91267111296 -2.66890991560 -3.33668839151 -2.39970158911 -2.59069669157 -3.21825593421 -2.86536240176 -2.71134118004 -2.67606503699 -2.53271678197 -2.45670746485 -2.55421771565 -2.29963480003 -2.08100693392 -2.05984759690 -2.81138127926 -1.45740604854 -2.30601078563 -2.24719046971 -1.97939573601 -3.51209262886
