# Number of parameters = 202 Objective function value = -3569.83412653701  Maximum gradient component = 0.000876903025613953
# theta[1]:
-0.0816193541954
# theta[2]:
9.19282957374
# theta[3]:
8.14493493300
# theta[4]:
8.43488502589
# theta[5]:
0.733089905758
# theta[6]:
4.00000000000
# log_rinit_devs:
 -0.174019149067 -0.0903761406740 0.0764748184286 0.0820272011580 0.105893270154
# log_rbar_devs:
 1.14562402899 0.963710456183 0.743975118946 0.723670561195 0.554244512942 0.828684605896 0.454036686536 0.359451163762 0.318333951926 0.384513182109 0.325540717063 0.304570890077 0.389094209781 0.460600464113 0.644532550242 0.533346106553 0.606295027005 0.427260752983 0.620049570543 0.409362159698 0.401178576407 0.459457644800 0.378807380335 0.160860678484 0.239523521479 0.262901750895 0.144937025118 0.467134384784 0.0128698533517 -0.215065863282 -0.416047490793 -0.281465229376 -0.235302182507 -0.630950034541 -0.808000399128 -0.944664969418 -1.15907721017 -1.20228938538 -1.25552969639 -1.36546202438 -1.37728391998 -1.46240707762 -1.46255496616 -1.47794903112 -1.36360698356 -1.78963484524 -1.84763746008 -1.98862113375 -1.43622176373 -0.00213889562701 1.59998529395 0.260534926869 -1.16374031787 -0.155772375881 1.45962017831 0.712951946041 -0.344806749517 0.505310719478 2.23862175739 0.414614245823 -1.35736191628 -0.315290367389 2.30028290568 -0.188090419614 -0.943395449348 -0.685051917431 0.770339110406 0.665732978763 1.71636258274 1.74350842685 0.280961340024 1.05118372882 1.38147032609 0.842118014026 2.25835664092 -0.0803349781108 0.457869127509 0.296299184890 0.315993277134 0.232806523673 -0.184797338130 -0.259663558025 -1.17395191955 -1.61732028015 -0.653779339342 -2.61628669426 0.556948652006 -1.67314189503 0.159506216442 0.0110834697963 0.177666972332
# mat_params[1]:
 7.74749689195 10.7162417766
# mat_params[2]:
 5.79354927919 8.42603442244
# log_m_devs:
 0.0146567579170 0.151228766619 -0.165885524536
# log_slx_pars[1]:
 1.60996703673 -0.243289583007
# log_slx_pars[2]:
 1.69604053015 -0.306183675841
# log_ft_pars:
 -1.78492348273 -1.83292300515 -2.23783844853 -2.06602224623 -1.73585566497 -1.58469702904 -1.64994552239 -2.04066407053 -1.63142824619 -2.36779720400 -2.45524362753 -6.02760401920 -4.82366763031 -5.69908836828 -3.74407009479 -2.80309091439 -2.46081138375 -2.01469231022 -1.89283120891 -2.81962615443 -2.93047813535 -2.97804424771 -3.18886600935 -2.62368557291 -2.92277751783 -3.53879168030 -2.93565205901 -2.24921934802 -2.21043527534 -1.65704419896 -1.17036158713 -1.20515843342 -1.59179174051 -1.99816422921 -1.97442255046 -1.30950387566 -1.95509870414 -2.39264646762 -5.11007914253 -5.07385302509 -4.21632779834 -3.70487564880 -3.95770848920 -4.13419341853 -3.91817243719 -3.82623004786 -2.79944927618 -3.36892772543 -10.1437501041 -5.51154842277 -4.04286513834 -3.63846988079 -3.97388013509 -3.45411784189 -3.60103439377 -3.61979603822 -3.32118253153 -3.53837384915 -4.24619691891 -3.44566556797 -2.99491702246 -3.91348457361 -4.89863179484 -4.02253485151 -3.20419657824 -3.68922707727 -4.10056486527 -2.94573540149 -3.33669879056 -4.10656351118 -3.78213918262 -4.43020746712 -3.46335906725 -3.58446440455 -4.31675514062 -3.84663136194 -3.63664800862 -3.44337479600 -2.99798177795 -2.24925055618 -2.30175776101 -2.10320696582 -1.94795452680 -2.02194793763 -2.81009913780 -1.39265800240 -1.97852751845 -1.84356619190 -1.78101467017 -3.46956621327
