# Number of parameters = 202 Objective function value = -3628.82549651855  Maximum gradient component = 0.000121028138358633
# theta[1]:
-0.390831438612
# theta[2]:
7.55936720541
# theta[3]:
6.67137767254
# theta[4]:
7.07388050534
# theta[5]:
0.837691916781
# theta[6]:
4.00000000000
# log_rinit_devs:
 0.107395604352 0.106943588524 0.129842454864 -0.0149624869378 -0.329219160803
# log_rbar_devs:
 1.29020265522 1.12369283997 0.947904686253 0.958267815742 0.790071180416 1.01774520364 0.650426381293 0.559572167662 0.522549857539 0.600007840646 0.538666425277 0.490117140111 0.540374519638 0.601541636552 0.820011435371 0.810717003502 0.941676799334 0.740833020289 0.887006032453 0.685642568634 0.695000397895 0.772065518371 0.720165499907 0.540955752196 0.648046447133 0.716605440887 0.649997131690 0.997535614711 0.588475307108 0.351465445347 0.0802870376817 0.113844012733 0.0965393899284 -0.333437428823 -0.603182996625 -0.881790783101 -1.20240718013 -1.27085886609 -1.29362854740 -1.35144168541 -1.32750389356 -1.39024498212 -1.37816190832 -1.38523859534 -1.29219193117 -1.82442419645 -2.07952183740 -2.42167059973 -2.04064984753 -0.586354099268 0.880071874073 -0.350981265072 -1.79865820378 -0.781960813722 0.819658130176 0.0806665471576 -0.976284532913 -0.0940037129827 1.61075305880 -0.234519117746 -2.02130318304 -0.911257257245 1.72934102130 -0.747679050263 -1.47776106080 -1.18138948239 0.312433884812 0.160895876773 1.20133317033 1.22706212407 -0.230754025820 0.544142199061 0.906038125436 0.374150280477 1.71139754648 -0.467419644591 0.218460428322 0.275306240830 0.542690539870 0.682661730385 0.266471612201 0.225481670176 -0.574473857956 -0.950381095176 0.00195690624009 -1.94910553852 1.10694780526 -1.16358984928 0.607375866873 0.367765948058 0.233158277451
# mat_params[1]:
 7.40877562532 10.5147566886
# mat_params[2]:
 5.35060269013 7.97844479247
# mat_params[3]:
 4.98871578367 7.93334775079
# log_m_devs:
 0.0282942590658 0.139854143618 -0.168148402683
# log_slx_pars[1]:
 1.44459987422 -0.352724441226
# log_ft_pars:
 -1.13026832181 -1.19292263174 -1.61968671165 -1.47874122092 -1.16379479884 -1.00225049529 -1.05627170582 -1.44299038107 -1.02579533654 -1.78837614587 -1.92965071466 -1.13916145350 -4.25473756847 -0.889725877640 -3.11422934885 -2.27041630921 -1.99834787824 -1.52280390997 -1.35245828237 -2.26081849321 -2.38001809510 -2.44460886020 -2.68597409595 -2.14065482375 -2.45959469504 -3.12198062091 -2.56959076752 -1.92015204191 -1.91542716028 -1.35890170890 -0.822048520360 -0.780367868953 -1.10136958662 -1.46531323204 -1.38415791717 -0.589183691249 -1.07029947025 -1.43912343495 -4.17939397243 -4.20879071139 -3.40340493864 -2.93101462878 -3.22148060945 -3.42157956915 -3.21421707462 -3.12060632359 -2.00957118660 -2.46570893032 -9.10552289038 -4.35507537899 -2.67368574267 -2.37657019268 -2.73901096515 -2.21085008731 -2.30369199732 -2.40291824880 -2.11293095247 -2.30921317154 -2.96191541755 -2.25709865996 -1.78872325480 -2.70317397836 -3.66021850800 -2.92456067249 -2.10841374837 -2.59207171098 -3.04735798547 -1.92720860167 -2.21079030953 -2.99257128460 -2.72971374018 -3.38263755988 -2.42662228115 -2.58586850248 -3.21589517287 -2.82841358636 -2.64656036924 -2.53963354899 -2.28918026011 -2.08183117487 -2.25254981571 -2.07065740167 -1.91718685571 -1.98236528621 -2.81900052463 -1.50408323821 -2.24811415284 -2.18551910401 -2.01005679342 -3.61742289130
