# Number of parameters = 203 Objective function value = -3608.62856256095  Maximum gradient component = 0.000168057080936500
# theta[1]:
-0.336551465359
# theta[2]:
7.51737565552
# theta[3]:
6.53876200912
# theta[4]:
7.00189085466
# theta[5]:
0.736188598941
# theta[6]:
4.00000000000
# log_rinit_devs:
 0.115287604752 0.0989537682655 0.118352918168 -0.0378832344259 -0.294711056759
# log_rbar_devs:
 1.43875579985 1.25901654341 1.07152470174 1.08993376193 0.918259755161 1.19129314496 0.799628083158 0.714415719588 0.688231221436 0.782922035497 0.727567371564 0.695316573860 0.786665678609 0.870403042593 1.08822951612 1.02358082624 1.09749060480 0.894103325996 1.06701587507 0.844764980615 0.849640817728 0.929815509174 0.866411317205 0.661468801951 0.770382235993 0.835668112881 0.753589551390 1.13891602755 0.690578028849 0.449240155923 0.176041379010 0.233622653301 0.226177095100 -0.236550788973 -0.511983962982 -0.799209661753 -1.15082575091 -1.24075482841 -1.28670649512 -1.36996889692 -1.36358595752 -1.45104906935 -1.45675609010 -1.48572789689 -1.39477689066 -1.98738657149 -2.29439031438 -2.70341719338 -2.38469145378 -0.898213388264 0.527871090887 -0.691348375207 -2.10626238258 -1.09502693781 0.468675489026 -0.247845462985 -1.28562627989 -0.403828707991 1.24525409406 -0.544800286503 -2.28693323598 -1.19560205880 1.38759160345 -0.999107375154 -1.71564847138 -1.40261526945 0.0708101707639 -0.0678553837657 0.957404738564 0.983607491448 -0.426831731253 0.347210319454 0.721050683788 0.245783299597 1.53167155682 -0.480604558725 0.248548310971 0.402141022548 0.782998309474 1.08191323913 0.656808100604 0.595784193415 -0.324332144031 -0.775713179437 0.205669660259 -1.84193331065 1.40584075800 -1.10352360608 0.659632179787 0.403032829490 0.451464578766
# mat_params[1]:
 7.24907892876 10.0993168440
# mat_params[2]:
 7.24557946034 10.4552989791
# mat_params[3]:
 4.98686420327 7.53753828692
# log_m_devs:
 0.00706592956306 0.0649402992428 -0.0684166601792 -0.00358956862673
# log_slx_pars[1]:
 1.42877731000 -0.355199181070
# log_ft_pars:
 -1.07870113212 -1.15475570082 -1.58446980919 -1.44159437361 -1.12245088417 -0.975285885379 -1.04218107776 -1.43336515777 -1.02001401923 -1.79646985185 -1.95114961659 -1.12422272350 -4.30219465435 -1.05609752080 -3.24027742093 -2.39488991607 -2.10247413986 -1.63191680544 -1.46856509573 -2.37688715301 -2.49162602063 -2.55142545427 -2.78658743466 -2.23476621148 -2.54269949307 -3.19369966301 -2.63253251090 -1.98509597301 -1.97928987810 -1.42037728326 -0.881403472985 -0.838773136779 -1.16232174156 -1.52442695893 -1.43732702984 -0.638177378487 -1.10489402770 -1.45125269759 -4.16535861503 -4.17256985262 -3.34480103277 -2.84877214782 -3.11366932491 -3.29221758013 -3.06850341442 -2.95295745189 -1.80367845214 -2.21186357166 -8.80757905837 -4.06547365894 -2.31866031107 -2.05586104182 -2.46771630376 -1.97691728532 -2.01201324531 -2.11286320082 -1.84021470154 -2.06068223758 -2.65135242482 -1.95483750818 -1.50711266357 -2.47742102661 -3.37970171246 -2.65820761000 -1.87696841971 -2.42481348691 -2.90600755564 -1.77417338222 -2.00908566685 -2.79140592057 -2.56795363057 -3.26598900776 -2.32378140689 -2.51010698501 -3.11570731450 -2.76069181899 -2.63425056530 -2.61105862096 -2.45870429478 -2.36966742495 -2.46623152608 -2.22504003204 -2.01826324266 -2.01511680074 -2.77620464431 -1.42004396279 -2.24491025246 -2.14411708502 -1.87406098510 -3.38523192682
