# Number of parameters = 199 Objective function value = -3502.96605398189  Maximum gradient component = 0.000709788657792718
# theta[1]:
-0.156207340974
# theta[2]:
8.11263650628
# theta[3]:
7.66354946534
# theta[4]:
8.08096811614
# theta[5]:
0.420357795794
# theta[6]:
4.00000000000
# log_rinit_devs:
 0.0153475353218 0.0265506403653 0.109539492762 -0.0198756714410 -0.131561997008
# log_rbar_devs:
 0.866474547991 0.701043201546 0.510783072629 0.571259590671 0.433297772764 0.815258474062 0.470557452647 0.460017272855 0.517075553992 0.674657644650 0.659321436146 0.680123977187 0.815378559846 0.911101023908 1.12626641912 0.997862731867 1.04591891179 0.842557866934 1.05852672938 0.790131057946 0.767100466656 0.827233864121 0.725757384271 0.464725250218 0.552439658526 0.577786189139 0.436447003182 0.833189887760 0.303515774022 0.0525998174453 -0.180839745588 -0.0375371145362 -0.00349851168225 -0.485102869608 -0.720144994093 -0.920956344588 -1.21683434783 -1.30938278741 -1.40957640334 -1.56933293117 -1.62242943199 -1.75368504147 -1.78674816756 -1.83419107571 -1.72773521469 -2.26266180072 -2.40144653892 -2.62373564396 -2.13605082557 -0.666526406318 0.883861751452 -0.448965202682 -1.82727205484 -0.818720463672 0.748223535206 0.0429654266116 -0.988771506377 -0.134647137605 1.50031227657 -0.231541625045 -1.90064492943 -0.904385307185 1.61415164391 -0.739679544904 -1.46988108236 -1.18161618603 0.248911245724 0.147318325807 1.16861524701 1.19382599136 -0.198365035635 0.578830342408 0.938146035709 0.485493639787 1.75392572780 -0.247420730954 0.454533919339 0.587597655729 0.954364960630 1.24519676336 0.830272224015 0.778034488409 -0.118242567073 -0.559970571412 0.406699596718 -1.57805834856 1.67595253430 -0.731401911227 0.973412011711 0.639123830492 0.409822634426
# mat_params[1]:
 7.46221654278 10.1157918007
# mat_params[2]:
 6.88752745249 9.97945234636
# log_m_devs:
 -0.0242132987337 0.0242132987337
# log_slx_pars[1]:
 1.56075832015 -0.267878592299
# log_ft_pars:
 -1.11442947136 -1.21356439301 -1.67452075361 -1.55680104848 -1.26768198549 -1.17760402247 -1.31319809942 -1.78288998823 -1.44927401372 -2.29127231431 -2.47968533548 -1.44210089290 -4.92560640441 -1.32878590129 -3.91918713009 -3.05694616056 -2.75779078858 -2.29240492567 -2.14703542958 -3.05044588251 -3.13782845807 -3.16289664942 -3.35527960552 -2.77624919752 -3.05450953938 -3.65269842956 -3.04143579507 -2.36213935129 -2.32639133108 -1.77478488999 -1.27653134867 -1.28004180233 -1.63253591747 -2.00968227873 -1.95077044213 -1.23445543880 -1.80435600507 -2.17616816131 -4.83796239862 -4.75805601728 -3.85392693999 -3.29296294248 -3.49318941492 -3.62786837509 -3.38081339817 -3.25147334896 -2.16098630494 -2.65407428064 -9.35136638381 -4.70893838159 -3.15110370202 -2.85308199566 -3.28518978803 -2.81174791282 -2.84179634269 -2.88827531551 -2.64140297361 -2.88414231545 -3.45058884761 -2.70117379434 -2.31367310957 -3.30339129441 -4.15364493198 -3.33232884780 -2.58397653914 -3.14882553048 -3.57581093532 -2.41162263661 -2.71368293862 -3.48730611533 -3.23792160553 -3.93940099543 -2.98555321856 -3.15659050009 -3.80315886750 -3.40178080237 -3.28366342828 -3.25041847757 -3.07000562993 -2.97560260534 -3.06811682050 -2.83513971641 -2.62936375736 -2.64340195797 -3.40594836898 -2.03269198680 -2.99205834126 -2.90193731741 -2.73268627637 -4.24279223474
