# Number of parameters = 209 Objective function value = -3726.68934092719  Maximum gradient component = 0.000270082487157621
# theta[1]:
-0.255602733260
# theta[2]:
7.10541149961
# theta[3]:
7.23538562516
# theta[4]:
7.64263490453
# theta[5]:
0.821394278001
# theta[6]:
4.00000000000
# log_rinit_devs:
 0.239172139617 0.140500003972 0.109339845506 -0.0827530979698 -0.406258891126
# log_rbar_devs:
 0.522088725260 0.350194474856 0.174509218640 0.284814215517 0.190472657497 0.553305571479 0.236264362262 0.243299931441 0.319420179116 0.486702376085 0.491157146439 0.446728271911 0.420894961349 0.504565016699 0.634373646458 0.690559377225 0.926782439505 0.722137187400 0.913452466269 0.680777446805 0.675260383532 0.746353434560 0.666168713641 0.435583368896 0.530205758773 0.576380393710 0.473727726320 0.856444976079 0.396221048705 0.163972210515 -0.0802863782157 0.0302446280882 0.0670163624208 -0.362536759937 -0.572167378613 -0.767147088944 -1.04107903908 -1.09429954887 -1.13646636557 -1.23588894406 -1.23344133343 -1.32740066136 -1.33362158726 -1.36403780208 -1.26457924658 -1.80902291372 -1.97911985815 -2.21973994026 -1.73623458221 -0.316295185699 1.17547544297 -0.0981324467990 -1.53920230424 -0.520299301983 1.09044022923 0.353080331080 -0.705227453911 0.156070843461 1.88387184311 0.0418181847185 -1.71999193749 -0.627446314502 2.03126361110 -0.466993490880 -1.20650908269 -0.923806062734 0.549128643328 0.419131760487 1.46309604057 1.49564948351 0.0379609562828 0.826661838906 1.17613883082 0.657988900877 2.05343987778 -0.191812370844 0.438826047483 0.365868632560 0.478386484903 0.467506996800 0.0444458594010 -0.00916213525746 -0.878037892279 -1.29667203599 -0.311358338729 -2.26086564198 0.934623869070 -1.28518832714 0.601144877023 0.482381182715 0.279590305834
# mat_params[1]:
 7.47651283463 10.3873563767
# mat_params[2]:
 7.70785923525 10.7778442254
# mat_params[3]:
 6.46917189236 9.41019007990
# mat_params[4]:
 5.31855805096 7.87934268319
# log_m_devs:
 -0.102003586773 0.115273039112 0.166631598609 -0.179901050948
# log_slx_pars[1]:
 1.17726247246 -0.145430370162
# log_slx_pars[2]:
 1.43213820121 -0.457253989401
# log_slx_pars[3]:
 1.71297207799 -0.245757167205
# log_ft_pars:
 -1.21148529424 -1.30523200380 -1.72084159897 -1.62100199571 -1.35901445182 -1.36444918808 -1.49077675462 -1.94984277646 -1.65347716251 -2.56637684494 -2.78839053350 -0.735609817487 -5.03922004972 -0.552040752150 -3.88278831366 -3.09173909074 -2.41697592429 -1.95228071596 -1.80823658633 -2.73074752970 -2.83412655431 -2.87818254043 -3.09940720879 -2.53167817879 -2.81983516942 -3.44882604574 -2.86782637782 -2.20662019249 -2.20041781900 -1.63415538242 -1.10181960848 -1.10401573374 -1.48720337137 -1.89289059961 -1.83338757167 -1.10640925486 -1.69067793820 -2.10056550958 -4.82092497123 -4.80590412003 -3.96314086374 -3.46202586546 -3.72833718199 -3.89988917197 -3.66537949966 -3.56261171538 -2.46076476490 -2.93674269732 -8.93835519244 -4.05227644728 -2.22214276424 -1.95458089608 -2.53011450819 -2.19523755965 -2.10925469254 -2.08083330457 -1.88586856089 -2.21318568410 -2.69037255680 -1.90223920336 -1.62581044526 -2.76199883130 -3.48852892189 -2.58032450144 -1.93813705077 -2.66876149497 -3.04079798155 -1.71047717698 -1.86318150806 -2.61736561568 -2.43157870493 -3.22775678364 -2.27304072240 -2.38905309576 -2.96743732444 -2.58002782831 -2.51522320420 -2.49431951321 -2.12514834698 -1.72776566723 -1.81674234915 -1.66444839818 -1.55662597537 -1.67327286922 -2.52105866449 -1.14478095606 -1.68278503438 -1.53258689057 -1.47467313920 -3.22361922454
