# Number of parameters = 205 Objective function value = -3660.57427587570  Maximum gradient component = 0.000293855047228518
# theta[1]:
-0.210211725496
# theta[2]:
8.65055920837
# theta[3]:
7.85130915161
# theta[4]:
8.20923386291
# theta[5]:
1.20491046184
# theta[6]:
4.00000000000
# log_rinit_devs:
 -0.0509228120951 -0.0123761745329 0.103644393445 0.00219296689527 -0.0425383737126
# log_rbar_devs:
 1.11046137361 0.942101692938 0.736039957879 0.757460308908 0.594539931390 0.925147556621 0.563672422757 0.511879299355 0.537639466383 0.650426125088 0.602002851169 0.563215106973 0.638549106290 0.703955703127 0.906044359254 0.781043988162 0.813903066312 0.627035855099 0.845854841366 0.625931841010 0.625409381967 0.699872559195 0.625087059202 0.399255480440 0.502137479285 0.547206993294 0.439865630713 0.814620639096 0.331143326712 0.0950958142174 -0.107933996781 0.0683570653610 0.140933090532 -0.277778621785 -0.449946843633 -0.574453376172 -0.785345864426 -0.803920482319 -0.836151285422 -0.939926016580 -0.933979557325 -1.02627246877 -1.02785965170 -1.04706813313 -0.953060478534 -1.50523647603 -1.69979479309 -2.00654740831 -1.67261579135 -0.280627355418 1.25029096555 0.00191473232070 -1.41785381891 -0.421825303020 1.16283346545 0.432452756657 -0.624368605269 0.226935957174 1.94840205859 0.118141315456 -1.65844453461 -0.611604942093 1.99548992951 -0.480565040926 -1.24121312608 -0.985201644218 0.465652908447 0.353022578430 1.37296579487 1.39631040339 -0.0468844913886 0.722666425338 1.05469086365 0.513199966865 1.94222989740 -0.402388799027 0.151690828631 -0.0182455112820 -0.00111148296851 -0.0837981105206 -0.476405390517 -0.536933482205 -1.45742388448 -1.89211365403 -0.918226213176 -2.87183322256 0.312012675120 -1.92093666268 -0.0318521703841 -0.127205514513 0.00816130907448
# mat_params[1]:
 7.98200715625 10.4501765140
# mat_params[2]:
 8.20303003989 11.0222993394
# mat_params[3]:
 7.33454970744 10.5510522200
# mat_params[4]:
 5.26680151841 7.79823509413
# log_m_devs:
 0.200582347383 -0.200582347383
# log_slx_pars[1]:
 1.64415042820 -0.206150891045
# log_slx_pars[2]:
 1.62460937913 -0.326756496166
# log_ft_pars:
 -1.08055736048 -1.17132280799 -1.60872646034 -1.46808018043 -1.15065790126 -1.03713390867 -1.13195061194 -1.55820877218 -1.18668454074 -1.98940929696 -2.13744613355 -1.34381756075 -4.50687811139 -0.821437612564 -3.38803801068 -2.50013196760 -2.17993264831 -1.72498510215 -1.59754021500 -2.52047340599 -2.63437973719 -2.69013620002 -2.90945036954 -2.34541075982 -2.65236987793 -3.28281564938 -2.69285526141 -2.03719829546 -2.01204334910 -1.46386369226 -0.972871129212 -1.00990848656 -1.41916310874 -1.83657420371 -1.82003563752 -1.15986283853 -1.80115669933 -2.24963677156 -4.98316465765 -4.96261944712 -4.12208162615 -3.62328152653 -3.88739931567 -4.06630266041 -3.84453117845 -3.73063925706 -2.65274899440 -3.13911073917 -9.77031901298 -4.99517982132 -3.35069955418 -2.98471065139 -3.39397488138 -2.94996458669 -3.02677060613 -3.03577354125 -2.77198033658 -3.02548474105 -3.65311381849 -2.85701962759 -2.46432991490 -3.45494544020 -4.32505117572 -3.42945918163 -2.66340534310 -3.23241997170 -3.62085448500 -2.39891402839 -2.69723395585 -3.45104232145 -3.16555071668 -3.85978417838 -2.89684476045 -3.01583611022 -3.70145937310 -3.25827466403 -3.09571290858 -2.95421252554 -2.51327249091 -2.06117732652 -2.15026057939 -1.96957847389 -1.82894596029 -1.90922677560 -2.71361173035 -1.31787522577 -1.90669405432 -1.80125833971 -1.74455469888 -3.43752709788
