# Number of parameters = 202 Objective function value = -3530.28536153343  Maximum gradient component = 0.000298458849131982
# theta[1]:
-0.110267602383
# theta[2]:
8.93811137342
# theta[3]:
8.38449970712
# theta[4]:
8.71347867040
# theta[5]:
0.487271942633
# theta[6]:
4.00000000000
# log_rinit_devs:
 -0.0923637259555 -0.0589524063049 0.0826195969240 0.00596700089805 0.0627295344384
# log_rbar_devs:
 0.879609493732 0.709109833588 0.498946648424 0.556927075264 0.418150224520 0.833430013462 0.471726217681 0.448557584809 0.502467375601 0.659261357892 0.651888728391 0.689503038755 0.839143721996 0.932484635166 1.13791918608 0.959163672699 0.969816314975 0.763035128118 1.00228772284 0.720769645262 0.696416339744 0.760839383905 0.656998267894 0.379740502105 0.474784515671 0.502342424789 0.358083461629 0.786687588739 0.242483245455 0.0120863067130 -0.182093892505 0.0289574407934 0.102416406569 -0.376280714916 -0.576725720264 -0.736431771763 -1.01529609938 -1.10531000617 -1.21654389352 -1.39793622226 -1.45851137818 -1.60483228415 -1.64531183239 -1.69807869471 -1.59123795833 -2.14857110599 -2.28146686517 -2.50216568703 -2.01149669097 -0.552589419771 1.02579818904 -0.314420330695 -1.68751344504 -0.686286452904 0.892376354095 0.177320066666 -0.864425464189 -0.0181288250997 1.65602497601 -0.0990650396741 -1.78209692455 -0.801982162069 1.73591680539 -0.648031316949 -1.39518997812 -1.12418056723 0.301271795366 0.205777453770 1.22476612471 1.24997692091 -0.162786254818 0.611341737878 0.944472278019 0.455600293464 1.72766609805 -0.387324599778 0.241502129414 0.284103063524 0.532247941759 0.656322732117 0.320314082493 0.357276050734 -0.330316032424 -0.637665665827 0.349984043714 -1.54944302594 1.57079783797 -0.880769357025 0.723007086152 0.272635001853 0.307973113462
# mat_params[1]:
 7.72398354427 10.1384963258
# mat_params[2]:
 7.48271089866 10.4303064006
# mat_params[3]:
 9.02416718334 13.5083719264
# log_m_devs:
 0.120250944799 -0.113581258415 -0.00666968638344
# log_slx_pars[1]:
 1.66708151515 -0.215908700718
# log_ft_pars:
 -1.23578905130 -1.34098402423 -1.79639846559 -1.67283809926 -1.37821510815 -1.30391979788 -1.43924858449 -1.90187773626 -1.56343119250 -2.39017522534 -2.55773225364 -2.55028259561 -5.04424700560 -1.78692606381 -4.04702523739 -3.14688716622 -2.81575582282 -2.35657991528 -2.22343289261 -3.12587037494 -3.20982970754 -3.23522152462 -3.42208914905 -2.83748880009 -3.11738372619 -3.71243220067 -3.09507124783 -2.43252594330 -2.40059176439 -1.86628745899 -1.40683738423 -1.45736470323 -1.85273688331 -2.25224291333 -2.22144021085 -1.55632764119 -2.16481086401 -2.54799890600 -5.19768214737 -5.09452525035 -4.17383542212 -3.60044007175 -3.78897928070 -3.91377647806 -3.65919778523 -3.51808622745 -2.43551797799 -2.93457264175 -9.62497915754 -4.99218049695 -3.47006325886 -3.11853085041 -3.55458585222 -3.12140726472 -3.16761415198 -3.16730295004 -2.91671556739 -3.18609479172 -3.77578178182 -2.97801647806 -2.60483465767 -3.62566520162 -4.47149778819 -3.57103678767 -2.82713471960 -3.43057237755 -3.83445085428 -2.62002836980 -2.93091224354 -3.69257354645 -3.42173166556 -4.13509035995 -3.17702263981 -3.31012675649 -3.95243821787 -3.50206085539 -3.36262779574 -3.29512923367 -3.00133552877 -2.76370359413 -2.93955365771 -2.81753406317 -2.73393214848 -2.89084731974 -3.78533594824 -2.51866907034 -3.38637988168 -3.20882569258 -3.00687601948 -4.48965198392
