# Number of parameters = 201 Objective function value = -3599.45374185693  Maximum gradient component = 0.000247844556624396
# theta[1]:
-0.378332513208
# theta[2]:
7.39380232488
# theta[3]:
6.39752419209
# theta[4]:
6.92378994510
# theta[5]:
0.664976388376
# theta[6]:
4.00000000000
# log_rinit_devs:
 0.145858264807 0.118099160937 0.120055418057 -0.0429976459291 -0.341015197872
# log_rbar_devs:
 1.47429956451 1.29468159607 1.11287122337 1.12958682930 0.958282279530 1.20947671728 0.818116785945 0.723838696526 0.682895920547 0.763160617330 0.691338743188 0.631623271170 0.691942723261 0.736980978653 0.911608161571 0.817297382224 0.828512716246 0.621283251727 0.770322513007 0.559490974992 0.576250586871 0.666359161322 0.620913405075 0.440690839476 0.562592341103 0.648042021562 0.589421742390 0.972081515429 0.556489387300 0.323739435769 0.0396631262932 0.0626351166226 0.0372826473850 -0.416484783899 -0.712515610425 -1.05340028943 -1.45231524968 -1.56069948182 -1.58999798562 -1.63712484202 -1.60263205000 -1.65801653244 -1.63604606669 -1.63918736160 -1.52009286754 -2.04597792277 -2.29149863959 -2.62528484702 -2.21104260445 -0.728254668659 0.709070921420 -0.518768640496 -1.94233053450 -0.930660538121 0.641775163967 -0.0821766453650 -1.12558882586 -0.243004190813 1.41898327580 -0.382472540825 -2.13811188761 -1.04018919722 1.56163719130 -0.843797636030 -1.56191915835 -1.24991347563 0.234196294324 0.0925681055198 1.12505355375 1.15231940937 -0.268033709807 0.510517065251 0.888804593157 0.409434593221 1.70910997817 -0.320183186048 0.412678129118 0.565632060546 0.946036425994 1.24799088214 0.820078596479 0.759473407583 -0.170099835417 -0.628865707382 0.348335069489 -1.72159813963 1.51267806588 -0.964807203461 0.816677367980 0.585624556520 0.520645876194
# mat_params[1]:
 7.19807717532 10.1011894551
# mat_params[2]:
 7.15928691624 10.5136775612
# mat_params[3]:
 4.98711045615 7.51040062929
# log_m_devs:
 0.00903468506595 -0.00903468506595
# log_slx_pars[1]:
 1.39866616412 -0.395248870480
# log_ft_pars:
 -1.07566445424 -1.14770640790 -1.57451141058 -1.43104734769 -1.11192688533 -0.957233157002 -1.01522445045 -1.39604149218 -0.971264828729 -1.73780825784 -1.88561343978 -0.938642879611 -4.18036436393 -0.848001839253 -3.04674473104 -2.18367552148 -1.85368962093 -1.38178194778 -1.19692244238 -2.10045859272 -2.22934626312 -2.30487251523 -2.55985916228 -2.02449519899 -2.35016161268 -3.02587465720 -2.48737596518 -1.84495198617 -1.85353816567 -1.30159957034 -0.754605879514 -0.688887585774 -0.987676451735 -1.34528223529 -1.25841770992 -0.420925395602 -0.821404064524 -1.13032253262 -3.85894551390 -3.90758507216 -3.11488536702 -2.64936209612 -2.94378854167 -3.15426894869 -2.96413534117 -2.88384084175 -1.76982480064 -2.23319321157 -8.89783939888 -4.15816636622 -2.43798222257 -2.16555449734 -2.53981256371 -2.02334660246 -2.08919047539 -2.19951719448 -1.90666350399 -2.10887626486 -2.73260096444 -2.04403644885 -1.56376736604 -2.50304218530 -3.45006847449 -2.74675374766 -1.93238425831 -2.44728489371 -2.93896218112 -1.83125842933 -2.08758836961 -2.87759496828 -2.63842661681 -3.31285700225 -2.37487433024 -2.56479794607 -3.18672129142 -2.83389207623 -2.68595454748 -2.65343302886 -2.50831055916 -2.42941246861 -2.52674380290 -2.27508347384 -2.05888603082 -2.04078618810 -2.79294201053 -1.43659776731 -2.27135678846 -2.21462841216 -1.95796629629 -3.49893067639
