# Number of parameters = 207 Objective function value = -3709.32350399550  Maximum gradient component = 0.000139375937638039
# theta[1]:
-0.321444871405
# theta[2]:
8.24075811623
# theta[3]:
7.24104432619
# theta[4]:
7.60726720313
# theta[5]:
0.969245370927
# theta[6]:
4.00000000000
# log_rinit_devs:
 -0.0196282211473 0.00121267348889 0.0820475712922 -0.00108522602829 -0.0625467976055
# log_rbar_devs:
 1.29761454803 1.11478820622 0.911733679428 0.927794057563 0.763131121827 1.05042847903 0.670853453704 0.584316601500 0.554450865080 0.632845909848 0.585488523916 0.582175368084 0.700948247771 0.797588498854 1.00048605693 0.889773091315 0.936106421935 0.747236066513 0.931804394071 0.703222442125 0.695676909429 0.762146222134 0.683992363677 0.460297011970 0.547171039039 0.589035368347 0.491469122116 0.859409896459 0.414042001544 0.194329330055 -0.0353807231241 0.0711237147300 0.101302319270 -0.316166341473 -0.512145448158 -0.694252959965 -0.964573467945 -1.02355680281 -1.07352051047 -1.17587908979 -1.17976146461 -1.27854811476 -1.29470774058 -1.33476854629 -1.25447872398 -1.80402548175 -2.00054187251 -2.27952108738 -1.84841788884 -0.433667031563 1.04906272264 -0.209205963160 -1.64835527100 -0.630641965105 0.974595549439 0.245789773064 -0.803115824177 0.0484275165537 1.76409485822 -0.0669701444909 -1.82859477895 -0.734171848566 1.90858482182 -0.575854115888 -1.31355359867 -1.03780997139 0.428757808787 0.299260488545 1.33686635281 1.36621115062 -0.0817242874111 0.698980127072 1.04900011169 0.528209979182 1.92775045395 -0.320874513460 0.287940009446 0.182340983839 0.241118652720 0.174950468263 -0.232384502179 -0.300211869104 -1.18080626091 -1.60072282881 -0.625308699567 -2.57604779124 0.605252341169 -1.64765453073 0.248279677036 0.164665917770 0.135000963667
# mat_params[1]:
 7.62740464219 10.3303782072
# mat_params[2]:
 7.75284236700 10.7902226585
# mat_params[3]:
 6.42603867900 9.42544844298
# mat_params[4]:
 4.89462092556 7.30254696788
# log_m_devs:
 0.202808665189 -0.202808665189
# log_slx_pars[1]:
 1.42163812293 -0.307431550515
# log_slx_pars[2]:
 1.76131838650 -0.180442083172
# log_slx_pars[3]:
 1.56697082618 -0.363980034602
# log_ft_pars:
 -1.47411322362 -1.55832162084 -1.96344573205 -1.79594327056 -1.47108530168 -1.35955358792 -1.43828027250 -1.81905627216 -1.40644702681 -2.18330837229 -2.31262099590 -2.28503035082 -4.71924725097 -2.29189613724 -3.71955503556 -2.81321920007 -2.47252017326 -2.00438907329 -1.86956916020 -2.78402345005 -2.88141090936 -2.92967931958 -3.14754464344 -2.57074515499 -2.86285838005 -3.49728268044 -2.91257954941 -2.26929655837 -2.24371925772 -1.66464089950 -1.14181967287 -1.17196998079 -1.57368642842 -1.96233397269 -1.89374590991 -1.18165105779 -1.77772243150 -2.19393155251 -4.91439882726 -4.89222691433 -4.04628466994 -3.54037948649 -3.80623103929 -3.97042496064 -3.72390198413 -3.59138477226 -2.47403303305 -2.93045522479 -8.74979258315 -3.86231992713 -1.98916564087 -1.69666216113 -2.27846343729 -1.99539286178 -1.93211904755 -1.87594010048 -1.65820474539 -2.01662497218 -2.50214564641 -1.68075979220 -1.39132427892 -2.57833422427 -3.32648676563 -2.37201090311 -1.70233522010 -2.48355078516 -2.91029133377 -1.55937006416 -1.64651264825 -2.37998049383 -2.18942563946 -3.00994330547 -2.08165593371 -2.19862642842 -2.75696299343 -2.35970801038 -2.29536191762 -2.30529343493 -1.94763732533 -1.99949518986 -2.10911265237 -1.92404417387 -1.77116370964 -1.84312551763 -2.65040742594 -1.27615738057 -1.87561834781 -1.79947935989 -1.73138282399 -3.41251370184
