# Number of parameters = 204 Objective function value = -3696.31004570650  Maximum gradient component = 0.000171864678128176
# theta[1]:
-0.389144472409
# theta[2]:
7.12970624730
# theta[3]:
6.79312999256
# theta[4]:
7.24061036884
# theta[5]:
0.625504090148
# theta[6]:
4.00000000000
# log_rinit_devs:
 0.231088919994 0.157123874565 0.121880160373 -0.0561120349449 -0.453980919987
# log_rbar_devs:
 0.893206358234 0.722465136008 0.561143891936 0.627847501907 0.502568967386 0.776770549706 0.445645944230 0.413922159011 0.430474925249 0.563525996277 0.538197139479 0.461972331848 0.490163291368 0.528386271048 0.728170471656 0.784262968409 1.00332641176 0.817398007651 0.964366125082 0.738094674627 0.726792339217 0.785246815314 0.712431720709 0.503665611935 0.578466819336 0.619417451874 0.535291275668 0.879106680865 0.473696889006 0.272015239397 0.0266503438350 0.0635086398922 0.0443380104411 -0.367448288225 -0.575408610255 -0.813341688903 -1.14450957096 -1.24609294910 -1.30685314151 -1.39196312044 -1.39008400186 -1.47814812414 -1.49141411654 -1.52452049835 -1.43786371191 -1.96447427773 -2.18475866682 -2.48855538016 -2.02741558106 -0.583176559753 0.872519840308 -0.387850039910 -1.84658890629 -0.815686277056 0.798366236622 0.0585800021996 -0.992591217379 -0.120526465428 1.59159177533 -0.260576962380 -2.03287031248 -0.884962233999 1.79363076211 -0.703384332274 -1.41907589143 -1.11568126624 0.377329695485 0.232870226393 1.28983097492 1.32284510095 -0.137460259078 0.647720303280 1.01564061380 0.502250584505 1.83197678709 -0.339466347219 0.341137649430 0.392703443431 0.654809133765 0.795991287111 0.383357887064 0.350876010628 -0.438404017548 -0.794246295334 0.208049332373 -1.71359991633 1.44400902210 -0.816518627768 0.984066235884 0.729540145017 0.403287645705
# mat_params[1]:
 7.26527157722 10.4112303479
# mat_params[2]:
 5.63216400688 8.35551921130
# mat_params[3]:
 5.91050802343 9.34958978120
# log_m_devs:
 -0.0626635550923 0.159868176942 -0.0972046218494
# log_slx_pars[1]:
 1.27468834916 -0.499566919197
# log_slx_pars[2]:
 1.67906426180 -0.223454851383
# log_ft_pars:
 -1.17336714253 -1.25420415984 -1.67880892257 -1.55545318181 -1.27281232516 -1.17501821114 -1.27921371263 -1.70323041600 -1.34929257784 -2.19637369851 -2.39705055419 -0.832377438026 -4.66215020321 -0.744587287001 -3.51162367426 -2.71532499791 -2.50322050442 -2.02465514110 -1.87334542745 -2.78409528658 -2.87437850263 -2.92264075390 -3.14255184628 -2.56294635793 -2.85354113160 -3.49634075314 -2.91615103948 -2.26848927508 -2.24190424307 -1.64616949169 -1.10734599149 -1.11238980471 -1.48195962598 -1.84346906168 -1.74665625083 -0.990874608160 -1.53210738022 -1.91523876085 -4.63329705170 -4.62533112838 -3.78944488466 -3.29131836557 -3.56600675963 -3.73714278480 -3.49504770989 -3.36736623671 -2.23074194862 -2.67519626346 -8.57732024081 -3.69809453772 -1.80873752234 -1.56225685925 -2.15519678639 -1.82009205506 -1.71294322210 -1.69866955739 -1.50260607947 -1.83161961267 -2.29907090592 -1.52441285584 -1.23999680422 -2.38648222170 -3.13410049506 -2.26860814359 -1.64155903247 -2.38113384393 -2.78967828286 -1.48449517777 -1.60405774691 -2.35496613622 -2.19185363292 -3.00444806790 -2.06062561615 -2.18940258979 -2.73030051085 -2.34987524294 -2.29114369443 -2.29363992957 -1.99702625728 -1.70523610276 -1.82852826098 -1.69599237937 -1.60247229162 -1.73872331440 -2.61705785661 -1.29214644493 -1.93384396364 -1.82732680718 -1.75920667406 -3.45731097732
