# Number of parameters = 93 Objective function value = -234.685049914552  Maximum gradient component = 2.13153596227240e-005
# theta[1]:
-0.596178971150
# theta[2]:
3.07740171030
# theta[3]:
5.65459594493
# theta[4]:
6.02647905021
# theta[5]:
0.833382219752
# theta[6]:
4.00000000000
# log_rinit_devs:
 3.16975986793 1.90184845667 0.0519667525009 -2.38068905972 -2.74288601738
# log_rbar_devs:
 -0.724875336100 -1.92877382882 -0.947075030489 0.542644224589 -0.222285246623 -1.44461328269 -0.452341892375 1.30634363552 -0.625767733677 -2.09662225624 -1.30043248421 1.44225969966 -0.864261487884 -1.70090091690 -1.25893781324 0.167097209479 -0.00154818426563 0.806899683188 0.882306106101 -0.481025007572 0.445767275625 0.695386078460 0.353024290431 1.60670289846 -0.253924048421 0.340218724461 0.580949799734 0.947127056068 1.15871565476 0.917187471172 0.912323687562 -0.100057448733 -0.508922515168 0.425176597141 -1.50465032848 1.50183952873 -0.825240638733 0.875435131012 0.950270472099 0.384580256382
# mat_params[1]:
 3.67000000000 4.48000000000
# log_m_devs:
 -0.0721382557478 0.0721382557478
# log_slx_pars[1]:
 1.53411479770 -0.243138226069
# log_ft_pars:
 -1.09863103633 -1.67360669447 -1.31179478660 -1.19687286641 -1.22641105392 -0.985480048209 -1.23273091089 -1.69930982645 -0.980321047327 -0.635328455240 -1.67888090705 -2.48338135609 -1.73845370258 -1.09218606584 -1.78921615707 -2.28100504071 -1.05112993165 -1.05011621369 -1.72990108690 -1.56021302284 -2.38488523127 -1.47689604883 -1.67500191377 -2.25395796234 -1.95304643685 -1.93919632984 -2.00071424968 -1.83734099696 -1.68792389135 -1.77263691998 -1.59310219107 -1.46447620565 -1.55570253520 -2.38262959660 -1.01608686378 -1.58758281776 -1.34431852852 -1.07407878390 -2.66849926817
