# Number of parameters = 207 Objective function value = -3653.79998067148  Maximum gradient component = 0.000154331120342029
# theta[1]:
-0.497721729169
# theta[2]:
7.05849650562
# theta[3]:
6.08633002799
# theta[4]:
6.61488376833
# theta[5]:
0.528092698973
# theta[6]:
4.00000000000
# log_rinit_devs:
 0.126789732158 0.0709027026379 0.103364281755 0.0370888093015 -0.338145525853
# log_rbar_devs:
 1.43078640853 1.24083122607 1.02524089016 1.04126087947 0.919301386327 1.08973185800 0.714961170587 0.551851149046 0.466021906034 0.351653005729 0.243328614136 0.158106662652 0.279888480666 0.395217651374 0.602955009860 0.591282639342 0.695400814434 0.576067531071 0.663335794186 0.386268992885 0.382330415221 0.439854221092 0.397209258099 0.265955938735 0.317302490805 0.359143129635 0.342235466641 0.674830191481 0.369949821708 0.278427646476 0.117666066314 0.0452250887103 -0.105647475501 -0.518914018407 -0.679339410215 -0.841331806685 -1.37937613360 -1.63251069513 -1.82853048256 -1.84945898190 -1.79464965990 -1.82175340459 -1.81191188379 -1.81434072429 -1.69149175956 -2.07376289269 -2.19330352376 -2.48508822504 -1.95230905423 -0.474028079780 0.971400627196 -0.287814026438 -1.77060611168 -0.728475116148 0.893563490727 0.138219014176 -0.913904730866 -0.0311909789809 1.68181097659 -0.204581119069 -2.02926758949 -0.810752471240 1.89793551173 -0.611722804676 -1.31144724428 -0.991763134775 0.525343919750 0.365482709677 1.43685377482 1.46688841572 0.000742114742676 0.777755334907 1.16243746911 0.645373749498 1.97642272225 -0.192173933523 0.484673556399 0.541973129904 0.795197123133 0.921401842824 0.517215040088 0.480881579782 -0.292826563740 -0.629326400565 0.416909092937 -1.46257542192 1.80951173384 -0.620806216435 1.14109509752 0.852871607944 0.521400634731
# mat_params[1]:
 6.52754082537 9.98990493101
# mat_params[2]:
 4.94499466987 7.46379146968
# mat_params[3]:
 4.94391633738 7.54605448955
# log_m_devs:
 -0.0258602154606 0.107470179551 -0.211694963935 0.130084999844
# log_slx_pars[1]:
 0.491814332353 -4.11245382406
# log_slx_pars[2]:
 1.61522393724 -0.205342549954
# log_slx_pars[3]:
 1.69907859262 -0.221649621058
# log_ft_pars:
 -1.65633765728 -1.67588116431 -2.02443633561 -1.86448593554 -1.53675731250 -1.42863799785 -1.38975909504 -1.69874730545 -1.22927202299 -1.93168910063 -1.98717553850 -4.69953901085 -4.41512710222 -3.77953069805 -3.45772696677 -2.51614625120 -2.17816779996 -1.68660797034 -1.53673259173 -2.40266599106 -2.51136930280 -2.59461836861 -2.83083520550 -2.25686529196 -2.59082106594 -3.27657579518 -2.72108200184 -2.13530511324 -2.05726269204 -1.46698468258 -0.935666861126 -0.940708491561 -1.26714546522 -1.54242938997 -1.43862489129 -0.656383133543 -1.08697143045 -1.39992931497 -4.11470962705 -4.15922605577 -3.38403976564 -2.92816460152 -3.25538409184 -3.46943471504 -3.27426742882 -3.12286229006 -2.06677093744 -2.55345624494 -8.42985026107 -3.55624997066 -1.64630407806 -1.40190864402 -1.97488697257 -1.61038306635 -1.50726270932 -1.51874324556 -1.30293799677 -1.60741688894 -2.09515323254 -1.34331278836 -1.01920368328 -2.13508834504 -2.92811116736 -2.12059129870 -1.48219507428 -2.19392829804 -2.63657966921 -1.37421134327 -1.48733148091 -2.23870536225 -2.08184733599 -2.88825603104 -1.95133816690 -2.09497411334 -2.63107527086 -2.26240457705 -2.19851774241 -2.19344928900 -1.91218392652 -1.62146218286 -1.73600117690 -1.58852868901 -1.48351222716 -1.61854066255 -2.51944424776 -1.22920213254 -1.67721968197 -1.37991174150 -1.15511185148 -2.75498539687
