# Number of parameters = 200 Objective function value = -3516.12254716669  Maximum gradient component = 0.00151695571874044
# theta[1]:
0.0554055170307
# theta[2]:
9.58827543373
# theta[3]:
9.12363355741
# theta[4]:
9.45307719552
# theta[5]:
0.596645198636
# theta[6]:
4.00000000000
# log_rinit_devs:
 -0.126620503392 -0.0738846617034 0.0843528319198 0.0510547751572 0.0650975580183
# log_rbar_devs:
 0.689588335672 0.531839779508 0.333271097179 0.396051140152 0.274258043779 0.651499587224 0.316468067523 0.286199474381 0.315923413987 0.441872751262 0.403688154181 0.382418859511 0.476515485801 0.573347652127 0.826248116074 0.777270666864 0.955690065673 0.747945953786 0.955208874126 0.693567489259 0.657980387272 0.701622428188 0.592001345661 0.322221170262 0.390854111344 0.397653442379 0.253207776474 0.621278063933 0.131493541473 -0.0707495718485 -0.228183339657 -0.0152233871935 0.0682532174922 -0.350433280609 -0.509615002003 -0.630107330570 -0.868571389384 -0.943837741825 -1.04089206129 -1.20709154244 -1.25595478956 -1.38916016273 -1.42446281845 -1.47277064903 -1.38096401538 -1.90349275582 -2.02076247782 -2.23846468189 -1.77304998341 -0.312138196584 1.31596183649 -0.0509545763120 -1.42520644453 -0.426600088138 1.15957976274 0.438833846818 -0.592158149892 0.237224350307 1.91952175557 0.172478088508 -1.52333196471 -0.551656875451 1.97068398883 -0.407466075451 -1.15714253254 -0.905384430970 0.510026244464 0.424862197871 1.44848534759 1.47520039352 0.0679554590981 0.829073347887 1.15179699651 0.661931882071 1.97251183169 -0.198989895045 0.370304755507 0.342422484504 0.555944306707 0.737064488568 0.313788162368 0.238104651504 -0.807751710942 -1.31019488007 -0.357933895184 -2.43881918171 0.789104523202 -1.57494537179 0.198874278912 -0.0167905236318 0.314078300063
# mat_params[1]:
 8.28684267197 11.1238484079
# mat_params[2]:
 6.56337670135 8.97130085808
# log_m_devs:
 -0.0593847681168 0.0522390178310 0.00714575028578
# log_slx_pars[1]:
 1.72642582546 -0.220131419866
# log_ft_pars:
 -1.67825363007 -1.75980161924 -2.20914762795 -2.09234673643 -1.81556335670 -1.72625095685 -1.85621297456 -2.31968085996 -1.98527770383 -2.78712796498 -2.91538463340 -3.47334025615 -5.32380061452 -1.97853389469 -4.24688473609 -3.35857217606 -3.09267163536 -2.62086937092 -2.48984786442 -3.39478782263 -3.47135505436 -3.49038252739 -3.66692691321 -3.07138726250 -3.34645398998 -3.93120436711 -3.29712808467 -2.61352677248 -2.56868020464 -2.03113295609 -1.59543273755 -1.68609120753 -2.10909303193 -2.52456278951 -2.51510680454 -1.89123684342 -2.54770873842 -2.95945333999 -5.62640949653 -5.53350848077 -4.62651657362 -4.06913215700 -4.27449108916 -4.41036281239 -4.15951691402 -4.02215205546 -2.95606720436 -3.47357127499 -10.1683284159 -5.54663819647 -4.07344862221 -3.69022982763 -4.12226332542 -3.70892908572 -3.76293322331 -3.73260404694 -3.47549912889 -3.75977093402 -4.36103835221 -3.53621117648 -3.16436270028 -4.20205119685 -5.04227726418 -4.09601487191 -3.34733723916 -3.97436484128 -4.37096171235 -3.13294469851 -3.45803731076 -4.21841017364 -3.93570657175 -4.65457426452 -3.69871311393 -3.81633753129 -4.48091426869 -4.01484424514 -3.86975981550 -3.79082806417 -3.43958420763 -3.15285684934 -3.10587033619 -2.80735655811 -2.55014950649 -2.51696448950 -3.22660497065 -1.75140344179 -2.65069810047 -2.49460811797 -2.38066555702 -3.96698403920
