# Number of parameters = 203 Objective function value = -3640.69177647894  Maximum gradient component = 0.000123129238873765
# theta[1]:
-0.353085110070
# theta[2]:
7.57279122650
# theta[3]:
6.69444838385
# theta[4]:
7.10392439669
# theta[5]:
0.841162290550
# theta[6]:
4.00000000000
# log_rinit_devs:
 0.126064147016 0.113634024328 0.121918028730 -0.0434200102460 -0.318196189828
# log_rbar_devs:
 1.32022291256 1.15470735092 0.982308132843 0.995786139893 0.829649888850 1.07231929411 0.709865987899 0.630233013208 0.612384760396 0.703836772401 0.651808789969 0.619223178018 0.696998542175 0.766885147004 0.962839878331 0.893571431187 0.937685399683 0.744475358337 0.900198730126 0.699552438591 0.707909695755 0.784986976532 0.730422593898 0.546746423672 0.652997854628 0.718164320870 0.644957275226 0.994260036868 0.574345947822 0.333397721538 0.0626376037956 0.101722781586 0.0860603862911 -0.351148108604 -0.623527132794 -0.900422972358 -1.22101811889 -1.29161562681 -1.31973592401 -1.38500095602 -1.36752388510 -1.43642477866 -1.42962556466 -1.44312461689 -1.35379209279 -1.89374024408 -2.14983294674 -2.49049939097 -2.09690911587 -0.641200027458 0.817758422808 -0.406913503857 -1.85339428189 -0.836215379521 0.763993206923 0.0264940471295 -1.03026440502 -0.146220641546 1.55865603910 -0.286947936677 -2.07436745868 -0.960706052683 1.67972999174 -0.794940996043 -1.52503862804 -1.22710786512 0.265504545630 0.113862355649 1.15287607225 1.17797799701 -0.279009354402 0.494708754037 0.854143273414 0.319246396485 1.65467914997 -0.533841116097 0.141419573001 0.186611110150 0.435690702421 0.547540021464 0.151348641470 0.126645210323 -0.642626155069 -0.972908833500 0.0811463806261 -1.74755852632 1.56955458977 -0.873838022316 0.853087323160 0.501137283439 0.290066806539
# mat_params[1]:
 7.46468027050 10.2953539535
# mat_params[2]:
 7.46545812405 10.6857980506
# mat_params[3]:
 5.31148897381 7.94173336324
# log_m_devs:
 0.0549528417428 0.0920450921440 -0.262983926411 0.115985992524
# log_slx_pars[1]:
 1.45361637719 -0.347344824339
# log_ft_pars:
 -1.03386293663 -1.10782012727 -1.54041713758 -1.40238213244 -1.08746007895 -0.936787178683 -1.00135484304 -1.39689709595 -0.990440507467 -1.77343389629 -1.93222304165 -1.00626196882 -4.27296839415 -0.920199716647 -3.18511144554 -2.33446138063 -2.03184064602 -1.56115516926 -1.39264342396 -2.30052381786 -2.42055645721 -2.48445993914 -2.72409736503 -2.17942944630 -2.49649315210 -3.15389862066 -2.59754382228 -1.94355331453 -1.93590331834 -1.38066776418 -0.846204895968 -0.803838067216 -1.12130631473 -1.48338073620 -1.40294611297 -0.609864511252 -1.09148617011 -1.45768406138 -4.19131285255 -4.21325296609 -3.40058230042 -2.92105233125 -3.20256899879 -3.39679515945 -3.18623238535 -3.08776943678 -1.97238605013 -2.42632169178 -9.06490205496 -4.30509707865 -2.60680725104 -2.31827590918 -2.69674294411 -2.17764292558 -2.25486703679 -2.35413317785 -2.07357192152 -2.27528197506 -2.91340111574 -2.21148418827 -1.75753635845 -2.68277874505 -3.61859180683 -2.88274162346 -2.08171099893 -2.57781288404 -3.02571169957 -1.89647949890 -2.16918803049 -2.94908894723 -2.69503399365 -3.35635615966 -2.39724124361 -2.55449462845 -3.17358321040 -2.78770220834 -2.61209315229 -2.50190772816 -2.23485828938 -2.00289355900 -2.17928000564 -2.01200342289 -1.87726142473 -1.96895570201 -2.84508985975 -1.58415881405 -2.51946697694 -2.34694273081 -2.05849871849 -3.54174928800
