# Number of parameters = 206 Objective function value = -3685.90536595509  Maximum gradient component = 0.000193618485358962
# theta[1]:
-0.310637252823
# theta[2]:
7.49621505184
# theta[3]:
6.59819458438
# theta[4]:
7.16475427332
# theta[5]:
0.474394313259
# theta[6]:
4.00000000000
# log_rinit_devs:
 0.0692971833787 0.0252846816267 0.0797075664149 0.00495176559482 -0.179241197015
# log_rbar_devs:
 1.31950249925 1.11719637325 0.902091542010 0.944780081010 0.801344016419 1.07753235823 0.677749018000 0.577075408306 0.519117727582 0.543992967140 0.474438406158 0.442025497872 0.547737214359 0.657443067212 0.857323112444 0.785229085065 0.856229358605 0.653525938093 0.807066472832 0.578140298006 0.582352134492 0.661123681639 0.600223265030 0.393749144325 0.493016037843 0.558025744343 0.482861681816 0.862229960307 0.443929906948 0.230841408162 -0.0419308871347 -0.0158464543327 -0.0394781451622 -0.477647495637 -0.720508275983 -1.02518608328 -1.41045149925 -1.53002839909 -1.57737398777 -1.64458129084 -1.62421737581 -1.69950988542 -1.69497866862 -1.71473943034 -1.59963535172 -2.12334247096 -2.33049489110 -2.61212121280 -2.12569748328 -0.673857733016 0.747289771630 -0.512108019719 -1.95416135164 -0.928932289947 0.664085699757 -0.0653281422480 -1.10833316289 -0.238986951180 1.44231349168 -0.386927681884 -2.13025380026 -0.990709081378 1.66692998223 -0.785940340347 -1.49143023628 -1.17358372139 0.312057962128 0.176992763655 1.22959311801 1.26585572153 -0.162457244934 0.631098484957 1.01608746640 0.549832715094 1.85382528707 -0.187719245731 0.544085083142 0.686715998384 1.05620502049 1.34245782189 0.907495001125 0.853025906969 -0.0624178171842 -0.519002255672 0.462983163088 -1.59290112665 1.66429146490 -0.806608764217 0.982027461881 0.716321430642 0.559964031705
# mat_params[1]:
 6.97662268193 10.0006171231
# mat_params[2]:
 7.12355771094 10.4332515494
# mat_params[3]:
 5.42598496755 8.12536123623
# log_m_devs:
 -0.0220819094241 -0.0128104284725 0.0348923378966
# log_slx_pars[1]:
 1.02658132516 -0.683914082597
# log_slx_pars[2]:
 1.29909466617 -0.621200790625
# log_slx_pars[3]:
 1.67613191664 -0.206851718929
# log_ft_pars:
 -1.68350117249 -1.74265454872 -2.10695356233 -1.94678244504 -1.62813526121 -1.56175955406 -1.59514787903 -1.94271191920 -1.51943846380 -2.29495337943 -2.40619188345 -2.67953571767 -4.80606382612 -2.36889420899 -3.81674331209 -2.89852415318 -2.17850931161 -1.71660138742 -1.55190558389 -2.47110768929 -2.58026039706 -2.64109386430 -2.88210502989 -2.32511689253 -2.62484470282 -3.28188356247 -2.72299447659 -2.07042382350 -2.07527486910 -1.49402233795 -0.938875361481 -0.897166543065 -1.22976489461 -1.59794265014 -1.50039704449 -0.692752352293 -1.15905943280 -1.49928381325 -4.21792934956 -4.23773057254 -3.42071609594 -2.93818110471 -3.22064430144 -3.40952820646 -3.19157157608 -3.10066386103 -1.96939938004 -2.43102999092 -8.44030090289 -3.55721978547 -1.59904804730 -1.36172297068 -1.98137786833 -1.67063434566 -1.54278672271 -1.51839007134 -1.31744528973 -1.66268860683 -2.10804498629 -1.32388593077 -1.03789143886 -2.21773766536 -2.96366868635 -2.09983786759 -1.48186484097 -2.25780728807 -2.70212047087 -1.39966084677 -1.48329825810 -2.23198696741 -2.09029191196 -2.93383941101 -2.01100784277 -2.16553712779 -2.70595169607 -2.34888097521 -2.32372288261 -2.38340186395 -2.17213084502 -1.99123056076 -2.05186816392 -1.85927043178 -1.70645073831 -1.77535814436 -2.56753850353 -1.17820856461 -1.80337279072 -1.61998613049 -1.45895725816 -3.04766773473
