# Number of parameters = 206 Objective function value = -3679.94381888900  Maximum gradient component = 5.93381791411884e-005
# theta[1]:
-0.363831744728
# theta[2]:
7.00426406822
# theta[3]:
6.61286332560
# theta[4]:
7.18099096641
# theta[5]:
0.519737110660
# theta[6]:
4.00000000000
# log_rinit_devs:
 0.262886698278 0.160582056753 0.110168317744 -0.0777293118177 -0.455907760958
# log_rbar_devs:
 1.00891325333 0.824431726271 0.655093222395 0.724252415668 0.593818381029 0.876017089240 0.521285740147 0.480595341142 0.488255650376 0.619637156563 0.601000030209 0.518210133608 0.555368148328 0.585096147932 0.741050159324 0.732238070637 0.855508602568 0.674074566501 0.824219860289 0.594274244416 0.591068910405 0.660201425310 0.595455870511 0.390708755654 0.475466208821 0.528452904618 0.452985503423 0.816713857126 0.410181194343 0.212991977094 -0.0417637123678 -0.0211133664703 -0.0547491748081 -0.483331941241 -0.701443604136 -0.974688110419 -1.35579632166 -1.48245160037 -1.54595617252 -1.61695608369 -1.60110703155 -1.67824589823 -1.68070224051 -1.70646484906 -1.59945644812 -2.10688895558 -2.30332111226 -2.58800412549 -2.10481212434 -0.658130176847 0.779820700102 -0.479558650199 -1.92729843243 -0.898425795896 0.699006500456 -0.0310834287802 -1.07391234679 -0.204635801507 1.48234711462 -0.348703798136 -2.10515108087 -0.953534759581 1.70339007952 -0.753122154047 -1.45986280701 -1.14522666606 0.340139396134 0.204183173731 1.25750841918 1.29224752042 -0.140808143654 0.647979449508 1.02855410753 0.551783544975 1.85690226123 -0.217971452325 0.497074738290 0.629270907531 1.01319691944 1.35252648100 0.914554420358 0.866658744615 -0.0365651886593 -0.481193864505 0.512424099216 -1.52955536161 1.71650913437 -0.643168934102 1.20834839486 1.01134038691 0.561828674547
# mat_params[1]:
 7.09499426619 10.0488913581
# mat_params[2]:
 7.14545373269 10.5051795361
# mat_params[3]:
 5.52054137321 8.34875398363
# mat_params[4]:
 5.42402759188 7.88188369838
# log_m_devs:
 -0.0852298219484 0.0347377027093 0.0504921192391
# log_slx_pars[1]:
 1.23613081694 -0.568453481093
# log_slx_pars[2]:
 1.67788928213 -0.213818468240
# log_ft_pars:
 -1.11845224662 -1.20006321036 -1.61818749956 -1.49221149921 -1.20379551222 -1.10953933141 -1.20597585263 -1.61697340498 -1.25241230478 -2.09923743349 -2.30578286737 -0.750808897525 -4.55957689576 -0.729853883308 -3.41504227125 -2.59589464324 -2.32923035159 -1.85442991064 -1.69777188867 -2.61133262632 -2.71209370227 -2.77165326476 -3.00373465289 -2.43320444453 -2.73139858049 -3.38599967364 -2.81624144600 -2.17305797525 -2.15439631406 -1.55846408005 -1.00725188184 -0.989532393709 -1.33991536279 -1.69433146957 -1.59163900907 -0.803900042206 -1.29815846554 -1.65451926346 -4.37400072872 -4.38360914927 -3.56186072819 -3.07474729658 -3.35762478893 -3.54087514875 -3.31527318706 -3.20235602670 -2.07344224447 -2.53646650541 -8.46335464829 -3.56992284608 -1.61408746110 -1.38210618740 -2.00635329604 -1.69836103701 -1.56910677793 -1.54475769318 -1.34872222139 -1.69490891281 -2.13718794543 -1.35568813591 -1.07705810657 -2.25745410569 -2.99475139271 -2.12765001864 -1.51330870212 -2.29015465728 -2.72863340424 -1.42197121269 -1.50338355945 -2.25047288755 -2.10946711026 -2.95172854001 -2.02492993822 -2.17393148302 -2.70649652364 -2.34475998723 -2.31369826266 -2.36309992202 -2.13497021876 -1.94547449686 -2.01183250027 -1.82942550671 -1.68567552995 -1.76118578469 -2.56277217949 -1.17929122344 -1.82605249939 -1.69167734224 -1.59461170749 -3.25182543491
