# Number of parameters = 204 Objective function value = -3672.91132733909  Maximum gradient component = 8.57139645609868e-005
# theta[1]:
-0.281815184836
# theta[2]:
7.80379248332
# theta[3]:
6.62121929891
# theta[4]:
7.19359403773
# theta[5]:
0.457879631403
# theta[6]:
4.00000000000
# log_rinit_devs:
 0.0170995895146 0.0186522995027 0.0909973550582 0.0310844888060 -0.157833732882
# log_rbar_devs:
 1.48297485757 1.28809150174 1.08369580117 1.09577617788 0.930267753878 1.16759766459 0.771105102397 0.660217525246 0.575054069601 0.604274295578 0.519828500190 0.469751605430 0.534492971691 0.570381935317 0.734652639417 0.666691855408 0.753411684791 0.564130692197 0.700230456821 0.471214814230 0.474195268149 0.548176155080 0.492369817006 0.298582802197 0.388794759773 0.451089815188 0.388614282540 0.752119451962 0.362103151603 0.170458148726 -0.0868884514365 -0.0785111860891 -0.119081324627 -0.540577749252 -0.759092331284 -1.04331355931 -1.43411172968 -1.56275366634 -1.61785457986 -1.67392605538 -1.64538554089 -1.71057336130 -1.70261593560 -1.71690755704 -1.60228701513 -2.09718387716 -2.29477251642 -2.58646807853 -2.12868407938 -0.685119380458 0.750242986096 -0.504740571191 -1.95444950467 -0.925772912486 0.670476363639 -0.0584960716544 -1.09906027176 -0.231189508369 1.45293919687 -0.376512970864 -2.13510216561 -0.979011949743 1.67544026782 -0.779202634494 -1.48402701134 -1.16991378433 0.315561180100 0.179214566500 1.23300900746 1.26781636371 -0.164774259600 0.621974144760 1.00310985030 0.525320475876 1.82648129507 -0.249466720985 0.464639682709 0.599935124412 0.991033577753 1.34080405225 0.907677917238 0.865936926015 -0.0191888138441 -0.446487116531 0.566660187729 -1.44989439948 1.83429468885 -0.617014933198 1.18263970646 0.918039837442 0.566820618888
# mat_params[1]:
 7.09223760620 10.3017035135
# mat_params[2]:
 5.49543187579 8.31755564114
# mat_params[3]:
 5.44549435321 7.88401928293
# log_m_devs:
 -0.0450667881667 -0.0370393228202 0.0821061109869
# log_slx_pars[1]:
 1.23459533733 -0.573013036392
# log_slx_pars[2]:
 1.68055238664 -0.210350410406
# log_ft_pars:
 -1.66812497378 -1.73271929742 -2.11644188701 -1.93897576631 -1.61174331488 -1.47540146728 -1.52590960121 -1.87021707551 -1.42465647473 -2.16225312174 -2.25819170217 -2.28094558749 -4.59449348384 -1.60205096834 -3.45205689809 -2.53689629115 -2.19131435771 -1.71960552282 -1.55841392369 -2.47117343694 -2.57673532925 -2.64297277022 -2.88315275524 -2.31799455671 -2.62409143696 -3.29046742083 -2.73135670485 -2.09647463604 -2.08455446002 -1.49155508052 -0.936955617011 -0.913753025863 -1.26092987560 -1.61541219209 -1.51323927015 -0.714979118298 -1.19384463604 -1.54651230976 -4.27651420638 -4.30226984385 -3.49541298296 -3.02163916422 -3.31908874615 -3.51437764689 -3.29824241765 -3.19542910589 -2.07426546633 -2.54223704946 -8.45772766406 -3.56150548151 -1.59177203056 -1.35781945250 -1.98410775969 -1.68042157562 -1.55056327038 -1.52392965532 -1.32717758928 -1.67620123736 -2.11727160506 -1.33354227870 -1.05454652880 -2.23936774946 -2.97698681331 -2.10763918045 -1.49347832833 -2.27495257757 -2.71724150531 -1.40958452017 -1.48603158913 -2.23189312199 -2.09211595954 -2.93722054286 -2.01206992320 -2.16090395924 -2.68967923068 -2.32671767093 -2.29518640593 -2.34615452379 -2.11869290123 -1.93003995166 -1.99987778540 -1.82291890641 -1.68601186417 -1.77014718006 -2.58411511369 -1.21613868555 -1.90619558293 -1.70484551798 -1.53482441378 -3.11496994175
