# Number of parameters = 201 Objective function value = -3512.42294147554  Maximum gradient component = 0.000461469873423126
# theta[1]:
-0.220712429882
# theta[2]:
7.81949268282
# theta[3]:
7.25158862076
# theta[4]:
7.68254489194
# theta[5]:
0.428228748335
# theta[6]:
4.00000000000
# log_rinit_devs:
 0.0655693701642 0.0662333755886 0.114444497412 -0.0254589500015 -0.220788293163
# log_rbar_devs:
 0.991781373166 0.827492361463 0.648186679221 0.689858294581 0.543808296480 0.863180145753 0.521551978414 0.489987101332 0.520690969586 0.654172172495 0.624966277016 0.630591047831 0.746378844060 0.822708425169 1.00394903285 0.871812142610 0.888476648175 0.700599999473 0.892133150331 0.659332466947 0.646849761091 0.708291616241 0.621773615562 0.392888696508 0.476979571473 0.506583074234 0.380549321784 0.731143949620 0.243276798477 -0.0147165712091 -0.275234633946 -0.199425882052 -0.201818815985 -0.666213354751 -0.928999456186 -1.17218868650 -1.48014746196 -1.56687031376 -1.63913625728 -1.75689156144 -1.78276448628 -1.88018267786 -1.88946602947 -1.91434204755 -1.79695334905 -2.26819694157 -2.37788020884 -2.56381055907 -2.03570565893 -0.570897902231 0.974946573280 -0.344588788816 -1.74643275382 -0.730718224895 0.849300724358 0.133751676465 -0.903750191501 -0.0410780078433 1.61016890279 -0.148586854068 -1.85382945085 -0.819686305430 1.73188171694 -0.655924914218 -1.38389862676 -1.09181451206 0.357911970467 0.245606961316 1.27907640194 1.30419636134 -0.105094498262 0.672863494254 1.04040699446 0.575454526950 1.86246108230 -0.164202813244 0.549586442927 0.685204465719 1.05678087651 1.35751557117 0.935295904113 0.882575902947 -0.0295097366308 -0.480499914794 0.487258850868 -1.53317278595 1.73267714663 -0.711013548226 1.00721933154 0.672204398520 0.421304693569
# mat_params[1]:
 7.35766687493 10.1426507943
# mat_params[2]:
 6.54908724169 9.66797784470
# log_m_devs:
 -0.0419742455625 -0.0345780988230 0.0462479536748 0.0303043907107
# log_slx_pars[1]:
 1.49581540763 -0.319018921765
# log_ft_pars:
 -1.12171595340 -1.20871027506 -1.65832779770 -1.53169203421 -1.23505295304 -1.11952163987 -1.23081764832 -1.67585515928 -1.31928642011 -2.14474879675 -2.32493875821 -1.23739698337 -4.72659312225 -1.29235047318 -3.69516449523 -2.82295094941 -2.50304785411 -2.04718132553 -1.89965371317 -2.81321070878 -2.91755829222 -2.95803733622 -3.16796584667 -2.60362564935 -2.89435987177 -3.50863926229 -2.91015261836 -2.21798721549 -2.18007502069 -1.61440866469 -1.08650617256 -1.05175122891 -1.36723761007 -1.72649610776 -1.65025292097 -0.884376834267 -1.41326838226 -1.77991775159 -4.47319774365 -4.43764500309 -3.57110750057 -3.04305840254 -3.27547660310 -3.44011071959 -3.21963106167 -3.11878560132 -2.04681523924 -2.57141738205 -9.31187886499 -4.65586840312 -3.09394327388 -2.80159355419 -3.19287969571 -2.67963350946 -2.74139447348 -2.81699119506 -2.55000116430 -2.76539431777 -3.36802220355 -2.64308286744 -2.21565109465 -3.16256345268 -4.06508580311 -3.29028302483 -2.50566366823 -3.02166465138 -3.46552394632 -2.33688318502 -2.65052649367 -3.43372372353 -3.17504350436 -3.84817830262 -2.89534891423 -3.07461154060 -3.72831578694 -3.33812882893 -3.19621391574 -3.14704961540 -2.98123510723 -2.90214789487 -2.99942515046 -2.75422094783 -2.53719200336 -2.53221269052 -3.28389889984 -1.91713967577 -2.87570900688 -2.81513842814 -2.61623536839 -4.11608832267
