# Number of parameters = 205 Objective function value = -3574.90518744134  Maximum gradient component = 0.000135486640438737
# theta[1]:
-0.0852215572324
# theta[2]:
9.16852967440
# theta[3]:
8.11684479270
# theta[4]:
8.41505904878
# theta[5]:
0.684435262811
# theta[6]:
4.00000000000
# log_rinit_devs:
 -0.172045534963 -0.0893471752740 0.0755352202572 0.0820803878577 0.103777102122
# log_rbar_devs:
 1.14822091967 0.967703261884 0.750162364438 0.729130801450 0.560586009149 0.830486425347 0.458751721902 0.364165575657 0.322250285821 0.387215997559 0.328867180719 0.308674809030 0.392972306231 0.464307600492 0.646441459184 0.536455649035 0.607853330930 0.429714999251 0.619104467525 0.410221134351 0.401787261733 0.458969809231 0.378704688551 0.162849182986 0.240106358696 0.262742848857 0.145294911338 0.462432343879 0.0112188113444 -0.217894897517 -0.421656117237 -0.293847304005 -0.252106037578 -0.647031975010 -0.827057824962 -0.967213674357 -1.18244126975 -1.22641476805 -1.27940001302 -1.38799279172 -1.39995890724 -1.48415951909 -1.48435575729 -1.49963269389 -1.38652256586 -1.80908842648 -1.86698603058 -2.00696196254 -1.45279057958 -0.0185409070465 1.58120262187 0.244640301228 -1.18189348568 -0.172336322201 1.44468390348 0.697983276594 -0.359585811041 0.491745079545 2.22551096849 0.400909949521 -1.37369166718 -0.327258768169 2.29008517303 -0.200250362900 -0.954861896387 -0.695810116383 0.761309383066 0.655611527008 1.70748235209 1.73443208162 0.269019841883 1.03790243934 1.36709709105 0.822863701005 2.23902546674 -0.113111830979 0.416897915041 0.244823520543 0.251298634764 0.151189646671 -0.252682117889 -0.313063998932 -1.17145341845 -1.55888678058 -0.518852291412 -2.39631170115 0.927577041353 -1.49190318991 0.256781779346 -0.0332171906237 0.219758761148
# mat_params[1]:
 7.70315726759 10.6739727881
# mat_params[2]:
 5.74321688660 8.32685880157
# mat_params[3]:
 6.00024497041 8.63252870895
# log_m_devs:
 0.0120444858613 0.151627833883 -0.200770130662 0.0370978109181
# log_slx_pars[1]:
 1.60438732286 -0.246518627277
# log_slx_pars[2]:
 1.70319965577 -0.314418087005
# log_ft_pars:
 -1.78865597720 -1.83659202382 -2.24148237687 -2.06974722107 -1.74017981078 -1.58858121627 -1.65353581108 -2.04373129233 -1.63423686800 -2.37044321418 -2.45803855667 -6.06031110292 -4.82701023153 -5.75462992332 -3.74756973110 -2.80639606335 -2.46337244034 -2.01672368094 -1.89364600337 -2.81987358011 -2.93049626592 -2.97777420001 -3.18863709085 -2.62364512080 -2.92268462574 -3.53885181070 -2.93589246267 -2.24797777140 -2.20828835162 -1.65336343100 -1.16427186937 -1.19594359115 -1.57888845421 -1.98259883792 -1.95611162892 -1.28712605717 -1.92970254244 -2.36623451122 -5.08425063591 -5.04915250483 -4.19233669570 -3.68141592840 -3.93483246618 -4.11166168830 -3.89560268672 -3.80413449993 -2.77722338088 -3.34714292680 -10.1235792358 -5.49181170237 -4.02211718186 -3.61901173276 -3.95185580804 -3.42877671728 -3.57936732437 -3.60125747362 -3.30181325258 -3.51710329290 -4.22800389738 -3.42982024403 -2.97650720718 -3.89138918051 -4.88177552763 -4.00987123478 -3.18934067068 -3.66975100045 -4.08286098803 -2.93174849984 -3.32413641788 -4.09471785038 -3.76971451050 -4.41487373165 -3.44632476122 -3.56648694939 -4.29587684122 -3.82499753505 -3.61007540592 -3.40864269113 -2.95324568870 -2.15078824734 -2.21161662511 -2.02966142525 -1.89515807022 -1.99541728914 -2.81966371723 -1.44902523001 -2.14301203726 -1.90200427666 -1.72583785250 -3.27798834412
