# Number of parameters = 200 Objective function value = -3664.81961133181  Maximum gradient component = 3.67612801477846e-005
# theta[1]:
-0.339995191001
# theta[2]:
7.75741953079
# theta[3]:
6.54720658021
# theta[4]:
7.12078824785
# theta[5]:
0.475777938013
# theta[6]:
4.00000000000
# log_rinit_devs:
 0.0214678755876 0.0200104988567 0.0919133212102 0.0311346332758 -0.164526328930
# log_rbar_devs:
 1.51951005692 1.32145390888 1.11437277135 1.12616858416 0.958598264400 1.19727794849 0.792859327814 0.678123545966 0.586955356880 0.611693234441 0.524948375025 0.478216589847 0.551891016831 0.596739721271 0.769013106638 0.701375321883 0.791104743336 0.600550975288 0.737262803713 0.504291890153 0.507559754712 0.582861999777 0.527279294619 0.331944382161 0.423296486976 0.487188724311 0.425569428756 0.795617007119 0.403284506793 0.213840269949 -0.0437498445154 -0.0359058407141 -0.0783403538907 -0.504404940198 -0.722872911386 -1.01276394666 -1.41578450260 -1.55316043577 -1.61274069099 -1.66932594204 -1.64070588346 -1.70731770399 -1.70042469009 -1.71603228321 -1.60014817912 -2.10255572042 -2.30833624987 -2.60619487050 -2.13838140211 -0.684948240931 0.738643077244 -0.519290436551 -1.96537516006 -0.938278523260 0.655223822060 -0.0744318674841 -1.11484964392 -0.246132066201 1.43194673498 -0.397985487992 -2.14791900969 -0.998998897831 1.65685906520 -0.795036132733 -1.49737774859 -1.17957656323 0.307711168422 0.171016150630 1.22509933768 1.26146348678 -0.166198873449 0.624689343670 1.01227274633 0.545753156861 1.84994093604 -0.191058352735 0.541590106203 0.684450233795 1.05360941201 1.33866603468 0.899875943324 0.840998399509 -0.0739387149520 -0.532774477574 0.442866757686 -1.61579823650 1.62206563364 -0.802659714718 1.00694893672 0.772527914649 0.566706743342
# mat_params[1]:
 7.03282808453 10.2505716915
# mat_params[2]:
 5.36280748026 8.05247775641
# log_m_devs:
 0.00000000000
# log_slx_pars[1]:
 1.22332427427 -0.597624542147
# log_slx_pars[2]:
 1.67255160286 -0.201822942680
# log_ft_pars:
 -1.65735538578 -1.72111961995 -2.10297291185 -1.92437618232 -1.59532555121 -1.45741770532 -1.50436483244 -1.84381670643 -1.39306252122 -2.12537818657 -2.21851558873 -2.40797633702 -4.56550636811 -1.70164990982 -3.44162137242 -2.52748287298 -2.18261209038 -1.71102247476 -1.54912991593 -2.46105171826 -2.56633705259 -2.63328878692 -2.87426075293 -2.30908909240 -2.61490266760 -3.28240715704 -2.72450371047 -2.09240748143 -2.08172178863 -1.48847969968 -0.933267730128 -0.908194799098 -1.25374953181 -1.60632928177 -1.50213848438 -0.699609858509 -1.16888489158 -1.51341049477 -4.23982601438 -4.26564648573 -3.45841404978 -2.98354990649 -3.27957657406 -3.47396949088 -3.25754983207 -3.15283640392 -2.02452124732 -2.48542913234 -8.41899298296 -3.53743307739 -1.57618779799 -1.33813680537 -1.95693017237 -1.64587906871 -1.51889498924 -1.49560526720 -1.29277562831 -1.63743221963 -2.08413521741 -1.30037161442 -1.01014220792 -2.18939254724 -2.93916911730 -2.07840772924 -1.45877538934 -2.23420655448 -2.68342261797 -1.38427091989 -1.46571867611 -2.21392252572 -2.07294362577 -2.91722740782 -1.99598122354 -2.15200056185 -2.69163192844 -2.33532868220 -2.31024968770 -2.37076093623 -2.16156053512 -1.98063169726 -2.03956376848 -1.84489621636 -1.68999977051 -1.75715912956 -2.54871075200 -1.15689384624 -1.76639788309 -1.60952197543 -1.47788297901 -3.10198756414
