# Number of parameters = 201 Objective function value = -3536.60455556717  Maximum gradient component = 0.00283688924374713
# theta[1]:
0.0604877164989
# theta[2]:
9.60418134187
# theta[3]:
9.26979134351
# theta[4]:
9.59235409665
# theta[5]:
0.566900983437
# theta[6]:
4.00000000000
# log_rinit_devs:
 -0.116726232711 -0.0698120764096 0.0861153834159 0.0418950896718 0.0585278360328
# log_rbar_devs:
 0.594032656341 0.438118439053 0.240555471526 0.324484869110 0.210162102989 0.621730629047 0.281594605534 0.260681623541 0.299501984395 0.431945189434 0.385181085175 0.350399329886 0.437961581645 0.533210632567 0.800421594244 0.754488294791 0.949475837632 0.733386161797 0.953304986086 0.676602261331 0.638346749628 0.684067299026 0.567584766926 0.281455568438 0.352003719722 0.359527606048 0.210489668907 0.604759664179 0.101106834117 -0.0964196934026 -0.248461054060 -0.0119009199532 0.0866768270114 -0.342948990613 -0.499056093918 -0.617426505694 -0.865499697466 -0.944034916592 -1.04591538794 -1.22066115148 -1.27092997163 -1.41070659529 -1.44689007087 -1.49488097433 -1.39235240239 -1.93209875471 -2.05079311785 -2.27189558720 -1.79971426524 -0.334897649417 1.29104463328 -0.0741355543778 -1.44190998508 -0.447859386938 1.13728326390 0.413929682711 -0.623675157559 0.210197257352 1.90129765926 0.147350254680 -1.54905133678 -0.581205311734 1.94839433506 -0.434674100728 -1.18897126556 -0.935318291774 0.479851954634 0.395005601614 1.41628532256 1.44259484190 0.0290640329823 0.791944062058 1.10874817823 0.611335857545 1.89949171609 -0.289721209691 0.286700508768 0.293852314807 0.562120430840 0.802077544566 0.388200089867 0.340060938600 -0.645669986319 -1.11801693667 -0.156313963803 -2.17959664710 1.06203822383 -1.24814962743 0.513890739650 0.275448012027 0.300287064663
# mat_params[1]:
 8.36263681337 11.1878518635
# mat_params[2]:
 6.80102496286 9.16324509183
# log_m_devs:
 -0.0596300411851 0.0596300411851
# log_slx_pars[1]:
 1.71191886641 -0.213615700965
# log_slx_pars[2]:
 1.86498362829 -0.340058561478
# log_ft_pars:
 -1.75709614641 -1.85367595637 -2.31112270084 -2.20024351254 -1.93182993756 -1.86481534535 -2.01132426083 -2.48513031583 -2.15785678661 -2.96919962758 -3.10256776690 -2.79249383118 -5.49621107903 -1.64334813247 -4.40758729528 -3.52869441649 -3.27338373346 -2.79971165232 -2.67286343472 -3.57681240605 -3.64904392783 -3.66453985648 -3.83763683791 -3.23487572545 -3.50352377713 -4.08426309869 -3.44712758890 -2.77308982912 -2.73011382541 -2.19102085477 -1.75452403516 -1.85861060624 -2.30104364236 -2.72312503799 -2.71235863404 -2.08803916372 -2.74489274712 -3.15295550248 -5.81407970616 -5.71431814852 -4.80209083293 -4.23980705472 -4.44483268491 -4.57737322925 -4.32363982773 -4.18453145957 -3.11755169703 -3.62770639885 -10.3264896709 -5.74126119972 -4.29704813357 -3.89208614823 -4.29039787622 -3.85248660370 -3.94206747493 -3.91848750786 -3.64592406484 -3.91598232550 -4.55440759392 -3.72572504607 -3.32901705916 -4.33835450059 -5.22272902455 -4.28202473558 -3.51060378474 -4.10399867119 -4.51083429205 -3.29804198974 -3.64940860925 -4.40801438011 -4.10508264443 -4.80515310969 -3.84865532493 -3.96449183374 -4.63604604828 -4.15084519697 -3.98278379182 -3.88692245870 -3.55415011307 -2.42526964807 -2.33373224126 -2.09978177747 -1.95225098891 -2.03868649498 -2.82157542008 -1.37261791922 -1.96029159997 -1.76762895989 -1.67030282877 -3.36426296598
