# Number of parameters = 208 Objective function value = -3714.08947695942  Maximum gradient component = 0.000160462101634556
# theta[1]:
-0.265910814291
# theta[2]:
7.88673737763
# theta[3]:
7.13086509380
# theta[4]:
7.53599720847
# theta[5]:
0.840146820542
# theta[6]:
4.00000000000
# log_rinit_devs:
 0.0552549544398 0.0476798921825 0.0915391865162 -0.0249094102480 -0.169564622891
# log_rbar_devs:
 1.13657962920 0.958680141474 0.768979206020 0.803405545109 0.650557053529 0.938873596910 0.574182303135 0.506315684705 0.493486953895 0.585246136408 0.529773974902 0.490498392414 0.565821068392 0.626960514297 0.804945381801 0.707395647852 0.750170157510 0.565437101761 0.740913979030 0.517491217035 0.515094177251 0.585321623063 0.514179921886 0.300808225229 0.390254124913 0.437871321695 0.348888599583 0.712742989291 0.281538468756 0.0646273584405 -0.175680777757 -0.0957679226579 -0.0810360362512 -0.495952566356 -0.696920316861 -0.896279411691 -1.18082028019 -1.24126848476 -1.28091854532 -1.36352266234 -1.35119510215 -1.43142836465 -1.43191510042 -1.45881159158 -1.36123634968 -1.86598652524 -2.00804652339 -2.21415805603 -1.67582103512 -0.264831164258 1.22342190924 -0.0497308376994 -1.49939848568 -0.479720909413 1.13607535320 0.397621636721 -0.658835417985 0.195464795036 1.92706415017 0.0788681459901 -1.69173867254 -0.585098346301 2.08651821631 -0.424952536968 -1.16159642551 -0.882442009733 0.595405264995 0.462618554592 1.51073374328 1.54309133494 0.0811957371975 0.869154459428 1.22122635358 0.696747844902 2.10850981421 -0.155320718931 0.457245665625 0.350928695296 0.405296836960 0.328592742501 -0.0829756141088 -0.150460716296 -1.02515091115 -1.44344599976 -0.467369806305 -2.42171580953 0.762341065584 -1.49308128904 0.399540783359 0.307431117968 0.232496607069
# mat_params[1]:
 7.57034397739 10.3514901493
# mat_params[2]:
 7.72135234692 10.9165099363
# mat_params[3]:
 6.40368400455 9.32213200788
# mat_params[4]:
 4.95068657479 7.37414110210
# log_m_devs:
 0.0714802156762 0.169605726495 -0.241085942171
# log_slx_pars[1]:
 1.37188056222 -0.350650241778
# log_slx_pars[2]:
 1.76034592227 -0.197900287509
# log_slx_pars[3]:
 1.56963361550 -0.371334104315
# log_ft_pars:
 -1.36563783979 -1.45337816611 -1.86497334120 -1.71109680561 -1.39911958317 -1.29671845178 -1.38527201804 -1.77911196537 -1.38463785594 -2.18557040511 -2.33303507859 -1.38350474471 -4.66631367583 -1.31472573158 -3.58740157153 -2.69712410981 -2.36204309904 -1.89410054462 -1.75287989077 -2.67097418536 -2.77483738161 -2.83055325889 -3.05698659200 -2.48576244710 -2.78395177825 -3.42810942745 -2.85029822978 -2.20445117495 -2.18224001485 -1.59758004921 -1.06110087462 -1.07387589846 -1.46161651015 -1.84582950119 -1.77319437291 -1.04311326370 -1.62459896774 -2.04040233267 -4.77528493434 -4.77287588931 -3.94464117784 -3.45583343628 -3.73848241491 -3.91944495834 -3.69021601768 -3.57759781642 -2.48506867176 -2.98470220237 -8.78516093674 -3.87361309208 -1.99963649769 -1.70841267531 -2.29091399661 -2.00012070617 -1.92611389691 -1.86691140469 -1.65184282423 -2.00631373979 -2.49095714365 -1.67222574924 -1.38688880684 -2.56880456604 -3.31809249358 -2.37157272833 -1.71265471797 -2.49017763792 -2.90369993478 -1.54922906933 -1.64869728072 -2.38855164247 -2.20017734920 -3.01877414058 -2.08681450430 -2.19983557022 -2.76352884618 -2.36880155929 -2.30600316067 -2.31206923874 -1.94612034373 -1.99909980602 -2.11467234371 -1.93225593874 -1.77868323176 -1.85104410084 -2.65595134370 -1.28268368937 -1.88512780714 -1.81246901145 -1.74784270728 -3.42529504612
