# Number of parameters = 203 Objective function value = -3570.17200217131  Maximum gradient component = 6.52171603553349e-005
# theta[1]:
-0.101065872809
# theta[2]:
9.19351463115
# theta[3]:
8.12157904212
# theta[4]:
8.40604958383
# theta[5]:
0.799222070566
# theta[6]:
4.00000000000
# log_rinit_devs:
 -0.173924508293 -0.0905198102292 0.0753311410426 0.0821014879157 0.107011689564
# log_rbar_devs:
 1.16546277880 0.986324999247 0.769260844366 0.743666396403 0.573481122974 0.838684644716 0.466924119856 0.370447222635 0.328480218407 0.393874273149 0.338778037571 0.321997267728 0.408358899437 0.481094630757 0.662614297524 0.552655241234 0.622116575785 0.444920117246 0.634285058655 0.429208676588 0.422999152464 0.481860858170 0.404772062094 0.193198569402 0.273114962965 0.297950975810 0.182694470108 0.498063009798 0.0476940204089 -0.182265736446 -0.384902533699 -0.256489361756 -0.215118362286 -0.608893726961 -0.788655620051 -0.926764777158 -1.13759822431 -1.17921658386 -1.23054408052 -1.33793992951 -1.34916322928 -1.43217839418 -1.43175411151 -1.44647981790 -1.33498240388 -1.75472555077 -1.81075823847 -1.94759421098 -1.39174402128 0.0399419740558 1.64097460645 0.301859833961 -1.12742517816 -0.118335404411 1.50012846381 0.751277996573 -0.306818226058 0.542103014266 2.27995571744 0.450209718755 -1.32792955738 -0.281432135346 2.34114266231 -0.156736657023 -0.912233209959 -0.655857467422 0.801747787654 0.695969723722 1.74897698217 1.77721787806 0.309652769493 1.07920205161 1.40750199282 0.858558206941 2.29713422931 -0.0763507051679 0.432763315544 0.217944717766 0.158343616242 -0.0253828884174 -0.422911695664 -0.495516837650 -1.37933499415 -1.78554408758 -0.767573313699 -2.65519353354 0.639015302609 -1.78638759913 -0.0378258471066 -0.307839309201 0.167791496020
# mat_params[1]:
 7.71767709566 10.6571287606
# mat_params[2]:
 5.53091304018 8.13079171033
# mat_params[3]:
 5.66260620687 8.22182757042
# log_m_devs:
 0.0379450427536 0.179319326674 -0.228388534160 0.0111241647319
# log_slx_pars[1]:
 1.62183358852 -0.251162493027
# log_ft_pars:
 -1.73353874540 -1.77878301091 -2.18477441620 -2.01496578397 -1.68477083533 -1.52812204137 -1.58948561770 -1.97903586681 -1.56942783566 -2.30239972431 -2.38938345504 -6.10720685485 -4.76257291645 -5.81412480486 -3.68520782137 -2.74505708708 -2.40297093762 -1.95746731918 -1.83368354744 -2.75979808018 -2.87291090845 -2.92237245109 -3.13514015934 -2.57384524249 -2.87645504528 -3.49486954732 -2.89442129145 -2.20724343635 -2.16936868398 -1.61929369008 -1.13484348875 -1.16474711428 -1.54379728427 -1.94756502661 -1.92461214194 -1.25837405509 -1.90120915867 -2.33911219290 -5.05842065319 -5.02449689339 -4.16878141768 -3.65887152673 -3.91161448568 -4.08958815244 -3.87522219028 -3.78462404510 -2.75915429649 -3.33192947185 -10.1062388177 -5.45687889411 -3.97599078526 -3.58039909091 -3.93080231949 -3.41680005142 -3.54487143507 -3.56255023672 -3.27340445876 -3.49359370509 -4.18655556531 -3.38928493999 -2.95229470454 -3.87843568616 -4.84067422077 -3.96503147727 -3.16087838559 -3.65539558654 -4.05048144969 -2.88356799280 -3.26860501291 -4.04017954600 -3.72415396359 -4.37798847577 -3.40515781255 -3.52178792453 -4.25129026941 -3.78662807394 -3.58156871832 -3.37708868480 -2.88890818379 -2.39702351465 -2.46077000701 -2.23881516072 -2.06127905503 -2.11944266048 -2.91948626870 -1.54860153152 -2.34926571323 -2.11438708047 -1.89468489980 -3.41063242313
