# Number of parameters = 93 Objective function value = -234.685049914552  Maximum gradient component = 3.87429526375656e-005
# theta[1]:
-0.596178971868
# theta[2]:
3.07740171218
# theta[3]:
5.65459594603
# theta[4]:
6.02647905107
# theta[5]:
0.833382219662
# theta[6]:
4.00000000000
# log_rinit_devs:
 3.16975986452 1.90184845772 0.0519667529790 -2.38068905910 -2.74288601612
# log_rbar_devs:
 -0.724875335452 -1.92877382860 -0.947075031358 0.542644223889 -0.222285248310 -1.44461328480 -0.452341893234 1.30634363732 -0.625767734614 -2.09662225697 -1.30043248399 1.44225969904 -0.864261487434 -1.70090091666 -1.25893781323 0.167097210050 -0.00154818416595 0.806899683533 0.882306105362 -0.481025007404 0.445767275357 0.695386077827 0.353024289999 1.60670289942 -0.253924048989 0.340218724165 0.580949799621 0.947127055148 1.15871565345 0.917187470252 0.912323685172 -0.100057449040 -0.508922515779 0.425176598529 -1.50465032867 1.50183952527 -0.825240638871 0.875435134328 0.950270477642 0.384580262177
# mat_params[1]:
 3.67000000000 4.48000000000
# log_m_devs:
 -0.0721382549008 0.0721382549008
# log_slx_pars[1]:
 1.53411479719 -0.243138227182
# log_ft_pars:
 -1.09863103778 -1.67360669506 -1.31179478689 -1.19687286710 -1.22641105493 -0.985480048985 -1.23273091142 -1.69930982809 -0.980321049876 -0.635328457850 -1.67888090942 -2.48338135855 -1.73845370475 -1.09218606797 -1.78921615850 -2.28100504215 -1.05112993376 -1.05011621649 -1.72990108952 -1.56021302529 -2.38488523329 -1.47689605044 -1.67500191561 -2.25395796458 -1.95304643918 -1.93919633197 -2.00071425174 -1.83734099899 -1.68792389301 -1.77263692155 -1.59310219208 -1.46447620650 -1.55570253552 -2.38262959672 -1.01608686435 -1.58758281787 -1.34431852962 -1.07407878690 -2.66849927392
