# Number of parameters = 203 Objective function value = -3511.38146523182  Maximum gradient component = 0.000186843539147616
# theta[1]:
-0.128303880189
# theta[2]:
8.64518302877
# theta[3]:
8.13895328869
# theta[4]:
8.53785614438
# theta[5]:
0.393774779983
# theta[6]:
4.00000000000
# log_rinit_devs:
 -0.0813806103938 -0.0443332070992 0.0857659318461 0.0458352386966 -0.00588735304972
# log_rbar_devs:
 0.771545637778 0.614325913446 0.427169063734 0.481843196051 0.353773959817 0.692643832260 0.364057959605 0.334990185735 0.356050950733 0.479851878698 0.451022713535 0.450013843736 0.563680180366 0.684256877545 0.952714893575 0.940206820457 1.13978556051 0.927311165637 1.10843875240 0.850769765485 0.816879488817 0.858613938810 0.753259711649 0.499183403017 0.566390263669 0.576357715396 0.437573296509 0.789198641210 0.299871162782 0.0697931246162 -0.136855107602 0.00537663776610 0.0401371917138 -0.402374318338 -0.610891701364 -0.785480913155 -1.05561198290 -1.15051176006 -1.25865348026 -1.42524606835 -1.48850024792 -1.62547981652 -1.67004197922 -1.72645617894 -1.64487589548 -2.16734397603 -2.30947245473 -2.53635461713 -2.05702924184 -0.583988232744 1.00202701567 -0.348283582197 -1.74219682682 -0.727486491131 0.865893453713 0.148195423802 -0.887226444063 -0.0364573547825 1.62892310723 -0.120836691923 -1.81517648806 -0.809370837499 1.73568925930 -0.658509780040 -1.39358974029 -1.11784668933 0.321010807926 0.220622972434 1.25593752545 1.28112271711 -0.138281034411 0.631689176700 0.977066500497 0.488501225079 1.75723914162 -0.348278371746 0.289069109963 0.338044903741 0.592858891087 0.731053564922 0.378988447211 0.385784954219 -0.325509223100 -0.632840619225 0.389362668469 -1.45317903241 1.76488419866 -0.630073226493 1.00345934357 0.580231102774 0.395567167898
# mat_params[1]:
 7.21863443775 10.1315813517
# mat_params[2]:
 8.12459318115 11.9179917273
# log_m_devs:
 -0.0645085070448 0.110389608445 -0.0995161934658 0.0536350920653
# log_slx_pars[1]:
 1.60228907924 -0.246109122584
# log_slx_pars[2]:
 1.74778582938 -0.308278073981
# log_ft_pars:
 -1.53785085842 -1.61444411438 -2.06330472911 -1.94211557156 -1.66101336467 -1.55751785998 -1.67967731758 -2.13698481963 -1.79182948416 -2.59651357380 -2.74017298277 -2.37418548623 -5.16067064878 -2.17945151050 -4.13785107341 -3.27767265788 -3.03363363744 -2.54529676264 -2.39448830508 -3.28714467864 -3.35843211181 -3.37163794385 -3.55126250492 -2.96052584212 -3.23270097551 -3.82265065636 -3.20118985725 -2.51823016603 -2.47281988995 -1.92001478722 -1.44314996114 -1.48284594262 -1.86022393288 -2.24244204708 -2.18900212217 -1.50402634792 -2.10491544260 -2.48837033754 -5.14406510705 -5.05118834317 -4.13822978792 -3.57179506713 -3.77042813632 -3.89700157012 -3.63464539961 -3.49365248368 -2.40502830483 -2.89550734481 -9.59259549422 -4.99491244301 -3.50788583827 -3.15937202812 -3.55598230331 -3.06851675581 -3.14600593601 -3.17700646511 -2.91367229472 -3.15442238821 -3.77547761118 -2.99953732479 -2.59229347694 -3.56346234687 -4.46858210650 -3.61659760749 -2.84669535574 -3.38943543077 -3.81086421612 -2.64879371148 -2.99727251081 -3.77012947905 -3.48890305284 -4.17171399863 -3.21046699580 -3.35607197580 -4.01359478114 -3.56764508931 -3.40865807147 -3.31782485751 -3.04437599456 -2.83525556634 -2.99990394677 -2.84496314149 -2.72500669601 -2.84514741688 -3.72169689968 -2.45684529774 -2.77446189599 -2.58812878140 -2.44079027597 -4.01656887363
