# Number of parameters = 200 Objective function value = -3521.57201171416  Maximum gradient component = 0.000378484516453318
# theta[1]:
-0.164875186401
# theta[2]:
8.88601688991
# theta[3]:
7.75267488640
# theta[4]:
8.14040323455
# theta[5]:
0.399589300451
# theta[6]:
4.00000000000
# log_rinit_devs:
 -0.164692348815 -0.0906412196364 0.0671358890483 0.0894290596446 0.0987686197582
# log_rbar_devs:
 1.23262547212 1.05673781397 0.849209635154 0.824508664771 0.658582374131 0.906789570186 0.542651413081 0.446131262393 0.395622703465 0.454478171817 0.397536892999 0.381793590458 0.467387923739 0.540038325750 0.715766739424 0.610654284999 0.673492876672 0.494983244824 0.665115077717 0.461201775450 0.450403945438 0.501453460027 0.420817849237 0.213039571760 0.282750265430 0.300932794400 0.182127959626 0.473964989478 0.0286524695407 -0.220142324542 -0.459463388486 -0.388114618852 -0.387501656823 -0.802731104077 -1.03095853121 -1.22558818642 -1.47195328691 -1.53006090771 -1.58470753983 -1.68604783759 -1.70033778081 -1.77985840984 -1.77940393692 -1.79367956206 -1.68575152576 -2.10131566239 -2.17092116821 -2.31259863288 -1.75184444779 -0.315716931273 1.26927130908 -0.0589383010887 -1.49220049614 -0.471827828608 1.14336305592 0.405432992317 -0.645280621747 0.214423247802 1.92405614887 0.118436944593 -1.64181934318 -0.577122770159 2.03056347016 -0.438043219574 -1.17789676915 -0.903829112006 0.562089996795 0.447733910588 1.50059102399 1.52698498705 0.0689306801897 0.841241446232 1.18821174830 0.666112358751 1.97257111187 -0.221415399054 0.411609539316 0.432231923880 0.656498253817 0.755707187794 0.424594042714 0.470666511396 -0.192991162917 -0.478052672901 0.515682252622 -1.41192126258 1.68012638019 -0.739091749944 0.906352884268 0.478821424326 0.387372198565
# mat_params[1]:
 7.07844345779 10.0599251522
# mat_params[2]:
 9.25854660144 14.6113444700
# log_m_devs:
 0.00512696216261 0.153661163989 -0.158788126152
# log_slx_pars[1]:
 1.55661489476 -0.281296737384
# log_ft_pars:
 -1.79564914750 -1.84003022431 -2.24598194259 -2.07639261740 -1.75062336271 -1.59176127909 -1.65264281292 -2.03908886897 -1.62595847916 -2.35716240417 -2.44416105569 -6.24849804096 -4.81859485754 -6.06794623791 -3.74111424038 -2.79994116263 -2.45248404091 -2.00237098808 -1.86790049126 -2.78974365262 -2.89955069332 -2.94442032629 -3.15507202950 -2.59134273178 -2.88831374174 -3.50369094774 -2.90048389642 -2.19778813851 -2.15029104312 -1.58180962579 -1.06474782911 -1.05306451690 -1.38908111466 -1.76208837430 -1.70520442070 -0.979099213334 -1.56472443461 -1.97368115290 -4.69035830877 -4.66460840792 -3.81165066471 -3.30115519042 -3.55333177990 -3.73206936522 -3.51874887255 -3.42978719238 -2.39192209772 -2.95551989498 -9.73042817930 -5.07586132519 -3.57225073085 -3.21346826086 -3.56317682337 -3.03053899462 -3.15320436720 -3.20405149474 -2.91751826190 -3.12647798737 -3.80488829856 -3.04256927394 -2.59602319802 -3.51061381259 -4.48639049398 -3.66572202974 -2.85800617622 -3.33631492119 -3.76016111087 -2.62818598474 -3.00104841532 -3.78010826918 -3.47918479956 -4.12595952049 -3.15785986818 -3.29892053297 -3.97083396342 -3.51983777659 -3.32435057993 -3.18664082561 -2.88721573215 -2.65128345278 -2.85974324383 -2.73462604729 -2.64531326437 -2.79702462715 -3.70045066463 -2.46874536475 -3.35356917432 -3.29413434939 -3.14043218996 -4.64948237296
