# Number of parameters = 205 Objective function value = -3636.45699730245  Maximum gradient component = 0.000113854215077348
# theta[1]:
-0.356789738638
# theta[2]:
7.59488321177
# theta[3]:
6.47733067191
# theta[4]:
6.96446790538
# theta[5]:
0.607932770041
# theta[6]:
4.00000000000
# log_rinit_devs:
 0.00367727289059 -0.0146587132330 0.0763421206556 0.0369071531590 -0.102267833472
# log_rbar_devs:
 1.49561858650 1.29136393350 1.05462102508 1.08673783245 0.951942375740 1.23899036214 0.837181668959 0.721859687482 0.675073239094 0.666566520494 0.574280035847 0.508254432707 0.626311894462 0.749880228229 1.01722936686 0.949209908067 1.02558269522 0.797718393520 0.970789818134 0.748575231620 0.764403974550 0.855433371534 0.799660691164 0.602296308501 0.727312594987 0.806003909879 0.728928803250 1.12681768306 0.672224624936 0.418347861706 0.131170747319 0.187473806181 0.182325624046 -0.295345788118 -0.602929180058 -0.923437232108 -1.29020064801 -1.37535620521 -1.40655296420 -1.47835381729 -1.46120350665 -1.53719113695 -1.52847991853 -1.54435166801 -1.43594472647 -2.01309841503 -2.28958496499 -2.65659305252 -2.29090050287 -0.809884597888 0.609464619115 -0.620984850420 -2.04399547417 -1.02955053139 0.540188230625 -0.184041241801 -1.22750166345 -0.341887812106 1.31858232653 -0.488310670648 -2.23439905341 -1.12690319100 1.48104238505 -0.924288912823 -1.63891099843 -1.31765450445 0.161193300086 0.0181127795169 1.05128290032 1.08114059088 -0.334812006347 0.447328701321 0.824125165589 0.352133321889 1.64766807145 -0.375160504400 0.353349823589 0.505581331696 0.881939981346 1.17545246249 0.746644621386 0.682327167765 -0.239021127146 -0.704751994711 0.227115193272 -1.87001241337 1.27724246868 -1.19252045990 0.587291827475 0.400079339668 0.474641887926
# mat_params[1]:
 6.88732357919 9.96602989468
# mat_params[2]:
 7.16873031018 10.3992366718
# mat_params[3]:
 5.03741081004 7.61200214148
# mat_params[4]:
 4.63524748450 6.92013407778
# log_m_devs:
 0.0404176698197 -0.0404176698197
# log_slx_pars[1]:
 0.633797873147 -3.61942325064
# log_slx_pars[2]:
 1.46044771110 -0.403050391184
# log_ft_pars:
 -1.98658792556 -2.02181260561 -2.35623466316 -2.19605445142 -1.87041883354 -1.85266284565 -1.84211329009 -2.18027727054 -1.76314849176 -2.53650774862 -2.61796091062 -6.55120595848 -5.01686980290 -6.67428274519 -4.10291688727 -3.15826690229 -1.88972249595 -1.43315593160 -1.26930040967 -2.17592202073 -2.30476812111 -2.37211783725 -2.61829585316 -2.08180208947 -2.39994805043 -3.05918566751 -2.51062939443 -1.85950048773 -1.86766634266 -1.32788616313 -0.789273467450 -0.723206128974 -1.02069516986 -1.38504269222 -1.30758984651 -0.485627779503 -0.906169118527 -1.22773796199 -3.94494346666 -3.97030797423 -3.15593677464 -2.67021177962 -2.94130929831 -3.13417538595 -2.93039758302 -2.83813084577 -1.71096731137 -2.14806822654 -8.76872556720 -3.96694814473 -2.15570598891 -1.95243409698 -2.42598402011 -1.94068750653 -1.89558299626 -2.00650498341 -1.77315916295 -1.99360378807 -2.51637146825 -1.85192375588 -1.45984611397 -2.44252275164 -3.26213155403 -2.57268826553 -1.85347403426 -2.41878643636 -2.85519479243 -1.70153744017 -1.90867811576 -2.69739477731 -2.51670207079 -3.23631287766 -2.27729132576 -2.46769432051 -3.04938984413 -2.72123997745 -2.62465069070 -2.59484337222 -2.42190625531 -2.31610500335 -2.41848574056 -2.18754203766 -1.98756441568 -1.99536950253 -2.73761156690 -1.36222421484 -2.02526849871 -1.93277920549 -1.68974210101 -3.22066734607
