# Number of parameters = 206 Objective function value = -3499.03035338416  Maximum gradient component = 6.22831088346952e-005
# theta[1]:
-0.594603882947
# theta[2]:
6.55533745272
# theta[3]:
5.70737328032
# theta[4]:
6.26704015060
# theta[5]:
0.612778631035
# theta[6]:
4.00000000000
# log_rinit_devs:
 0.273982136328 0.145567133250 0.114913499902 -0.00924953905628 -0.525213230423
# log_rbar_devs:
 1.53638183200 1.34190933868 1.12439341312 1.15299090038 1.04702678086 1.22233507817 0.835669616001 0.655070055588 0.569238256219 0.411697356909 0.305873703236 0.226580429039 0.391862877847 0.551754574299 0.795819487302 0.786172424873 0.866825094008 0.753361551209 0.835260299465 0.544714872317 0.542457415838 0.603786241136 0.566875224297 0.445056677008 0.501176512078 0.552228799630 0.546336064732 0.893209953399 0.591763219460 0.507482976615 0.349041013114 0.269050752969 0.103709901511 -0.324515689001 -0.493263303457 -0.667686324286 -1.27217763651 -1.59043197438 -1.85501059893 -1.87148188335 -1.81334950374 -1.83757388272 -1.83413986135 -1.84190901633 -1.70670626079 -2.09215386770 -2.28000403799 -2.74557572788 -2.43603161346 -0.867959765430 0.626105746003 -0.540500055165 -1.95777255984 -0.942242692709 0.597591936887 -0.0982123783709 -1.09649347079 -0.260939426357 1.36306227606 -0.336299744250 -2.11278093763 -1.09192849447 1.44053175934 -0.865977822930 -1.52872954876 -1.29416386872 0.172845684951 0.0767453936555 1.07775290641 1.09234360058 -0.297098881415 0.436536162324 0.853461505687 0.366110388941 1.61628219889 -0.381251548312 0.343325849892 0.536088045912 0.986287903631 1.34813431155 0.912141413240 0.849461731046 0.00980838898664 -0.369811211577 0.635846887185 -1.32294411510 1.90258454958 -0.522907773569 1.25916335633 1.07236462100 0.548336165889
# mat_params[1]:
 6.27168077849 9.52126705058
# mat_params[2]:
 6.08399155636 9.66445817063
# mat_params[3]:
 3.90323444392 5.74858233347
# mat_params[4]:
 4.52155779827 6.64852290788
# log_m_devs:
 -0.0592286068992 -0.0565969642602 0.115825571159
# log_slx_pars[1]:
 0.252569649743 -4.57861055631
# log_slx_pars[2]:
 1.47051667624 -0.508891862694
# log_ft_pars:
 -1.34908611383 -1.36783919379 -1.72680109753 -1.58330539790 -1.26319867914 -1.15247941377 -1.10146140424 -1.40263904071 -0.915983507882 -1.59633803648 -1.65850935144 -3.47943615794 -4.15989325767 -4.15429022090 -3.30661725865 -2.39030885037 -2.05272320820 -1.56310871381 -1.39909606606 -2.25854017206 -2.37248131759 -2.45968320999 -2.70392529112 -2.14300286533 -2.48155482729 -3.17495369087 -2.63244260540 -2.04770160893 -1.98179157775 -1.40263515359 -0.872706623708 -0.855871355748 -1.15700213275 -1.42442124497 -1.31482381063 -0.501568638772 -0.864327435976 -1.10942267189 -3.79505687851 -3.85058534246 -3.07917622278 -2.62210004581 -2.94009048651 -3.15455240574 -2.96958690874 -2.82741825200 -1.73023180024 -2.15128367481 -8.90609281609 -4.58814480181 -3.13834959531 -2.34757389647 -2.35427370337 -1.95544815726 -2.58688373795 -2.42424882209 -1.84667134535 -2.19595467638 -3.30479363331 -2.18083718028 -1.33312184524 -2.32035567711 -3.99240235522 -2.81884248286 -1.70534636146 -2.21546352827 -3.18287788897 -2.07937297762 -2.55188520135 -3.22960250083 -2.67537547758 -3.35515372107 -2.58504925861 -2.68240026193 -3.57800714074 -2.87393622242 -2.66877066600 -2.74731519699 -2.74778222076 -1.85903195180 -1.99288649592 -1.82238741442 -1.67111306563 -1.74289627114 -2.55238976817 -1.24439454993 -1.89195309093 -1.82302943210 -1.61656351081 -3.15415461153
