# Number of parameters = 206 Objective function value = -3671.99055629327  Maximum gradient component = 0.000279893996352959
# theta[1]:
0.0564437071453
# theta[2]:
9.81278491705
# theta[3]:
8.91557295421
# theta[4]:
9.27934995349
# theta[5]:
1.17903339044
# theta[6]:
4.00000000000
# log_rinit_devs:
 -0.175231080391 -0.115547032016 0.0658812500663 0.0355829096125 0.189313952728
# log_rbar_devs:
 1.11263275177 0.927916503367 0.692493071772 0.722735562841 0.562676202436 0.952844184826 0.568194629053 0.508035169511 0.539754887163 0.657155175072 0.598807803848 0.556596584112 0.641509075313 0.702037471437 0.900911003458 0.726745328531 0.750319962622 0.564801402210 0.826250420318 0.584066862640 0.579051600777 0.658582250553 0.574402066396 0.314669721571 0.419567540164 0.460688511850 0.338952791219 0.754904448203 0.250807270519 0.0511957940725 -0.0911595703534 0.182695610682 0.316315292546 -0.0928409506967 -0.216220737875 -0.292750119360 -0.495365194833 -0.515698696846 -0.561485957835 -0.693484338474 -0.694495937862 -0.805900499317 -0.810084877774 -0.808579661978 -0.682763612698 -1.28282974071 -1.51607813135 -1.91315528082 -1.71450509264 -0.320049837925 1.24972100428 -0.000969832632383 -1.39905070751 -0.406601761373 1.16463763681 0.443747159271 -0.605887157544 0.230752030265 1.95760998086 0.144231391141 -1.63369331232 -0.599731346405 1.98533078989 -0.462031865428 -1.23430019602 -0.994807876735 0.432090217344 0.338358872719 1.34339495108 1.36510756998 -0.0710838878765 0.688675757322 0.997741540758 0.434925681230 1.79695960501 -0.589263953008 -0.115787807327 -0.279280346946 -0.219516705492 -0.228815254626 -0.585382977318 -0.629309757840 -1.57327829595 -1.98183637002 -0.964681421992 -2.88866686922 0.406287062487 -2.05505114433 -0.320630237241 -0.662462830737 0.0316819539361
# mat_params[1]:
 8.12562582736 10.2935460003
# mat_params[2]:
 8.47774991602 10.9319310192
# mat_params[3]:
 8.70693827118 12.1180189444
# mat_params[4]:
 6.25356293647 8.96002085484
# log_m_devs:
 0.145116165493 0.111211552350 0.0134725480045 -0.243991744940 -0.0258085209076
# log_slx_pars[1]:
 1.76225814070 -0.202486059692
# log_ft_pars:
 -1.27024307667 -1.36485896097 -1.79096006849 -1.64333633608 -1.32435709943 -1.24058530367 -1.34426399766 -1.76870138034 -1.40251501365 -2.19740253636 -2.32167862763 -2.35915894093 -4.69904825336 -1.10261258025 -3.59024244731 -2.65992889929 -2.31323960609 -1.87633828283 -1.78108855557 -2.71273192901 -2.82200051298 -2.87698236521 -3.08672326249 -2.51020187566 -2.81229357581 -3.43079642940 -2.82386718991 -2.18245672542 -2.15685291597 -1.62459993187 -1.18581043704 -1.29663062313 -1.77214073136 -2.22090359135 -2.23960272660 -1.64287776485 -2.32954915707 -2.78460086762 -5.50121430189 -5.45349867250 -4.59381885691 -4.07875519528 -4.32977953025 -4.50322945791 -4.28499565714 -4.16549571369 -3.09426947249 -3.56687129911 -10.1370176165 -5.34206626940 -3.67412075004 -3.31378068311 -3.79309764220 -3.45094124885 -3.48458592298 -3.44027071221 -3.19681627030 -3.50868661612 -4.07829820466 -3.25041679903 -2.91571716882 -4.00530910135 -4.78493300411 -3.80553688854 -3.07697967399 -3.76668387113 -4.14620934884 -2.83102456376 -3.05276993635 -3.79282141474 -3.53081133740 -4.27743010063 -3.31859690034 -3.41439087908 -4.01597159583 -3.54767690813 -3.39686695282 -3.30299915519 -2.83812257721 -2.33817319951 -2.33368150754 -2.12066845904 -1.98162165412 -2.07895426448 -2.90310645396 -1.51316738023 -2.23129210178 -1.91538856386 -1.68231388386 -3.21027153912
