# Number of parameters = 204 Objective function value = -3491.19129770150  Maximum gradient component = 0.000115292511320013
# theta[1]:
-0.392793679383
# theta[2]:
7.16657331099
# theta[3]:
6.60357466203
# theta[4]:
7.04067534959
# theta[5]:
0.484799849173
# theta[6]:
4.00000000000
# log_rinit_devs:
 0.205360668030 0.153802625665 0.128591915788 -0.0548184456700 -0.432936763813
# log_rbar_devs:
 1.10760739620 0.933309894568 0.765792723480 0.806546243250 0.657192521773 0.925848631909 0.568283402815 0.514872445135 0.514147154486 0.636136104237 0.598001847727 0.570315476879 0.678528852160 0.757452353655 0.933201902909 0.835439687671 0.869093200081 0.682823583656 0.843387732315 0.624622701004 0.623511200887 0.694376033384 0.627634501980 0.426635688066 0.518683280702 0.569832134119 0.473780961763 0.822583228714 0.381323246230 0.142701735973 -0.135864007411 -0.121664650103 -0.159433783952 -0.611317351859 -0.895252571383 -1.21823054759 -1.60681721187 -1.73564847148 -1.79982113530 -1.87928312456 -1.87979919899 -1.95138962493 -1.94213139448 -1.94753227173 -1.81050612891 -2.23894758102 -2.34399625867 -2.52906704964 -1.98238578669 -0.497006480684 1.04405474133 -0.270568598509 -1.67895724410 -0.659885636907 0.919776569451 0.200647463736 -0.838488250296 0.0300829801444 1.67733690545 -0.0889086253381 -1.81412124643 -0.762055722433 1.79900176306 -0.586520484712 -1.30993265870 -1.01138329098 0.450848081738 0.327143305266 1.36220114690 1.38303663179 -0.0294846837411 0.745148204044 1.12230936951 0.650040573691 1.94492852928 -0.0819313443334 0.635053743716 0.779681159424 1.15594840255 1.45791392108 1.02449068587 0.963479539136 0.0452062050823 -0.460050090811 0.348327366835 -1.79180582942 1.15645901484 -1.30670603037 0.297914702037 -0.0767585821441 0.428956076783
# mat_params[1]:
 7.04630731631 10.0195909716
# mat_params[2]:
 5.95958462662 9.09004750082
# mat_params[3]:
 4.46512222324 6.80713674411
# log_m_devs:
 -0.0625001164807 -0.0351863139430 0.0976864304237
# log_slx_pars[1]:
 1.36833955959 -0.443601801937
# log_slx_pars[2]:
 -0.583065997709 -8.75544473421
# log_ft_pars:
 -1.03673861182 -1.11172053083 -1.54843680751 -1.42069665036 -1.12271590394 -0.987301677635 -1.07348702050 -1.48848368966 -1.10773992989 -1.92356849820 -2.11336150375 -0.893252485598 -4.45303027087 -1.21999840873 -3.44438074114 -2.59365798838 -2.28262532070 -1.82178585705 -1.65823382299 -2.57092584019 -2.68402170670 -2.73938842831 -2.96983124057 -2.41969092028 -2.72329516148 -3.36460522052 -2.79235785918 -2.11368048983 -2.09140325257 -1.51947385185 -0.973173158493 -0.910720630574 -1.19790811724 -1.53906300835 -1.43887472387 -0.611556787463 -1.05369853335 -1.36949609611 -4.07065548268 -4.07771818365 -3.24578787625 -2.74541753518 -3.00600379981 -3.19595706285 -2.99802780420 -2.92136130019 -1.84976794159 -2.38436328034 -9.15716013575 -4.53630900276 -2.99395369531 -2.70578609264 -3.01689072425 -2.46238976824 -2.58807548081 -2.69999851909 -2.38126982625 -2.56494253596 -3.22576101742 -2.52918916050 -2.01121925866 -2.91358880597 -3.90960371421 -3.19519399891 -2.32201783826 -2.79045229380 -3.29943599785 -2.22668876139 -2.53552512521 -3.33045500762 -3.04997295283 -3.68266980223 -2.75077315297 -2.94683235789 -3.60298659152 -3.23412945120 -3.04281896655 -2.99514696917 -2.86099569534 -2.79973223582 -2.89537629048 -2.62313016940 -2.39121699080 -2.35531146993 -3.07196894947 -1.66501825143 -3.39900864934 -2.70463405263 -2.43649351169 -3.87022058582
