# Number of parameters = 211 Objective function value = -3737.30079888502  Maximum gradient component = 0.000276154456670092
# theta[1]:
-0.314405555547
# theta[2]:
6.94400211572
# theta[3]:
7.25449026034
# theta[4]:
7.63626005665
# theta[5]:
0.992058895088
# theta[6]:
4.00000000000
# log_rinit_devs:
 0.296477928974 0.178574298638 0.118044836314 -0.104370691830 -0.488726372096
# log_rbar_devs:
 0.402356626224 0.235333454359 0.0696977318801 0.188749569681 0.105555547479 0.467761146670 0.174268648247 0.201938384107 0.303258467575 0.491742842942 0.514211727445 0.475479370491 0.439946590376 0.541727468659 0.692487005126 0.801918344998 1.09844163277 0.893764802158 1.07929980940 0.848604263579 0.839082301769 0.904856942463 0.822874538820 0.593453600621 0.683552395905 0.725509887993 0.621597939763 0.994138502406 0.537919971130 0.307200337538 0.0704629748122 0.185383065460 0.223456771887 -0.199865536067 -0.406443858265 -0.593229678222 -0.858050740396 -0.912878234227 -0.961400491356 -1.06947292029 -1.07709470741 -1.18021170103 -1.19704203605 -1.23585503297 -1.15316067810 -1.71268600574 -1.91090903655 -2.18863429730 -1.76059907064 -0.343967251870 1.14071969386 -0.124182560491 -1.56652328780 -0.548339441033 1.06335293257 0.329281041207 -0.725015888200 0.128318124723 1.85646158601 0.0153294432053 -1.75085723235 -0.654374609123 2.00479881313 -0.495921426805 -1.23595085171 -0.959768867730 0.511564606717 0.381728677749 1.42393832813 1.45463687845 -0.00277677061672 0.781446129070 1.12858052983 0.599812525319 2.00654491634 -0.271713066912 0.325504970882 0.206709866643 0.250327916045 0.161477497282 -0.232198720633 -0.280837928220 -1.11251025115 -1.49204175130 -0.472833801681 -2.36297406544 0.901057041076 -1.54619457262 0.234387948596 -0.0235706985603 0.178074937287
# mat_params[1]:
 7.55126158271 10.4540028112
# mat_params[2]:
 7.72688578152 10.6963202644
# mat_params[3]:
 6.47346593788 9.42534772622
# mat_params[4]:
 5.02173851896 7.44997429311
# log_m_devs:
 -0.0719733862783 0.221992942002 -0.226065349401 0.0760457936770
# log_slx_pars[1]:
 1.19372778560 -0.116064653001
# log_slx_pars[2]:
 1.45735381479 -0.442619909875
# log_slx_pars[3]:
 1.76548811773 -0.192521909292
# log_slx_pars[4]:
 1.58721902043 -0.352683411475
# log_ft_pars:
 -1.08492065062 -1.17847138424 -1.60153181464 -1.51332524147 -1.26121860346 -1.27255303561 -1.41245323116 -1.89300005440 -1.62222379331 -2.56178595788 -2.80813011211 -0.589526871723 -5.05423225105 -0.465168690410 -3.92280278049 -3.17225193084 -2.49253154320 -2.02231873400 -1.87741257321 -2.79467105230 -2.89309237076 -2.93162930621 -3.14711973186 -2.57752115009 -2.86368938851 -3.48766170041 -2.90399669599 -2.24289213258 -2.23378968587 -1.67329603477 -1.15202151270 -1.16334437597 -1.54915111845 -1.95410262335 -1.89643189575 -1.17919083084 -1.77000651289 -2.17984589438 -4.89231345031 -4.86729229876 -4.01560239351 -3.50567384865 -3.76291138752 -3.92463620679 -3.67853967503 -3.56410167934 -2.45044377763 -2.90518051625 -8.76928704872 -3.88387419088 -2.02054147701 -1.72666756161 -2.30694488852 -2.02080731951 -1.95537616371 -1.89674401665 -1.68038826642 -2.03767721182 -2.52571225334 -1.70434295278 -1.41766411112 -2.60230813834 -3.35066077579 -2.39590937118 -1.73024815897 -2.51002676220 -2.92761255137 -1.57168014725 -1.66693741387 -2.40369399236 -2.21198266513 -3.03020942692 -2.09882420376 -2.21068071295 -2.76995649781 -2.36960769223 -2.30103627901 -2.30316323258 -1.92870896902 -1.93252256016 -2.05460596749 -1.88885913008 -1.75759881962 -1.85815766429 -2.69963389009 -1.36352535953 -2.03636354160 -1.80770229681 -1.58537547391 -3.10079896701
