# Number of parameters = 205 Objective function value = -3581.55320794112  Maximum gradient component = 7.29221810574753e-005
# theta[1]:
0.00683769925269
# theta[2]:
8.99658529072
# theta[3]:
8.77459731427
# theta[4]:
9.06652311392
# theta[5]:
0.859414723469
# theta[6]:
4.00000000000
# log_rinit_devs:
 -0.0786328942716 -0.0510215711693 0.0943627516067 -0.00722353412215 0.0425152479563
# log_rbar_devs:
 0.606940539002 0.440535792499 0.230143316817 0.322545396613 0.198635102293 0.677409050570 0.320583782457 0.325926764377 0.415647409712 0.594959824920 0.581623397010 0.600805448012 0.748446361491 0.851828999912 1.09011180016 0.920155589046 0.950369315192 0.738307935872 1.00446207425 0.707754407314 0.682075044807 0.752512542741 0.642237132259 0.343049502995 0.445434476873 0.477741321100 0.331479087224 0.804925372353 0.249964057324 0.0433282715932 -0.117423670571 0.160508521711 0.282216067189 -0.192961195219 -0.360601523058 -0.487744197942 -0.759691825399 -0.839146770494 -0.944993989098 -1.13051023111 -1.17987299520 -1.32842439682 -1.36257080364 -1.40935375043 -1.28113462067 -1.85518370510 -1.97516129130 -2.19806507657 -1.70787602102 -0.243039172192 1.35833684445 0.00601203584282 -1.35382566854 -0.364387166905 1.21225231458 0.486936866735 -0.565000302809 0.275808886639 1.97552947000 0.198106051785 -1.49690966997 -0.537564110144 2.00987785188 -0.388549984849 -1.15246474662 -0.893007415217 0.522202752277 0.434388317349 1.44901299477 1.47137916951 0.0474160413032 0.816150186674 1.12748940621 0.604402808374 1.94111439486 -0.337903756847 0.167461797619 0.0569466831406 0.152428107260 0.165151032392 -0.218861366451 -0.275847455207 -1.20376396368 -1.62186803416 -0.629285260163 -2.55014546473 0.691544184748 -1.68674064560 0.0320668760312 -0.257433661207 0.162635128837
# mat_params[1]:
 7.96341264977 10.2830752221
# mat_params[2]:
 8.22177862873 11.2140435211
# mat_params[3]:
 6.36248907984 9.02297314629
# log_m_devs:
 0.0507552859299 0.0609504113602 -0.139068177962 0.0273624806718
# log_slx_pars[1]:
 1.69548075521 -0.207683408400
# log_slx_pars[2]:
 1.79632593449 -0.257790690219
# log_ft_pars:
 -1.10833617469 -1.23355721392 -1.70149299304 -1.59362602968 -1.31374787450 -1.27815565140 -1.44278841400 -1.93207191118 -1.62261906016 -2.47989908253 -2.66579996208 -1.81784277793 -5.14099166976 -1.15009860774 -4.13814143524 -3.26057540921 -2.95081984840 -2.49740341777 -2.37668060508 -3.28460200142 -3.36782894683 -3.39412520631 -3.57883605561 -2.98708585299 -3.26404548121 -3.85634929635 -3.23459342796 -2.58785811785 -2.56436616704 -2.03995918570 -1.60208673926 -1.69583353815 -2.14159442148 -2.57170397985 -2.56615158346 -1.93575736274 -2.57637518483 -2.97374920085 -5.62646353020 -5.52106320293 -4.60282029052 -4.03392745572 -4.23000122555 -4.35927611195 -4.11060226815 -3.97385586673 -2.90413984321 -3.41090596364 -10.1031851327 -5.49500483261 -4.01341098241 -3.63300746822 -4.05191495097 -3.62350491486 -3.69107883262 -3.67331820550 -3.40972927796 -3.67815252260 -4.29170039324 -3.47457000156 -3.09280667442 -4.10838256004 -4.95836832390 -4.02574804145 -3.26559414889 -3.86756039764 -4.26270449537 -3.03499111113 -3.35407381624 -4.10898629642 -3.81906103881 -4.52465805053 -3.56191897722 -3.67575865719 -4.33528452313 -3.86329457031 -3.69312464840 -3.56614281106 -3.13898013551 -2.30885881983 -2.28974314702 -2.07723270459 -1.93990017594 -2.04210142086 -2.85871793923 -1.45316986064 -2.07952932725 -1.78213204288 -1.58065045338 -3.16617634056
