# Number of parameters = 202 Objective function value = -3602.78078991542  Maximum gradient component = 2.71982373808385e-005
# theta[1]:
-0.314528116269
# theta[2]:
7.64403278354
# theta[3]:
6.62286064608
# theta[4]:
7.07133173526
# theta[5]:
0.732518387564
# theta[6]:
4.00000000000
# log_rinit_devs:
 0.0712571306365 0.0767117044222 0.122393736430 -0.00615944229392 -0.264203129195
# log_rbar_devs:
 1.41521854180 1.23568280150 1.04248806257 1.05438540381 0.879072685368 1.14042178489 0.745725501148 0.649802700028 0.607664610720 0.689282694959 0.630350816789 0.596216279393 0.674097662303 0.758446990176 0.999862680361 0.981962957613 1.13150409970 0.923138973128 1.09281313402 0.869759598344 0.872982604983 0.950333166640 0.885539775250 0.680168922360 0.786478080280 0.849355514567 0.767446970071 1.14753537922 0.702372505456 0.461504446508 0.192120909130 0.254978120510 0.252069391475 -0.203537318304 -0.470368419278 -0.742032895281 -1.07598055380 -1.15609805808 -1.19922779853 -1.28375645128 -1.27773480965 -1.36625509357 -1.37283820611 -1.40064987551 -1.31462784343 -1.91166085730 -2.22432164534 -2.64244528988 -2.35646235804 -0.878152032636 0.558460786553 -0.664661535733 -2.08011028036 -1.06858690143 0.496925624211 -0.218496518192 -1.25491117335 -0.375799861217 1.27221635367 -0.514441092698 -2.25213232227 -1.16705062608 1.41060678423 -0.977907204329 -1.69544946832 -1.38625348144 0.0839585980624 -0.0529414604191 0.972850786994 0.998626576353 -0.412650430258 0.360195169488 0.732887831287 0.256801549685 1.54299341151 -0.471924681346 0.259144330107 0.411103176405 0.794122359059 1.09945953792 0.668451624467 0.608831131475 -0.320151574154 -0.795517506173 0.130409857214 -1.97335878105 1.16451409016 -1.31014449654 0.457439122141 0.252696227064 0.415160208245
# mat_params[1]:
 7.26959655980 10.3262986345
# mat_params[2]:
 5.14029954937 7.77470405172
# mat_params[3]:
 4.65162538161 6.94209616768
# log_m_devs:
 -0.0294266815191 0.0890628641804 -0.0596361826613
# log_slx_pars[1]:
 1.44072193235 -0.344903914758
# log_ft_pars:
 -1.19037736779 -1.25689749280 -1.68121048298 -1.53317294947 -1.21181822315 -1.05470899140 -1.11296441034 -1.49711803572 -1.07443736957 -1.83066590061 -1.96582742887 -1.41222792722 -4.32514793158 -1.15366024082 -3.23741264624 -2.39236149588 -2.12534432445 -1.65182873305 -1.49209982320 -2.40144138818 -2.51285913787 -2.56979845842 -2.80189136024 -2.24625973320 -2.55259220906 -3.20204285219 -2.63875686793 -1.99294569140 -1.98563765106 -1.42508880546 -0.887326704389 -0.852472423823 -1.18631225013 -1.55278179872 -1.46790893213 -0.679652673293 -1.16543306083 -1.52533835788 -4.24345378284 -4.24818241823 -3.41951838160 -2.92375813273 -3.19077120537 -3.36832540553 -3.14073680089 -3.02264644053 -1.87411306175 -2.27801263584 -8.86105499609 -4.11742344837 -2.37999832285 -2.11437236952 -2.52755836615 -2.03729029494 -2.07375331713 -2.17107023590 -1.90197404194 -2.12403956661 -2.71279985813 -2.01171765011 -1.57048171193 -2.54098846199 -3.43747135335 -2.70636106331 -1.92753827768 -2.47370118385 -2.94771298039 -1.81234962566 -2.05409428378 -2.83546864583 -2.60874296395 -3.30503603260 -2.35991816290 -2.54335829575 -3.15248642039 -2.79254286873 -2.66597838489 -2.64047660135 -2.48703636116 -2.40136414660 -2.50046276242 -2.26053928551 -2.05233062033 -2.04617779911 -2.79212405010 -1.40961076158 -2.13301127593 -2.01058682029 -1.74286928653 -3.27162376344
