# Number of parameters = 203 Objective function value = -3531.72143761917  Maximum gradient component = 0.000397324702986082
# theta[1]:
-0.105964656468
# theta[2]:
8.56970691432
# theta[3]:
8.25553666359
# theta[4]:
8.60409907395
# theta[5]:
0.483106871603
# theta[6]:
4.00000000000
# log_rinit_devs:
 -0.0348168797134 -0.0144067905539 0.101047782156 -0.0107113778816 -0.0411127340075
# log_rbar_devs:
 0.701728149552 0.542544877854 0.348834381644 0.420579229014 0.293559862940 0.710355359575 0.375078405843 0.377476186836 0.453224903620 0.621024685974 0.614283210359 0.640088846219 0.779722780353 0.879592672818 1.10626580095 0.973407063084 1.02728445111 0.819376716689 1.04786106547 0.766451614850 0.739896287821 0.800738802255 0.696706088388 0.423535865763 0.515363048092 0.541549152872 0.398882318357 0.818197752838 0.280957803893 0.0490016263811 -0.150160845227 0.0475573434963 0.113374516108 -0.362291840218 -0.566835648289 -0.731858349320 -1.01157837315 -1.10284664239 -1.21349347395 -1.39215304375 -1.45323825432 -1.59805060429 -1.63917607991 -1.69268001871 -1.58911923035 -2.14164524361 -2.27686487655 -2.49951991021 -2.00975021818 -0.547536003128 1.02981859686 -0.310392994175 -1.68756080945 -0.683272653405 0.897590599273 0.182086876923 -0.859307389462 -0.0106936579426 1.66153174616 -0.0940636070531 -1.77990667405 -0.792994617293 1.74730145930 -0.639067491637 -1.38396828920 -1.11073961989 0.317866495933 0.220477265688 1.24220173013 1.26713096460 -0.147438801280 0.626184604365 0.962088930006 0.472464544989 1.74515181734 -0.369248939556 0.261583489676 0.306067878740 0.556168023519 0.682706547940 0.344581520730 0.376842429699 -0.312617238665 -0.618919330132 0.371744921537 -1.52460619637 1.59948656492 -0.857312952284 0.743483267671 0.288192610116 0.333656160283
# mat_params[1]:
 7.71559820101 10.1974379807
# mat_params[2]:
 7.39614073812 10.3641581441
# mat_params[3]:
 8.87668790346 13.3708409492
# log_m_devs:
 0.0481495287471 0.0996922059747 -0.133793279236 -0.0140484554863
# log_slx_pars[1]:
 1.64848393981 -0.221701834989
# log_ft_pars:
 -1.08113798127 -1.18990216832 -1.65740689531 -1.54887816930 -1.26724857374 -1.19846106077 -1.34798366521 -1.83221619363 -1.51651048602 -2.36768322627 -2.55620480366 -1.63100310957 -5.02727840032 -1.22466975374 -4.01940270796 -3.15325675587 -2.85792257561 -2.38949484862 -2.24854530689 -3.14659401199 -3.22639322841 -3.24778588818 -3.43262909008 -2.84690363918 -3.12508354016 -3.71973557061 -3.10319052771 -2.43860363270 -2.40572741475 -1.86878049466 -1.40441284275 -1.44999319778 -1.84001980429 -2.23559935839 -2.19928177310 -1.52749351368 -2.13124839125 -2.51300261447 -5.16333421955 -5.06244079677 -4.14323649644 -3.57091271678 -3.76090879127 -3.88590674671 -3.63021619350 -3.48951168125 -2.40495326133 -2.90118529112 -9.59244348338 -4.96444682239 -3.44543309859 -3.09853258298 -3.52857311765 -3.08352117769 -3.13356991619 -3.14216091337 -2.89051352661 -3.15289689475 -3.74626089206 -2.95585635425 -2.57716995592 -3.58696187589 -4.44166892689 -3.55491382190 -2.80749856432 -3.39753634817 -3.80405948640 -2.60109452331 -2.91710968903 -3.68091740355 -3.40983954427 -4.11700124788 -3.15738440943 -3.29390830009 -3.93763894609 -3.49030969247 -3.34772003858 -3.27449656931 -2.98480105557 -2.75294530194 -2.92814827471 -2.80065654107 -2.71114491388 -2.86254755008 -3.75454783528 -2.48979834204 -3.36815720398 -3.18815156264 -2.97670827329 -4.44657765152
