# Number of parameters = 90 Objective function value = -57.3232449962237  Maximum gradient component = 6.95565630321694e-005
# theta[1]:
-0.705196765233
# theta[2]:
3.65977564725
# theta[3]:
5.60000000000
# theta[4]:
5.00000000000
# theta[5]:
0.272888529655
# theta[6]:
4.00000000000
# log_rinit_devs:
 2.93976249277 1.65750318881 0.0385981714451 -2.25680048381 -2.37906336922
# log_rbar_devs:
 -0.0604809281673 -1.55399018921 -0.448992438438 1.00283356850 0.220553703275 -0.914490288965 0.00613675470069 1.73029185114 -0.211442324051 -1.83225758209 -0.944668945094 1.75964163129 -0.634009335679 -1.40200424857 -1.04468702400 0.457030422574 0.115943260681 0.908275553282 0.770142996082 -0.848589501444 0.0393683458259 0.324555332261 -0.0920248768177 1.06365741684 -0.706703770304 -0.0599762390045 0.166653812039 0.504834972239 0.785683714592 0.519592050969 0.539128788843 -0.401125879431 -0.759011091861 0.234754151208 -1.54480127930 1.50510345730 -0.799587300618 0.903005518055 1.11861003887 -0.416954097541
# mat_params[1]:
 3.67000000000 4.48000000000
# log_m_devs:
 0.213846253029 -0.283719925023 0.0698736719944
# log_slx_pars[1]:
 1.19392246847 -0.223143551314
# log_ft_pars:
 -1.76365596290 -2.22499267318 -1.63593352620 -1.32253327981 -1.70074353446 -1.47909079122 -1.50423227814 -1.71092171628 -1.54637053242 -1.07620489398 -1.85431931037 -2.27422269103 -2.21333496959 -1.42029065704 -1.83467719108 -2.11533961214 -1.09244783763 -0.949733058796 -1.66111943259 -1.48940762160 -2.24945287752 -1.32819723035 -1.59976763273 -2.02462504797 -1.91320214209 -1.83014130830 -1.84247677446 -1.70556849388 -1.58645586135 -1.73925705371 -1.54208439382 -1.44213446263 -1.51968342567 -2.34288530289 -1.13120565261 -1.52951454503 -1.67549095805 -1.22458689330 -2.80790627902
