# Number of parameters = 201 Objective function value = -3530.79419246508  Maximum gradient component = 0.000823941513458928
# theta[1]:
-0.0138186942912
# theta[2]:
10.2064756853
# theta[3]:
8.92624635462
# theta[4]:
9.20274778596
# theta[5]:
0.816397689639
# theta[6]:
4.00000000000
# log_rinit_devs:
 -0.304290533579 -0.185421384750 0.0606772750755 0.106158747670 0.322875895583
# log_rbar_devs:
 1.32895714198 1.10067078073 0.816296012152 0.803327471515 0.613921321417 1.02639650438 0.564933421156 0.469180675189 0.445926706582 0.534554612251 0.444880598875 0.391939868029 0.476767076501 0.549392494118 0.787333799824 0.644082758389 0.768190029333 0.556686411489 0.842949600489 0.567551931402 0.559607796305 0.644700138772 0.545035901678 0.252457474252 0.361430406515 0.398451922118 0.256465897998 0.725147286854 0.171089189556 -0.0395453456891 -0.199870114462 0.0822338723110 0.207154384405 -0.261466238938 -0.422150454339 -0.538889959174 -0.797632560667 -0.863383871237 -0.956283620484 -1.13123784801 -1.16733276885 -1.30516540431 -1.32694598260 -1.36260235479 -1.22717372646 -1.80206355269 -1.91597704116 -2.12610285264 -1.63506586472 -0.166917130776 1.44607700879 0.0556573280948 -1.29551320900 -0.314656465560 1.26210325331 0.535080446986 -0.514359073514 0.316605684197 2.00882077703 0.244398535198 -1.42167278348 -0.495428932821 2.04278891875 -0.344197910811 -1.10408961654 -0.846388714006 0.564583325200 0.480620971483 1.49889595153 1.52369797273 0.107417918137 0.880545262267 1.19280685635 0.681804876461 2.04658062917 -0.219682551754 0.269055957081 0.105372048963 0.105320048002 -0.0101128248857 -0.396110806517 -0.476882662204 -1.42798580958 -1.85660531399 -0.883842561848 -2.80262186246 0.390393974580 -1.85923028459 -0.0962601431029 -0.267984326645 0.183091314443
# mat_params[1]:
 8.05666680878 10.7835809212
# mat_params[2]:
 6.29816382818 9.05298042625
# mat_params[3]:
 6.65717801624 9.62175770877
# log_m_devs:
 0.125366596893 -0.125366596893
# log_slx_pars[1]:
 1.72373247622 -0.216194781436
# log_ft_pars:
 -1.98692775238 -2.02436102076 -2.41382149260 -2.22868102380 -1.88017474194 -1.74904386815 -1.82280657100 -2.21933686828 -1.81834983694 -2.55060669408 -2.62431752649 -6.76631214768 -4.94964898318 -6.60563791470 -3.85990509419 -2.92456569931 -2.60505879472 -2.17541522777 -2.08999274331 -3.02192694029 -3.12891143834 -3.17694879800 -3.37869868653 -2.79909795312 -3.08788065542 -3.68987425069 -3.07384824634 -2.43207357203 -2.40905347549 -1.88332442306 -1.44284755453 -1.53455091535 -1.98380927271 -2.41747281043 -2.41769304765 -1.79231978609 -2.43888109552 -2.84656165931 -5.51251379984 -5.41933538877 -4.51401563724 -3.95755028884 -4.16759212362 -4.30930788345 -4.07082714370 -3.94238206937 -2.88133868944 -3.39512231555 -10.0946827604 -5.49924287499 -4.03380971831 -3.63924955134 -4.05934561212 -3.63486112352 -3.68816248305 -3.65304224621 -3.38596078617 -3.66052421321 -4.26819942628 -3.43759161186 -3.05613261115 -4.08340598090 -4.93201749696 -3.98315982760 -3.22454467666 -3.84014131089 -4.23626359502 -3.00112756447 -3.32989195481 -4.08781578794 -3.79695037989 -4.51044905452 -3.55338191956 -3.66632081673 -4.34931847843 -3.88001494908 -3.71871745462 -3.59749483930 -3.14593949572 -2.68243999300 -2.68659794636 -2.43898756741 -2.24686445969 -2.29436502685 -3.06824576625 -1.64812463665 -2.38223525088 -2.25140570675 -2.17195818474 -3.82755939584
