# Number of parameters = 204 Objective function value = -3531.06302559127  Maximum gradient component = 5.22165277387805e-005
# theta[1]:
-0.114268823342
# theta[2]:
8.46416986996
# theta[3]:
8.15202863854
# theta[4]:
8.50836922021
# theta[5]:
0.476276487000
# theta[6]:
4.00000000000
# log_rinit_devs:
 -0.0222351714274 -0.00440363071237 0.103092855821 -0.0137203184051 -0.0627337352765
# log_rbar_devs:
 0.707907207465 0.548817819725 0.357362060134 0.428811619765 0.301724998672 0.712968884124 0.379005352864 0.381542671135 0.455839108892 0.623017813833 0.616055849969 0.641713323888 0.780600762067 0.881162169369 1.10849859813 0.982361707493 1.04218751043 0.834352188361 1.05903199016 0.778738813916 0.751834868163 0.811576193078 0.707346460651 0.435899830867 0.526054158811 0.551517620347 0.409286888635 0.824355270588 0.289627275520 0.0555447357000 -0.148605231596 0.0399150346922 0.100492367502 -0.375160021345 -0.583732736876 -0.753859666188 -1.03610399880 -1.12840813320 -1.23848583613 -1.41506633896 -1.47599384219 -1.61959365030 -1.66054914063 -1.71403746265 -1.61084094981 -2.16116081688 -2.29802715843 -2.52200455921 -2.03220588800 -0.566966040845 1.00692894278 -0.332657479035 -1.71130212886 -0.705499417069 0.875572890624 0.160447536601 -0.880745441244 -0.0298226922603 1.63901366288 -0.115308560080 -1.80079240673 -0.810289495576 1.73033578797 -0.655115947770 -1.39803511040 -1.12196449649 0.308797868601 0.210223306359 1.23328862892 1.25796193248 -0.155935058185 0.618267495852 0.957419288024 0.470708965143 1.74333417148 -0.361000030472 0.276968407619 0.330143883227 0.591763536308 0.733167366669 0.381349067290 0.396301084013 -0.322042320152 -0.646788923538 0.335835692238 -1.56543346403 1.57556436631 -0.775770981456 0.895640226560 0.527984813343 0.347135349131
# mat_params[1]:
 7.67362331629 10.1922821709
# mat_params[2]:
 7.30706198768 10.2940202603
# mat_params[3]:
 8.75606831202 13.1951257672
# log_m_devs:
 0.0309361117472 0.0899166778224 -0.120852789570
# log_slx_pars[1]:
 1.63019361304 -0.223387697695
# log_slx_pars[2]:
 1.69549923345 -0.304637795255
# log_ft_pars:
 -1.08998209592 -1.19807796580 -1.66463469766 -1.55513269554 -1.27367437183 -1.20383444096 -1.35287115545 -1.83616355715 -1.51943526575 -2.37174010561 -2.56202548673 -1.58350895140 -5.02981391887 -1.24279395443 -4.02440801258 -3.16124835330 -2.86875972779 -2.39819089476 -2.25575814428 -3.15333835249 -3.23253941390 -3.25320084523 -3.43831484279 -2.85232425967 -3.12945108611 -3.72432439035 -3.10847032580 -2.44290662203 -2.40914058981 -1.86872258415 -1.39858977237 -1.43963020655 -1.82602699202 -2.21833479922 -2.17677779618 -1.49823420506 -2.09735989775 -2.47749151566 -5.12854996757 -5.02970756127 -4.11186646696 -3.54049860479 -3.73208926605 -3.85758715407 -3.60171415610 -3.46163414807 -2.37531262620 -2.86917885583 -9.56232356548 -4.94156771275 -3.42527067731 -3.07953118672 -3.50068459999 -3.04510194829 -3.10257336064 -3.11864647895 -2.86324392633 -3.11933287141 -3.71903538062 -2.93377210587 -2.54668642658 -3.54647215296 -4.41434190672 -3.53894500801 -2.78469505309 -3.36238200918 -3.77605316256 -2.58542456762 -2.90618256378 -3.67135850409 -3.39823185939 -4.09953298305 -3.14108099738 -3.28236451419 -3.93026493031 -3.48591700192 -3.34114111965 -3.26753242736 -2.99105870603 -2.77534481555 -2.94002864763 -2.79590182167 -2.68762701198 -2.81794620215 -3.69112850432 -2.40965384083 -2.95778187382 -2.87752339668 -2.80062447865 -4.40951024724
