# Number of parameters = 203 Objective function value = -3601.28928972104  Maximum gradient component = 0.000125170806746120
# theta[1]:
-0.361644779357
# theta[2]:
7.43811033914
# theta[3]:
6.43846283594
# theta[4]:
6.95124769371
# theta[5]:
0.675101816797
# theta[6]:
4.00000000000
# log_rinit_devs:
 0.135253529736 0.111738679457 0.119263234153 -0.0415073230420 -0.324748120304
# log_rbar_devs:
 1.46972742016 1.28954804223 1.10539251541 1.12152023891 0.948772925147 1.20458890990 0.811150382613 0.716863587588 0.677351688844 0.758467304944 0.687117701939 0.630428948116 0.693428808898 0.741499070224 0.919704881018 0.823299772451 0.836233470070 0.628810692276 0.783046238723 0.570971168363 0.587185255092 0.677212002708 0.629814481270 0.446268503595 0.568005000686 0.651708025518 0.590030220478 0.975042817321 0.553229072592 0.317886973168 0.0346379372823 0.0644489725174 0.0433546104413 -0.412577729635 -0.705951357227 -1.03680134150 -1.42466577897 -1.52520463333 -1.55345068772 -1.60380197597 -1.57061574631 -1.62806763218 -1.60717172927 -1.61171506221 -1.49394871037 -2.02393207720 -2.26554694607 -2.59368038736 -2.18047376901 -0.702761679920 0.739022741962 -0.492013899150 -1.91360859758 -0.902669068230 0.669900708690 -0.0531448702813 -1.09663838571 -0.215309110343 1.44563169425 -0.353681844320 -2.10353583630 -1.01334743854 1.58460015203 -0.821265077838 -1.54093490126 -1.23085904597 0.249842502435 0.109625204080 1.14128483392 1.16761769983 -0.252868662965 0.525190954418 0.901586159392 0.421582752041 1.72005570259 -0.309031059769 0.424639516444 0.577472150343 0.960268103681 1.26784279704 0.838340160656 0.781711326968 -0.151410192124 -0.629025772343 0.294138932574 -1.82920522432 1.30237045704 -1.20513792270 0.548745567699 0.334517984240 0.491318411195
# mat_params[1]:
 7.22861070801 10.1154123826
# mat_params[2]:
 7.20167043769 10.5364972920
# mat_params[3]:
 5.08984953175 7.67182907704
# mat_params[4]:
 4.56390871957 6.79682992886
# log_m_devs:
 0.00827504102706 -0.00827504102706
# log_slx_pars[1]:
 1.40691256333 -0.385740102340
# log_ft_pars:
 -1.07929602879 -1.15228613881 -1.57931195108 -1.43488380443 -1.11454203399 -0.960596348833 -1.01954436853 -1.40104267471 -0.976452442478 -1.74279440606 -1.88963746006 -0.966298886152 -4.19061653110 -0.865619555739 -3.06187471977 -2.19810862215 -1.86884766642 -1.39764409330 -1.21581916097 -2.12065709359 -2.24891468729 -2.32330411341 -2.57662354133 -2.03982406340 -2.36401431849 -3.03720245309 -2.49628391753 -1.85350955375 -1.86089425298 -1.30851287203 -0.761723160506 -0.698250172793 -1.00094322426 -1.36068714726 -1.27531013988 -0.443670001099 -0.856176109645 -1.17481967865 -3.90514418215 -3.95011621999 -3.15480126949 -2.68758795192 -2.98050779607 -3.18909253743 -2.99692293879 -2.91476551244 -1.80210008911 -2.26632426984 -8.93014045642 -4.19080021700 -2.47608516592 -2.20181105363 -2.57827702347 -2.06300114580 -2.12854099223 -2.23609538068 -1.94608554036 -2.14982505696 -2.77082746970 -2.07857188649 -1.60373922732 -2.54435132722 -3.48560979957 -2.77496714218 -1.96310721140 -2.47801317846 -2.96471108631 -1.85343407806 -2.11255154970 -2.90100175887 -2.65991117569 -3.33413026034 -2.39396396028 -2.58173372780 -3.20483840381 -2.84825178225 -2.70099623130 -2.66754510503 -2.52233936564 -2.44635945970 -2.54638034591 -2.29729990631 -2.08224528770 -2.06407897824 -2.80459141077 -1.42691612075 -2.16182727701 -2.04322916223 -1.74012260727 -3.25114654865
