# Number of parameters = 201 Objective function value = -3531.33994906421  Maximum gradient component = 0.000132059824875220
# theta[1]:
-0.215125663372
# theta[2]:
8.22125263176
# theta[3]:
7.18293664249
# theta[4]:
7.62550789846
# theta[5]:
0.365664747303
# theta[6]:
4.00000000000
# log_rinit_devs:
 -0.0896765727754 -0.0691240129011 0.0714745355865 0.0596349725783 0.0276910775117
# log_rbar_devs:
 1.33096500465 1.13245305912 0.895973302129 0.948809960133 0.818523244026 1.19312013051 0.794575671175 0.726504912094 0.713143994562 0.783341597994 0.705492245466 0.663084349129 0.770388171854 0.851869279161 1.07589181248 0.943063694942 1.03808176999 0.814717114128 1.04363855455 0.780942579990 0.775725708797 0.854569020176 0.761834909521 0.505056706028 0.610618815642 0.652079781244 0.513981273427 0.938076827943 0.390275443133 0.121602129762 -0.142795669948 -0.0191204539364 0.00329191205800 -0.509354638561 -0.784417315417 -1.03210900311 -1.36292784499 -1.45886911679 -1.54894144164 -1.69678051629 -1.73963258687 -1.86314323689 -1.88522097497 -1.92348924195 -1.79709668869 -2.34523375521 -2.49160892490 -2.71580974000 -2.21314388705 -0.730268505954 0.784512982673 -0.546757031234 -1.92779799414 -0.915407976003 0.644195673828 -0.0611646333772 -1.09484747133 -0.231680975144 1.39212636637 -0.344070473601 -2.00825517033 -0.995995257678 1.53547376453 -0.813491043276 -1.53637817958 -1.23104590936 0.204481963462 0.0937416599150 1.11645571007 1.14225094702 -0.247877122598 0.534651893922 0.902448119536 0.454487566361 1.72520483399 -0.267850216947 0.430353154415 0.570391553383 0.933655254255 1.21165347581 0.803108610811 0.746391803136 -0.133301787157 -0.559523007202 0.410314867874 -1.56214683183 1.67668162733 -0.740378689293 0.958912111174 0.639351901605 0.415394495951
# mat_params[1]:
 6.95074518656 9.95576976097
# mat_params[2]:
 6.36191506000 9.46460247092
# log_m_devs:
 -0.0254416713883 0.0254416713883
# log_slx_pars[1]:
 0.344472009415 -4.63273086841
# log_slx_pars[2]:
 1.51713388549 -0.369688575520
# log_ft_pars:
 -2.51496979791 -2.57170397697 -2.90909984075 -2.75856584525 -2.45094296265 -2.50017965514 -2.52350510968 -2.89309604084 -2.51728656118 -3.34001520833 -3.43806279338 -7.00557847189 -5.82251089847 -7.20882557678 -4.85200548428 -3.86714557862 -2.44426331071 -1.99919902444 -1.86715601914 -2.78390849075 -2.89615105991 -2.93790335369 -3.14949877573 -2.59174648016 -2.87969659360 -3.48793055468 -2.89286594603 -2.21229772039 -2.19150444438 -1.65027853710 -1.13442437609 -1.09459463544 -1.40638763037 -1.77445556875 -1.70818747026 -0.947167459877 -1.46073695814 -1.80684442152 -4.47141809772 -4.41106119150 -3.51995748035 -2.96638660424 -3.16830030942 -3.31184761021 -3.07872695043 -2.96462811575 -1.86794749740 -2.35267707902 -9.04347696618 -4.34000760502 -2.69446997378 -2.49109556799 -2.98135177784 -2.50224622700 -2.44838908106 -2.52772545976 -2.31475049119 -2.54756258797 -3.03774011848 -2.34295313839 -1.99112399315 -2.98660944826 -3.76016313592 -3.01050948261 -2.30939160098 -2.88299155112 -3.28699495263 -2.11893196919 -2.37069849455 -3.15645449886 -2.96109542885 -3.67912622285 -2.71000547143 -2.89927913858 -3.50421457756 -3.15359863141 -3.06039199699 -3.02214438409 -2.83239158950 -2.72250325413 -2.82390025946 -2.59676474277 -2.40128311206 -2.42918182277 -3.18951581549 -1.83715452107 -2.69320689098 -2.62323458938 -2.42936578501 -3.92368273383
