# Number of parameters = 207 Objective function value = -3716.40656349199  Maximum gradient component = 0.000188451417521341
# theta[1]:
-0.261481924917
# theta[2]:
7.79484763495
# theta[3]:
7.04533380271
# theta[4]:
7.47459120543
# theta[5]:
0.705663784624
# theta[6]:
4.00000000000
# log_rinit_devs:
 0.0697086272317 0.0542717074278 0.0915819690482 -0.0277672656697 -0.187795038038
# log_rbar_devs:
 1.14769870045 0.967446841393 0.777887094096 0.814835440365 0.662382561356 0.950098079159 0.581863091540 0.513304359486 0.497595436999 0.589088482771 0.531952177292 0.486219735679 0.557867275528 0.616174911800 0.791533831846 0.696593572825 0.740863637176 0.555274059517 0.727920994004 0.502608425783 0.501006937551 0.572485268250 0.502660474230 0.290125319762 0.380384521451 0.430158579467 0.343574284509 0.710702832058 0.281580402699 0.0662939250416 -0.179000503719 -0.108977779331 -0.101883970088 -0.521549680696 -0.728024415900 -0.941225896700 -1.24174903133 -1.31039085122 -1.35161681897 -1.43113655245 -1.41649835230 -1.49472835607 -1.49312872878 -1.51669711815 -1.41429286666 -1.92298451836 -2.07586389900 -2.29394729593 -1.75815566717 -0.336001098424 1.14651386876 -0.122311748176 -1.57234197270 -0.549436920677 1.06453793290 0.324924464206 -0.732303382713 0.132735772900 1.85875527976 0.00992354574428 -1.75969548188 -0.648949165305 2.01896201068 -0.486171632743 -1.21944514524 -0.932097547488 0.548189698786 0.411409263531 1.46033018340 1.49287800913 0.0297563365987 0.816115954237 1.16935540025 0.644289071680 2.03484020249 -0.217978880867 0.413178433386 0.345101999758 0.460419806175 0.449005263588 0.0438027084231 0.0100145763564 -0.797501707392 -1.16112392505 -0.119812891437 -1.99992359519 1.28664853243 -1.17181356525 0.583073792473 0.278375334493 0.307442267126
# mat_params[1]:
 7.49333156653 10.3026564629
# mat_params[2]:
 7.63226627136 10.8669015291
# mat_params[3]:
 6.22486169852 9.12092166179
# mat_params[4]:
 5.23654980389 7.74013677557
# log_m_devs:
 0.0405696924812 0.136801879924 -0.258283090528 0.0809115181231
# log_slx_pars[1]:
 1.34752652444 -0.380184415939
# log_slx_pars[2]:
 1.69632687869 -0.247449719936
# log_ft_pars:
 -1.36203208957 -1.44918666409 -1.85948672042 -1.70618193818 -1.39495173011 -1.29242031706 -1.37999293419 -1.77149486411 -1.37563111001 -2.17661563833 -2.32531886781 -1.32125058533 -4.64699622449 -1.28272507687 -3.56330455221 -2.67536870806 -2.34048764352 -1.87199433529 -1.72818589850 -2.64592290008 -2.75012152770 -2.80728097786 -3.03572406721 -2.46516914976 -2.76372464779 -3.41050674590 -2.83494390018 -2.19029409654 -2.16977385956 -1.58280223879 -1.04143004720 -1.04683003832 -1.42768446871 -1.80710796795 -1.72873566233 -0.986662420960 -1.55274046973 -1.95995783794 -4.69420501806 -4.69536547528 -3.86967719557 -3.38273575687 -3.66720028301 -3.85067002530 -3.62461450954 -3.51423796896 -2.41679917055 -2.91085293041 -8.86833114182 -3.97080998604 -2.12251858422 -1.86427472202 -2.44311504206 -2.10008190554 -2.00592793764 -1.98654444977 -1.79434922187 -2.11707224512 -2.59067874786 -1.81154127916 -1.53450786269 -2.66536631828 -3.39433376250 -2.50457455766 -1.86849743930 -2.59207210687 -2.96618843796 -1.64508079705 -1.79407406317 -2.54875691587 -2.36915671950 -3.16491332745 -2.20817577206 -2.32518031302 -2.89456805851 -2.51022812299 -2.44452044371 -2.41746792156 -2.04770875193 -1.64889208061 -1.75616037243 -1.62089831553 -1.53156715947 -1.67355968731 -2.55880551159 -1.23445500828 -1.87170678958 -1.55913463610 -1.31444499154 -2.85829910846
