# Number of parameters = 205 Objective function value = -3641.65244542285  Maximum gradient component = 8.95633563243257e-005
# theta[1]:
-0.311516547704
# theta[2]:
8.26308217442
# theta[3]:
6.81646761729
# theta[4]:
7.21883841660
# theta[5]:
0.809655546573
# theta[6]:
4.00000000000
# log_rinit_devs:
 -0.0562486774804 -0.00700203791333 0.0938023129382 0.0391427373868 -0.0696943349312
# log_rbar_devs:
 1.65796628906 1.47230736042 1.26263583214 1.23122620584 1.03858584773 1.25519706063 0.846243809243 0.703036865358 0.607292301351 0.635742547102 0.574024201147 0.570585187964 0.680484277499 0.776839974220 0.980435339750 0.890018668636 0.952250141542 0.751156422322 0.907967593509 0.703191818258 0.711790693115 0.788682756457 0.733047933908 0.546512865050 0.652196093669 0.716680969903 0.644237154125 0.995620377667 0.575029967124 0.335101749781 0.0693702581760 0.119994160345 0.112471136667 -0.319993395828 -0.580405947760 -0.837880353142 -1.14122778728 -1.20179373506 -1.22809224182 -1.29670513834 -1.28003612951 -1.35301535028 -1.34891279021 -1.36192291266 -1.27798081457 -1.83799525558 -2.11942435545 -2.49620044861 -2.16865444612 -0.714517379008 0.742668444319 -0.477765397795 -1.91949824998 -0.903035843910 0.693245180163 -0.0390759207168 -1.09118233484 -0.209393847173 1.48721995214 -0.346926808315 -2.12528837129 -1.02033718986 1.60594321085 -0.857224937784 -1.58691856535 -1.29085092524 0.195453376107 0.0485972241059 1.08576321832 1.11023927689 -0.340977267669 0.429989392457 0.788647108254 0.258227818922 1.58474223629 -0.591342081930 0.0841106497217 0.132155655386 0.386570085406 0.506390683946 0.110815674379 0.0877451141712 -0.688463243726 -1.02587241213 0.0234771079538 -1.83417712087 1.48539242461 -0.967681918692 0.784634517850 0.457728548726 0.293090157813
# mat_params[1]:
 7.48165410292 10.4883974597
# mat_params[2]:
 5.39951742161 8.07267954065
# mat_params[3]:
 5.31485351427 7.91538145010
# log_m_devs:
 0.114254466833 0.0574907667559 -0.276449182827 0.104703949238
# log_slx_pars[1]:
 1.46539765695 -0.328995598571
# log_slx_pars[2]:
 1.68849180796 -0.312077158996
# log_ft_pars:
 -1.48352820993 -1.53718189021 -1.93665211114 -1.75678349968 -1.41088504506 -1.23294346436 -1.26292463748 -1.60551780077 -1.13873148522 -1.83487195059 -1.91315479073 -4.11306468034 -4.32069566446 -3.07365142550 -3.29170012838 -2.37318845664 -2.02896341210 -1.56154630182 -1.40291134535 -2.31200480717 -2.42944544857 -2.49213057782 -2.72997513905 -2.18120790989 -2.49681943063 -3.15394008940 -2.59644002446 -1.94920142957 -1.94117703532 -1.38328224882 -0.849367994786 -0.818080601664 -1.15210712723 -1.52018351561 -1.44128140402 -0.661289184835 -1.16498974925 -1.54652985683 -4.28383396874 -4.30168670481 -3.48696451693 -3.00625250331 -3.28934754013 -3.48042146335 -3.26269577737 -3.15728137766 -2.03413450492 -2.46915198079 -9.07800510492 -4.32132301962 -2.61994531134 -2.32700853987 -2.71196960427 -2.20163939472 -2.27771520731 -2.37141693348 -2.09512549694 -2.30464022769 -2.93736427113 -2.22754079044 -1.78112309591 -2.71722941957 -3.64382804420 -2.89469418539 -2.09946328351 -2.60573287883 -3.05298938018 -1.91707109867 -2.19083604463 -2.96867570239 -2.71465450833 -3.38183047217 -2.42260705989 -2.57883210107 -3.19749630433 -2.80634232121 -2.63593419088 -2.53185159301 -2.26784551056 -2.04092958272 -2.21371410993 -2.04628656487 -1.91137278556 -2.00301129339 -2.87511143523 -1.60631814865 -1.84630244270 -1.53525454505 -1.31271189169 -2.86670916176
