# Number of parameters = 207 Objective function value = -3684.69455157459  Maximum gradient component = 3.62480851105909e-005
# theta[1]:
-0.286764524776
# theta[2]:
7.23366525906
# theta[3]:
7.12234288639
# theta[4]:
7.46689360499
# theta[5]:
1.03508734142
# theta[6]:
4.00000000000
# log_rinit_devs:
 0.144796955087 0.0657638637548 0.0892449884586 -0.0252973070355 -0.274508500265
# log_rbar_devs:
 0.687341948347 0.511889183106 0.309046785565 0.408740708079 0.320460510364 0.654020944605 0.315261643565 0.266928438556 0.291863441620 0.373433941872 0.358933503396 0.368979528468 0.344006127458 0.547664439352 0.760243954139 0.842703097212 1.13399974438 0.912144434220 1.10247185591 0.881120114742 0.884765337635 0.962073498621 0.891785428760 0.677637665011 0.788042887875 0.843683714605 0.745940511988 1.12673398867 0.648595207662 0.392199827526 0.142240534188 0.259807164007 0.291466161865 -0.163179585349 -0.403442200218 -0.605310511034 -0.865469230056 -0.904823852202 -0.940232506665 -1.03910118417 -1.03745217224 -1.13020305003 -1.13487700808 -1.15823377744 -1.07060371569 -1.64706171909 -1.88262096166 -2.21452939322 -1.87195117295 -0.444152171786 1.04696723357 -0.203052585410 -1.63607965239 -0.622593579894 0.973061253461 0.240156487403 -0.816188872096 0.0540950350359 1.76098250865 -0.0714488057524 -1.83483974968 -0.758249887781 1.86364603334 -0.607155096256 -1.34874633542 -1.06439585906 0.402462968071 0.267675543247 1.29943817963 1.32584932860 -0.119649234567 0.657710435541 1.00651325728 0.483609163026 1.87945011968 -0.357196102420 0.269619181870 0.185726884688 0.275069356189 0.244723038789 -0.168819518258 -0.235751074582 -1.11289938403 -1.53101226834 -0.556253897910 -2.50305010800 0.668401163803 -1.57789907356 0.308079475568 0.228500055841 0.150562320632
# mat_params[1]:
 7.26848413096 10.3604271426
# mat_params[2]:
 7.68188728126 10.6283871705
# mat_params[3]:
 6.28125786143 9.31507027505
# mat_params[4]:
 4.83473525137 7.20134949429
# log_m_devs:
 -0.0641501102565 0.177702850502 0.142270226517 -0.255822966762
# log_slx_pars[1]:
 0.460331010219 -4.66903526249
# log_slx_pars[2]:
 1.56497063642 -0.336450784372
# log_ft_pars:
 -1.77001641409 -1.83504386474 -2.20563357955 -2.10165425821 -1.82826680946 -1.87389098227 -1.92519124094 -2.33496565462 -1.99629087398 -2.86123674308 -3.02111052267 -1.58591864969 -5.34401927923 -1.79758254296 -4.43111760729 -3.60669488545 -2.11759090916 -1.64790331010 -1.50467483685 -2.41775837776 -2.53355908021 -2.58538798206 -2.80963188030 -2.25809206456 -2.56525535995 -3.19977529474 -2.62620334458 -1.96786820318 -1.95890188305 -1.42297836180 -0.911481564246 -0.890219544245 -1.23492902297 -1.62518939372 -1.57900138404 -0.846499601923 -1.39909679634 -1.80154681495 -4.52290818775 -4.51112255372 -3.67172581755 -3.17037011241 -3.42769596654 -3.60423236168 -3.38136409555 -3.27443374757 -2.17361552978 -2.63196317879 -9.24099380942 -4.41824544825 -2.67974946555 -2.43675234887 -2.92206913803 -2.45342504060 -2.42231053911 -2.49241512152 -2.28349389912 -2.51865320593 -3.04567043730 -2.33732248734 -1.99787272553 -2.98283450293 -3.75622306161 -2.97258026937 -2.27573754950 -2.83838659398 -3.19575933589 -1.98636597358 -2.23346399167 -3.00694157243 -2.79571329011 -3.50496141633 -2.51967885048 -2.66553638460 -3.28401758645 -2.91558416214 -2.80387832628 -2.68697403619 -2.31639407674 -1.94951444432 -2.06584422394 -1.88705806312 -1.73881255874 -1.81268117980 -2.62603817936 -1.25642659167 -1.86606940687 -1.78495205184 -1.70778971133 -3.39251887255
