# Number of parameters = 206 Objective function value = -3538.96789210800  Maximum gradient component = 0.000261610676568313
# theta[1]:
0.0959019194037
# theta[2]:
9.66280427630
# theta[3]:
9.29651035737
# theta[4]:
9.62041418498
# theta[5]:
0.554520840365
# theta[6]:
4.00000000000
# log_rinit_devs:
 -0.124336688530 -0.0750803940953 0.0841848822784 0.0441785174049 0.0710536829417
# log_rbar_devs:
 0.616968920518 0.458537274131 0.258011920154 0.339066981342 0.222306599702 0.632916930494 0.288859096120 0.264533675819 0.300739486919 0.432091086383 0.385463646334 0.352401100504 0.441248990466 0.536096798327 0.801278351064 0.751303399801 0.943097258081 0.727150279348 0.948532339282 0.671610719274 0.633578548744 0.679711550850 0.563140301026 0.276255486175 0.347030898638 0.354552366817 0.205137073165 0.600413502040 0.0958554093033 -0.101566102750 -0.253210496945 -0.0153100532440 0.0838353679496 -0.346509256723 -0.502606172168 -0.620921000234 -0.869466963850 -0.948345082201 -1.05071716634 -1.22619737712 -1.27677290095 -1.41705565510 -1.45340392225 -1.50140927122 -1.39861252792 -1.93929349240 -2.05806947061 -2.27895761514 -1.80637830788 -0.342013370678 1.28330974794 -0.0813502653383 -1.44855538791 -0.454984944564 1.12993276847 0.406719192393 -0.630856974899 0.202820050975 1.89419336971 0.140606426218 -1.55527366903 -0.588206192906 1.94118664182 -0.441420390317 -1.19589695257 -0.942464578142 0.472385556290 0.387696537529 1.40866511288 1.43504127468 0.0211605088157 0.783797402765 1.09976123324 0.601328165675 1.88525222625 -0.305588550688 0.270804788674 0.281867869372 0.556610277825 0.802068151062 0.394078634615 0.352212483289 -0.615272758272 -1.07224532686 -0.102248783249 -2.11912491575 1.14106284234 -1.22286006268 0.522566036468 0.251149000748 0.305164300101
# mat_params[1]:
 8.36180862044 11.1771870140
# mat_params[2]:
 6.79306286559 9.10923667461
# mat_params[3]:
 6.92671337023 9.35016630152
# log_m_devs:
 -0.0869471448181 0.0273797660103 0.0595673788078
# log_slx_pars[1]:
 1.71460208081 -0.213925573736
# log_slx_pars[2]:
 1.91113787176 -0.274539474365
# log_slx_pars[3]:
 1.80960378251 -0.460488774578
# log_ft_pars:
 -1.78472404486 -1.87955675259 -2.33460036531 -2.22114258440 -1.95018146344 -1.88099808988 -2.02478148950 -2.49550670980 -2.16525352253 -2.97349602743 -3.10429954640 -3.06036382579 -5.49962501133 -1.74868092224 -4.41384585975 -3.53136755829 -3.27277025866 -2.80014061118 -2.67440436128 -3.57898194904 -3.65168616920 -3.66763526404 -3.84089602620 -3.23815195385 -3.50688651824 -4.08750765612 -3.45007614854 -2.77617197602 -2.73315562991 -2.19423643109 -1.75826256275 -1.86281770294 -2.30558845539 -2.72776667302 -2.71729271483 -2.09329659415 -2.75012632849 -3.15781827913 -5.81843844073 -5.71801907011 -4.80522335209 -4.24241308223 -4.44689195676 -4.57913185092 -4.32531131624 -4.18591955132 -3.11887949106 -3.62905740744 -10.3276976470 -5.74218700085 -4.29732334238 -3.89151985927 -4.29027357773 -3.85381743426 -3.94324370777 -3.91859798756 -3.64603443656 -3.91705548407 -4.55549629595 -3.72582560209 -3.32950637865 -4.34028729272 -5.22424125369 -4.28192746260 -3.51079684270 -4.10588111317 -4.51256508183 -3.29843961099 -3.64953922478 -4.40798693961 -4.10490653836 -4.80555988331 -3.84892329320 -3.96376101377 -4.63284245567 -4.14602996700 -3.97713141998 -3.88168962374 -3.54986666329 -2.27456583806 -2.15923534584 -1.91699815224 -1.77032060105 -1.86827619971 -2.67372672209 -1.24678637999 -2.13942459007 -1.96703555349 -1.87656951183 -3.54599401687
