# Number of parameters = 198 Objective function value = -3470.39361156255  Maximum gradient component = 3.63086514906355e-005
# theta[1]:
-0.0515155820959
# theta[2]:
9.47258651339
# theta[3]:
8.10755837480
# theta[4]:
8.53205413387
# theta[5]:
0.353745822010
# theta[6]:
4.00000000000
# log_rinit_devs:
 -0.266190600334 -0.162733341923 0.0586777181559 0.108939853436 0.261306370665
# log_rbar_devs:
 1.42942107438 1.21712965522 0.958372061062 0.940523283749 0.757697725948 1.11974305775 0.681800682254 0.586413380639 0.546603182517 0.626199032989 0.542495789734 0.499814488705 0.585701825609 0.659286039801 0.878809257401 0.746002223343 0.848093588021 0.640780395138 0.884051469731 0.624055266238 0.610529733052 0.679063684292 0.576952095769 0.306020565815 0.395559034689 0.418140542684 0.272189046872 0.674751397267 0.137334240382 -0.110127395293 -0.326582482703 -0.146787638354 -0.0874410560322 -0.561518210598 -0.772140271940 -0.940512337267 -1.21383808073 -1.28901399584 -1.38047608042 -1.53859679139 -1.58051464912 -1.70671073834 -1.72967747638 -1.76821707558 -1.64986105244 -2.19213214650 -2.31636420509 -2.52455628118 -2.03937996813 -0.576020714016 0.994944913785 -0.367904307613 -1.73040192864 -0.733561332291 0.828053248148 0.125152939440 -0.904307251079 -0.0626664263478 1.56587471323 -0.148005866511 -1.78776331623 -0.833144116233 1.66573037110 -0.671226912460 -1.40420212881 -1.12394678554 0.293224505968 0.200619915229 1.21734203388 1.24227125476 -0.141179027658 0.636075285160 0.988530972506 0.544571268439 1.80386323138 -0.184011862590 0.510175852879 0.639914822999 1.00182718340 1.28747234956 0.870897298442 0.818604545310 -0.0739601773295 -0.541214894232 0.338407032301 -1.69636696691 1.31354270463 -1.05994550754 0.554018540876 0.203013614311 0.426615036573
# mat_params[1]:
 7.25808130926 10.1818552098
# mat_params[2]:
 6.97387765752 10.2801847222
# log_m_devs:
 0.00000000000
# log_slx_pars[1]:
 1.61306233789 -0.245122115694
# log_ft_pars:
 -2.00208572001 -2.04156430892 -2.43825464126 -2.25503218330 -1.91359273626 -1.76973341497 -1.84220537014 -2.23483472224 -1.82417154438 -2.55166726815 -2.62962624743 -6.90793486598 -4.96708358278 -6.83179785537 -3.87889925629 -2.94385463292 -2.61290965411 -2.17504398285 -2.06637660008 -2.99186451639 -3.09697547119 -3.13684283879 -3.33730422506 -2.76041239837 -3.04237933796 -3.63997236690 -3.02316058455 -2.34484373253 -2.30682737175 -1.75444986112 -1.26089924241 -1.28239781536 -1.66255143273 -2.05951283444 -2.01993749936 -1.33011934178 -1.93077260313 -2.32230663279 -4.99396506608 -4.91660372722 -4.01850437410 -3.46563467757 -3.67692112576 -3.82029084945 -3.58062952593 -3.45845117715 -2.38477283156 -2.89128160610 -9.59327287524 -4.96309360293 -3.43285011079 -3.10876561939 -3.54433683534 -3.08393163224 -3.10814505051 -3.12806742357 -2.88125075918 -3.13537235378 -3.69791575688 -2.92372363990 -2.54589887304 -3.54963146246 -4.39038912816 -3.53111659760 -2.78913986620 -3.37150534428 -3.78947605392 -2.61024761774 -2.92675475023 -3.69609957200 -3.43801165514 -4.14675189472 -3.19462319305 -3.35726141174 -4.01526617267 -3.59759007791 -3.48421099344 -3.45793716176 -3.27077267871 -3.17305577182 -3.26106556333 -3.03031989271 -2.82416328297 -2.83881797980 -3.58577296474 -2.17573169918 -2.97035802307 -2.77101349787 -2.54430056110 -4.01852288674
