# Number of parameters = 202 Objective function value = -3599.77320125245  Maximum gradient component = 9.00062965822540e-005
# theta[1]:
-0.370645115842
# theta[2]:
7.37271814413
# theta[3]:
6.43134256147
# theta[4]:
6.94502059201
# theta[5]:
0.678741355352
# theta[6]:
4.00000000000
# log_rinit_devs:
 0.153040776214 0.124217628636 0.123102492467 -0.0473210573630 -0.353039839954
# log_rbar_devs:
 1.43112664481 1.25203328569 1.07082350779 1.09047837472 0.919683792436 1.17577174265 0.785696680070 0.695918337019 0.661963867932 0.748806260881 0.679516159792 0.620040692492 0.679188704120 0.725358332566 0.906213887813 0.820525845330 0.844012029713 0.637229427907 0.790897247935 0.579094945939 0.594926731919 0.684467973413 0.636926898898 0.453486976336 0.574580933111 0.657848733136 0.596102916145 0.980057893795 0.559082501131 0.324229455838 0.0411798140338 0.0700614850367 0.0483480132383 -0.406812997945 -0.699664518337 -1.03061008135 -1.41880740385 -1.52016040981 -1.54893241480 -1.59941490710 -1.56660193815 -1.62423434671 -1.60371176724 -1.60853109416 -1.49113866049 -2.02052888885 -2.26244751230 -2.59102305467 -2.17758936429 -0.699260696106 0.742913401337 -0.488383173671 -1.91026625978 -0.899156233414 0.673747079172 -0.0495115222322 -1.09307586111 -0.211700498456 1.44953500873 -0.350044068674 -2.10057510303 -1.00995446356 1.58845335433 -0.817748991264 -1.53738163540 -1.22731972950 0.253756877950 0.113395692675 1.14527202059 1.17160184463 -0.249105519848 0.528962273460 0.905551250965 0.425378721418 1.72413866585 -0.305253943741 0.428512000370 0.581387250078 0.964156064612 1.27174563917 0.842296851585 0.785677100368 -0.147341864656 -0.624838742474 0.298490768842 -1.82518313777 1.30644257097 -1.20200121335 0.551490045045 0.336957141037 0.492770301263
# mat_params[1]:
 7.22536426505 10.1199791746
# mat_params[2]:
 7.19542648760 10.5325310982
# mat_params[3]:
 5.08503255475 7.66419071103
# mat_params[4]:
 4.55974212295 6.79068465475
# log_m_devs:
 0.00000000000
# log_slx_pars[1]:
 1.40513204162 -0.387909964598
# log_ft_pars:
 -1.04677665550 -1.11964040559 -1.54859600371 -1.40768082689 -1.08999319171 -0.937086034543 -0.997636548640 -1.38286365793 -0.962930242799 -1.73582515028 -1.88979009061 -0.898480972720 -4.18557729393 -0.796863814248 -3.05045667158 -2.19547496927 -1.87577836344 -1.40387272466 -1.22184778205 -2.12683286998 -2.25472431384 -2.32880295405 -2.58179858327 -2.04471719468 -2.36860950256 -3.04150377206 -2.50027651384 -1.85711723570 -1.86418177130 -1.31143939474 -0.764724491095 -0.701482564099 -1.00408436367 -1.36353422372 -1.27781766966 -0.446288965661 -0.859129258397 -1.17764087653 -3.90756843212 -3.95219472304 -3.15654918468 -2.68904334712 -2.98168959095 -3.18994957343 -2.99738891264 -2.91496982135 -1.80188554077 -2.26573374896 -8.92955859019 -4.19146234418 -2.47827015414 -2.20384886354 -2.57875635922 -2.06252024396 -2.12943652876 -2.23756850753 -1.94662471934 -2.14969688216 -2.77209476763 -2.08027902078 -1.60382639435 -2.54334824458 -3.48652114261 -2.77682628825 -1.96338793822 -2.47716501172 -2.96470858780 -1.85448259976 -2.11408960416 -2.90286234185 -2.66123143888 -3.33457332122 -2.39469591836 -2.58269120267 -3.20615827839 -2.84978373210 -2.70159499658 -2.66797078341 -2.52319198685 -2.44756630540 -2.54757358006 -2.29805309613 -2.08273822100 -2.06410176565 -2.80461172172 -1.42736849470 -2.16306335482 -2.04505170748 -1.74060050658 -3.25129184206
