# Number of parameters = 200 Objective function value = -3452.74331157282  Maximum gradient component = 0.000329802875413492
# theta[1]:
-0.666791230567
# theta[2]:
6.73044853587
# theta[3]:
5.64410873742
# theta[4]:
6.18005820921
# theta[5]:
0.662759157846
# theta[6]:
4.00000000000
# log_rinit_devs:
 0.208066963702 0.120443881423 0.120793168418 0.0333338792928 -0.482637892836
# log_rbar_devs:
 1.64236592988 1.45602260618 1.24626608795 1.25166993448 1.13992257377 1.28119818224 0.907131249372 0.720657232902 0.618103678561 0.444315450445 0.318209082664 0.210843372341 0.356248444617 0.490282261842 0.728814609858 0.745187301673 0.853464583389 0.746731268343 0.804703895375 0.510751102520 0.509915059536 0.568959008015 0.541366728351 0.440393753605 0.493334137941 0.548739245052 0.560687361967 0.890902702036 0.621966352697 0.551178068977 0.399515952958 0.298731383261 0.116544441197 -0.294938103934 -0.458664825527 -0.630940401434 -1.24834503735 -1.58586430779 -1.86735670073 -1.86771444430 -1.79983148055 -1.81151740897 -1.80317342730 -1.80486312379 -1.67422801972 -2.03311039636 -2.22095443853 -2.69203848120 -2.40905722530 -0.843451262371 0.658487160601 -0.503969495613 -1.92911319953 -0.910390884078 0.627247354655 -0.0667102897251 -1.05797023025 -0.227795698488 1.39055506688 -0.304154511729 -2.08998989140 -1.06159943315 1.46223951891 -0.839198724980 -1.49752796514 -1.26842333115 0.197319223396 0.0990372894702 1.09877682879 1.11342643191 -0.274529301786 0.453273728231 0.871745911792 0.380596527429 1.62878140997 -0.352234363645 0.360141015410 0.514411353632 0.914729093866 1.24804233092 0.851970809505 0.815447259658 -0.0322183426251 -0.472176539588 0.476002293186 -1.44157572985 1.63143254240 -0.752438592572 0.998520844744 0.787538897413 0.533219673675
# mat_params[1]:
 6.08257990014 9.54340757648
# mat_params[2]:
 3.85758695287 5.66577466975
# mat_params[3]:
 4.07549194111 5.91297445711
# log_m_devs:
 0.00000000000
# log_slx_pars[1]:
 0.656822028133 -2.97044402033
# log_ft_pars:
 -1.48120586379 -1.49731956176 -1.85441123463 -1.69817733961 -1.37253673408 -1.23627523623 -1.18112453763 -1.47234183329 -0.974344394866 -1.63161196136 -1.66679195865 -4.92623987866 -4.12497567428 -4.75722977352 -3.21729660922 -2.29129090804 -1.95545203080 -1.46414749780 -1.28468350615 -2.13815747753 -2.25537603093 -2.34557393022 -2.59650169748 -2.04467192906 -2.39003494483 -3.09314141851 -2.56335769849 -1.97881279990 -1.92251342188 -1.35329757368 -0.829126811575 -0.805556150922 -1.09447500504 -1.36199229566 -1.25645910689 -0.437705985785 -0.782071228487 -1.01077338657 -3.69693867222 -3.76900309259 -3.01145520207 -2.56663348635 -2.89601530893 -3.11970366259 -2.93873720137 -2.80698584794 -1.71717551427 -2.14377832275 -8.89434039862 -4.56017284108 -3.10844027674 -2.32242748480 -2.33356964449 -1.93450585341 -2.55741767011 -2.39733838757 -1.82329219752 -2.17211891748 -3.27321829954 -2.15327032186 -1.30720411928 -2.29523441894 -3.95565579117 -2.78707133312 -1.67646331284 -2.18838354167 -3.15177555422 -2.04614461739 -2.51289820287 -3.19142651540 -2.64134183802 -3.32128422445 -2.54893525295 -2.64623172360 -3.53469647424 -2.83662057052 -2.63273435888 -2.69831251960 -2.66499302782 -2.64544650529 -2.62306933822 -2.34681473889 -2.04924095117 -1.98786058825 -2.94834151670 -1.46578784136 -2.92964478774 -2.42230854704 -2.26712367526 -3.86135093099
