# Number of parameters = 202 Objective function value = -3696.57273583928  Maximum gradient component = 0.000544325657072268
# theta[1]:
-0.320613217924
# theta[2]:
8.10243307833
# theta[3]:
6.79243854117
# theta[4]:
7.25035600210
# theta[5]:
0.565060260851
# theta[6]:
4.00000000000
# log_rinit_devs:
 -0.0401036422582 -0.0120699514736 0.0821642615033 0.0431527567978 -0.0731434245694
# log_rbar_devs:
 1.53456878880 1.33912109193 1.12851033704 1.12014364144 0.944322354275 1.17099683873 0.770419855039 0.644659528733 0.547934015742 0.563200281864 0.478725239174 0.456004453289 0.559659860349 0.655437829786 0.861931486125 0.781347989675 0.862814216979 0.674320451226 0.819764089230 0.597381046281 0.595556826269 0.663305635227 0.599821315844 0.400027416943 0.484484222927 0.536302894178 0.462041275725 0.812432273315 0.412774752361 0.209826224763 -0.0420164307438 -0.0120329225821 -0.0345761347381 -0.447613563920 -0.662930689374 -0.913383850731 -1.25246071848 -1.35122701688 -1.40173217646 -1.47409359681 -1.46044043013 -1.53821537393 -1.54146607437 -1.56475971671 -1.46985096815 -1.99058975946 -2.21046366775 -2.51623669170 -2.06738887976 -0.626457323195 0.820719274578 -0.430343478150 -1.88896159387 -0.858981475615 0.751816150612 0.0140470546283 -1.03552135355 -0.163129959970 1.54623311280 -0.304371536730 -2.07804697612 -0.926477492244 1.74845959594 -0.743787372936 -1.45862920266 -1.15455079927 0.336948934210 0.191945165615 1.24723488786 1.27970265473 -0.178976203320 0.603749637394 0.970162325827 0.454186841300 1.78094329326 -0.395402756792 0.277468133136 0.320572515880 0.569902418185 0.692834728668 0.293257340798 0.272251381266 -0.498689240560 -0.832256873603 0.229516971873 -1.61551241196 1.70036513609 -0.728182091672 1.00805809899 0.659166680677 0.412378237329
# mat_params[1]:
 7.28895641610 10.4087246043
# mat_params[2]:
 5.58572824476 8.31750273025
# log_m_devs:
 0.0780310275098 -0.213083466831 0.135052439321
# log_slx_pars[1]:
 1.28729884389 -0.482708811973
# log_slx_pars[2]:
 1.67620998928 -0.227092848653
# log_ft_pars:
 -1.74396321705 -1.80407749138 -2.18271262974 -1.99386312793 -1.65540817136 -1.50882250082 -1.55120355693 -1.88559667963 -1.42701385470 -2.14532393628 -2.22490241543 -4.73146249248 -4.61063799327 -4.48054504853 -3.59568062305 -2.66851447827 -2.31853247824 -1.84937981131 -1.69850169607 -2.61103263015 -2.71143329896 -2.76943789732 -3.00016823489 -2.43026864114 -2.73009079366 -3.38390601438 -2.81483712911 -2.17370394903 -2.15498374606 -1.56402986952 -1.01996426683 -1.01423300670 -1.37653842811 -1.73864429539 -1.64265527799 -0.873440569191 -1.39861279543 -1.77934993136 -4.50751792960 -4.51453066104 -3.69197128311 -3.20558690262 -3.49127991988 -3.67347206900 -3.44210035433 -3.32519597205 -2.19555373297 -2.64589051794 -8.57882251993 -3.69018883645 -1.77769653336 -1.53529744515 -2.13407491663 -1.80215973264 -1.68994222856 -1.67704283767 -1.48399268974 -1.81504952771 -2.27673056809 -1.50407793073 -1.22350696386 -2.37351260119 -3.11460584608 -2.25061104793 -1.62776265166 -2.37116535465 -2.78094409075 -1.47502219215 -1.58688393196 -2.33608990981 -2.17721002710 -2.99298455100 -2.04894947278 -2.17750285351 -2.71147486984 -2.33165679597 -2.27326528771 -2.27416162718 -1.97080971788 -1.66504799806 -1.79251955006 -1.66782132612 -1.58544602294 -1.73732141519 -2.63771127876 -1.34064361498 -2.07352937606 -1.80539210272 -1.58410760701 -3.12537939178
