# Number of parameters = 205 Objective function value = -3707.11025813901  Maximum gradient component = 0.000429935502497156
# theta[1]:
-0.354918802171
# theta[2]:
7.06983764819
# theta[3]:
6.74248828372
# theta[4]:
7.19415445502
# theta[5]:
0.643948384732
# theta[6]:
4.00000000000
# log_rinit_devs:
 0.258346941111 0.166954584778 0.112628962867 -0.0824219767411 -0.455508512014
# log_rbar_devs:
 0.926516935006 0.751229141231 0.590144422998 0.655912551161 0.527599774462 0.802964600884 0.465889397508 0.432881978164 0.453054005868 0.591220438543 0.576270739389 0.515849606547 0.576813399412 0.645651561736 0.846271935431 0.861925800341 1.01719621153 0.836180364438 0.986894498483 0.760766275504 0.749831868440 0.809325522116 0.736553003038 0.527265469091 0.603161248994 0.644494143139 0.559032139867 0.905233906220 0.495732714953 0.292220734774 0.0451545953430 0.0811556693651 0.0602395998665 -0.356614543477 -0.569435062687 -0.813582923903 -1.15162053902 -1.25813194049 -1.32204955032 -1.40937895631 -1.41010248881 -1.50061926667 -1.51646851035 -1.55288833294 -1.46791644264 -1.99763661691 -2.22078879330 -2.52702364795 -2.05799071009 -0.611222369724 0.836314391130 -0.417550309842 -1.87664298398 -0.845146398531 0.768068065059 0.0281150529859 -1.02351961227 -0.148974633096 1.56360072712 -0.291826136078 -2.06784971376 -0.913742956584 1.76669352889 -0.729335214619 -1.44452059754 -1.13881265783 0.354398377362 0.208197510353 1.26417282918 1.29621630719 -0.164198814029 0.619136368723 0.985525289421 0.468119672913 1.79623438897 -0.383057685299 0.288762812553 0.331185280158 0.578700746853 0.698972225534 0.299663870326 0.278305103144 -0.492660828343 -0.825674636587 0.236135733023 -1.60868669476 1.70664018883 -0.713878729971 1.03025447160 0.689536590769 0.405965512765
# mat_params[1]:
 7.24367033106 10.1679608772
# mat_params[2]:
 7.30382980705 10.5666052770
# mat_params[3]:
 5.54897309593 8.27155447025
# log_m_devs:
 -0.0625063351407 0.104901565910 -0.193317876207 0.150922645438
# log_slx_pars[1]:
 1.27577822572 -0.500466686267
# log_slx_pars[2]:
 1.67129238718 -0.228435527499
# log_ft_pars:
 -1.08067549667 -1.16337943100 -1.58713786854 -1.46453028161 -1.17828222857 -1.08228303415 -1.18346258475 -1.60435360135 -1.24934239825 -2.10378538001 -2.31565002839 -0.791438290494 -4.60918955540 -0.871769180672 -3.54251801264 -2.73976569828 -2.50005038843 -2.02270123610 -1.87069903605 -2.78098287834 -2.87278328920 -2.92147179640 -3.14197632331 -2.56468376918 -2.85538987588 -3.49724052768 -2.91737468558 -2.26801937596 -2.24206873009 -1.64849023517 -1.11053788905 -1.11123480297 -1.47444766913 -1.83357814760 -1.73544585709 -0.975224483500 -1.50871485029 -1.88572246825 -4.59949578639 -4.58957517961 -3.75110931505 -3.25011630806 -3.52019238152 -3.68887130026 -3.44598130271 -3.31723232178 -2.17672375190 -2.61893093828 -8.55491592738 -3.67181166075 -1.76866321167 -1.52927138843 -2.12738976010 -1.79173775612 -1.67907590721 -1.66941745954 -1.47644792807 -1.80497247154 -2.26793808338 -1.49819300243 -1.21669350192 -2.36327801594 -3.10598782796 -2.24702954470 -1.62455934289 -2.36439529247 -2.77368551016 -1.47024858686 -1.58244624607 -2.33169282922 -2.17315139627 -2.98755588240 -2.04278946134 -2.17163421612 -2.70537370750 -2.32635004883 -2.26734050058 -2.26588163817 -1.96155948895 -1.65441268128 -1.78245665759 -1.65741213797 -1.57443160068 -1.72577591080 -2.62705093399 -1.33071064087 -2.06227334446 -1.80233046135 -1.58811200471 -3.13674071736
