# Number of parameters = 202 Objective function value = -3525.37110241141  Maximum gradient component = 0.00101760513372766
# theta[1]:
0.0428483698818
# theta[2]:
9.49209708218
# theta[3]:
8.91755693383
# theta[4]:
9.24393311269
# theta[5]:
0.562209551990
# theta[6]:
4.00000000000
# log_rinit_devs:
 -0.124591079143 -0.0661840265080 0.0842981302726 0.0597139615418 0.0467630138363
# log_rbar_devs:
 0.755958492725 0.602055717003 0.410698194049 0.448686911960 0.322185369200 0.645807283204 0.326584452473 0.285157595389 0.299205781162 0.406578280269 0.366361378719 0.340180479288 0.415117117537 0.490180744903 0.703113974233 0.638879880741 0.773522908990 0.589060884177 0.776899093584 0.547030761745 0.517527971058 0.556714011630 0.457517649940 0.216852273348 0.277042008988 0.279655474948 0.143287369363 0.458010972054 0.00270385492789 -0.202912195946 -0.366452696137 -0.195406929286 -0.132453100227 -0.519108246429 -0.674985504201 -0.791785214982 -1.00585987285 -1.06848483999 -1.14886581796 -1.29025197918 -1.32806031560 -1.43956988589 -1.46397064093 -1.50203470986 -1.41545823945 -1.87578525657 -1.96280793273 -2.14297760973 -1.64648418483 -0.210402240249 1.41368080465 0.0681844842761 -1.33417625908 -0.329176447342 1.27006630366 0.540460323128 -0.495843497007 0.338525048702 2.04268479820 0.267686967675 -1.47238202219 -0.457293031531 2.09916486090 -0.323427240124 -1.07404223213 -0.824751189333 0.606474977870 0.514595206542 1.55065346351 1.57870639184 0.150543084996 0.911683129978 1.23894840122 0.734339045335 2.06190948276 -0.152248172792 0.432261195479 0.416636958151 0.663270232582 0.896386860103 0.468636176491 0.411774901217 -0.608572330676 -1.11638676624 -0.193328569666 -2.32661395678 0.824361109751 -1.63782329753 0.0865750921147 -0.207820513748 0.297216750462
# mat_params[1]:
 8.24462933043 11.1519265627
# mat_params[2]:
 6.49526472135 8.80261468470
# mat_params[3]:
 6.37544265612 8.83188814567
# log_m_devs:
 -0.0709776082611 0.00388452975699 0.0670930785041
# log_slx_pars[1]:
 1.70601202651 -0.221785498903
# log_ft_pars:
 -1.70903194770 -1.78005506107 -2.21885027424 -2.09042448875 -1.80450054278 -1.69652920761 -1.80977941955 -2.25778094943 -1.90932827034 -2.69963885633 -2.81942117763 -3.61662991238 -5.21310406096 -1.94710194913 -4.10173026005 -3.19213145784 -2.89744620559 -2.43815798836 -2.31099649929 -3.22708766071 -3.31623018725 -3.34424743404 -3.53030684796 -2.94570503854 -3.22973831491 -3.82193092108 -3.19292523558 -2.49230468652 -2.44218981332 -1.89790152195 -1.45224516755 -1.52828145118 -1.93436679448 -2.34649190875 -2.33803545113 -1.71198201527 -2.37982411515 -2.80875425487 -5.49736777494 -5.42590869467 -4.53746326686 -3.99809547605 -4.21891404603 -4.37017726953 -4.13237849172 -4.01103939301 -2.96286842683 -3.51007686958 -10.2375265551 -5.58019506865 -4.09333010175 -3.69971670682 -4.10667596969 -3.66807318866 -3.74724902271 -3.72787569428 -3.46221962163 -3.73133478089 -4.36478925270 -3.54355290384 -3.15413187420 -4.16286905102 -5.04054435338 -4.10901589672 -3.34627239546 -3.93861087264 -4.33045900502 -3.10770498877 -3.45480166796 -4.21820361319 -3.92322150220 -4.62419741317 -3.66317155575 -3.77798559442 -4.45704201102 -3.98400438318 -3.82441717994 -3.72609430690 -3.37928788709 -3.12333067114 -3.10209488689 -2.81842381050 -2.56817107725 -2.53569595746 -3.24853117847 -1.77831524679 -2.63940808690 -2.40203838659 -2.19656814633 -3.69713561370
