# Number of parameters = 207 Objective function value = -3581.74051856828  Maximum gradient component = 8.30660937153102e-005
# theta[1]:
-0.173190715008
# theta[2]:
7.20587567462
# theta[3]:
8.16685119699
# theta[4]:
8.59726986906
# theta[5]:
0.428696688724
# theta[6]:
4.00000000000
# log_rinit_devs:
 0.274305498946 0.151752844018 0.111604833201 -0.106504519258 -0.431158656908
# log_rbar_devs:
 -0.195967373669 -0.313786864996 -0.434796238224 -0.223319510048 -0.233969831769 0.283272413175 0.0526990485879 0.170616661491 0.345121401025 0.601821732841 0.612124048385 0.529689946920 0.443052359636 0.537193982427 0.736606577578 0.858643281337 1.23419186469 1.00537295578 1.22743472352 0.941953026790 0.914193024813 0.972192900422 0.862826061910 0.583728086670 0.673198344739 0.693792741331 0.542449617061 0.957616882627 0.406566706899 0.160691860034 -0.0492029255317 0.144203804773 0.204033591455 -0.286918320159 -0.504969587812 -0.679007209773 -0.963201027117 -1.05466340295 -1.16658196385 -1.34889849192 -1.41150387362 -1.55941255553 -1.60115959949 -1.65594306315 -1.55044367114 -2.12001185619 -2.26145762042 -2.48687139993 -1.98677123211 -0.515296530711 1.05333135475 -0.299789691764 -1.69065635281 -0.677428285554 0.917988073575 0.195180592732 -0.852555607330 0.00166528664080 1.68852716760 -0.0795217474101 -1.77179477956 -0.765013699540 1.80959498789 -0.602391673194 -1.34478903487 -1.06353226862 0.376139223067 0.274700594588 1.30811373897 1.33641403093 -0.0908800011580 0.691873053871 1.03053626716 0.541068664098 1.81735821082 -0.304588730208 0.324650477702 0.365103095524 0.609076435516 0.733023295671 0.396110530189 0.420205294917 -0.280520218941 -0.577852273992 0.447597857507 -1.40252902970 1.80745150280 -0.583234044052 1.06718820209 0.658984314436 0.424061688855
# mat_params[1]:
 7.44045091886 10.2805312973
# mat_params[2]:
 7.24382846702 10.1303136912
# mat_params[3]:
 8.42065320727 12.3617850600
# log_m_devs:
 -0.191696681240 0.174924003538 -0.0540943194414 0.0708669971432
# log_slx_pars[1]:
 1.21925769036 -0.142668334084
# log_slx_pars[2]:
 1.66438635055 -0.289182894946
# log_slx_pars[3]:
 1.73162561334 -0.316844805850
# log_ft_pars:
 -1.33192775001 -1.49915604376 -1.98189262581 -1.95734935028 -1.79221917440 -1.92812285413 -2.17756446849 -2.74079751746 -2.54710260320 -3.54343206689 -3.80651837653 -0.342124940592 -5.92961116231 -0.473744877589 -4.81585217919 -4.08714537579 -2.85402112993 -2.37072733999 -2.22455256944 -3.12281006866 -3.20389052570 -3.22107340916 -3.40054265310 -2.81669025005 -3.09219050420 -3.67702208839 -3.05371818307 -2.37168407363 -2.33754118989 -1.80858401157 -1.34404337537 -1.36608004556 -1.72954578338 -2.12134641976 -2.09073258085 -1.41333240517 -2.00051251758 -2.37359506609 -5.01816776865 -4.91537992658 -3.99335469146 -3.41730132501 -3.59738168930 -3.72002545825 -3.46523664590 -3.32720306708 -2.24100567078 -2.73329856729 -9.40492866134 -4.71303532275 -3.13626904326 -2.85308191116 -3.35698066533 -2.93188615522 -2.89554189534 -2.90475939493 -2.69811078444 -2.97294789281 -3.49342037463 -2.72817342236 -2.41145786608 -3.45271975156 -4.22230673359 -3.35623980139 -2.67705982418 -3.30576842039 -3.66073177459 -2.41774643349 -2.70303157268 -3.47801480091 -3.25406361682 -3.98967347966 -3.01257535655 -3.14625160452 -3.75689488260 -3.33866308619 -3.22909957243 -3.16253449590 -2.84554850309 -2.59154365083 -2.76978083044 -2.65435806656 -2.57298553886 -2.73175243147 -3.61843564400 -2.35377778692 -2.91127161183 -2.76197631760 -2.63849552494 -4.21973626406
