# Number of parameters = 200 Objective function value = -3538.31170367806  Maximum gradient component = 0.00135794099739517
# theta[1]:
-0.116589539298
# theta[2]:
8.65976409227
# theta[3]:
7.75647710621
# theta[4]:
8.15683078731
# theta[5]:
0.380919086721
# theta[6]:
4.00000000000
# log_rinit_devs:
 -0.118020665555 -0.0842689521134 0.0626169075017 0.0412399296969 0.0984327804702
# log_rbar_devs:
 1.16506066537 0.967156591253 0.735876024092 0.792531425504 0.650474299348 1.04942735965 0.648731007409 0.592256813240 0.587628439278 0.690183855317 0.628099315000 0.612470295385 0.732656057076 0.821874804782 1.04598610318 0.895357650869 0.977360867533 0.757929802752 1.00494220309 0.734281900972 0.723726516803 0.799565475418 0.699595756243 0.427716976608 0.531317686604 0.564203884135 0.415710344395 0.846529541568 0.281207815295 0.0171526519350 -0.220675628060 -0.0484832460455 0.000739771380898 -0.508156719452 -0.750840190414 -0.949736988415 -1.24741522584 -1.33171029635 -1.42892783551 -1.59412956629 -1.64356667279 -1.77750412526 -1.80531015703 -1.84892157695 -1.72758930278 -2.28826578135 -2.42324772850 -2.63841155974 -2.13883815731 -0.671840738933 0.864628741533 -0.473445030553 -1.84921369708 -0.841649103808 0.724358042480 0.0181769652657 -1.01765554412 -0.163956909360 1.47677891791 -0.258933020750 -1.91802519491 -0.927641068743 1.60153899614 -0.755741342357 -1.48804801146 -1.19633162182 0.231280837179 0.130026007158 1.15031236439 1.17800833441 -0.214691282893 0.569755084586 0.926304404689 0.477632185626 1.74683150568 -0.253393864250 0.446047234382 0.578431044909 0.942745250502 1.22969908540 0.819388082231 0.770330464043 -0.127094653777 -0.568667898577 0.397654913455 -1.58513270595 1.66680387951 -0.723058738780 0.994228935668 0.675376450020 0.392161557574
# mat_params[1]:
 7.30678544738 10.0716535872
# mat_params[2]:
 6.91807422740 9.95699364324
# log_m_devs:
 0.00000000000
# log_slx_pars[1]:
 1.25778054570 -0.0828732301047
# log_slx_pars[2]:
 1.60236331892 -0.318082101975
# log_ft_pars:
 -2.21320640479 -2.30511802700 -2.68006076259 -2.51736078280 -2.21256766031 -2.20971186330 -2.29844912757 -2.68540363518 -2.30645254698 -3.12250088231 -3.24304449149 -5.98500245183 -5.64636830884 -6.24701649648 -4.66632312672 -3.71380750392 -2.52937669442 -2.08733093227 -1.96260353973 -2.88066018349 -2.98901589685 -3.02689277089 -3.22848627617 -2.66296534329 -2.94860379958 -3.54621278246 -2.93729928167 -2.25549061542 -2.22874094546 -1.69602025440 -1.20340197573 -1.19064656513 -1.52971791810 -1.91585560822 -1.87523406146 -1.16142973310 -1.72310533808 -2.09182754497 -4.75155684290 -4.67067967332 -3.76533366225 -3.20217934297 -3.39464647516 -3.53032124202 -3.29018371031 -3.16760249445 -2.08307895096 -2.57976974680 -9.26158020744 -4.54586216742 -2.91316929229 -2.68018628151 -3.20061654005 -2.76204128491 -2.69739713446 -2.73478375569 -2.53824052257 -2.80055105122 -3.28030858540 -2.54712335063 -2.23425534545 -3.26585526787 -4.00486087843 -3.18402299125 -2.51288917122 -3.12905640722 -3.50083890261 -2.28531118098 -2.54486046643 -3.32186132858 -3.12225831227 -3.86105157776 -2.88918687956 -3.05586701612 -3.66705573471 -3.29120391243 -3.21357253248 -3.18804423013 -2.97726868196 -2.85884243106 -2.95923492831 -2.74732539325 -2.56021083828 -2.59553971029 -3.35153708945 -1.97130022590 -2.83697638455 -2.76638127934 -2.63892010416 -4.16617655068
