# Number of parameters = 205 Objective function value = -3642.08723213568  Maximum gradient component = 0.000497156219372012
# theta[1]:
-0.372366687077
# theta[2]:
7.55348618063
# theta[3]:
6.66853238572
# theta[4]:
7.08107350326
# theta[5]:
0.789291943876
# theta[6]:
4.00000000000
# log_rinit_devs:
 0.111878702508 0.108250948079 0.126517097503 -0.0142856809816 -0.332361067109
# log_rbar_devs:
 1.28071419335 1.11683141592 0.945697820373 0.955743320451 0.791668626801 1.00909349483 0.650940822266 0.561139508859 0.522547845264 0.596933803401 0.537793251251 0.491574265120 0.543218665176 0.604113314596 0.816639555879 0.810265704294 0.939493672173 0.743397819215 0.881512914211 0.684250334363 0.692145160862 0.765779459452 0.714588434509 0.539603881803 0.641615312864 0.707288505315 0.642177032769 0.976804069139 0.579452905754 0.346824172690 0.0768786035337 0.0991310495344 0.0746887542036 -0.346527856491 -0.614140348718 -0.896065475308 -1.21927746243 -1.29345410072 -1.31842186815 -1.37471248989 -1.35243498286 -1.41462031258 -1.40443115851 -1.41213967314 -1.32276825786 -1.84639015033 -2.10363363099 -2.44980698385 -2.06985222298 -0.609898061346 0.854000825855 -0.373377694064 -1.82539615617 -0.805802092800 0.800541527659 0.0606407980890 -0.995942316489 -0.111872492601 1.59683058805 -0.249942123364 -2.04581173693 -0.926796890651 1.71873160809 -0.762321004985 -1.49170868936 -1.19496630058 0.302896799508 0.152002713952 1.19714807885 1.22217082145 -0.239817381497 0.533149809607 0.895249196458 0.356615563699 1.69251344904 -0.502724643777 0.170544586312 0.213168612718 0.458872416539 0.569500576338 0.176704993162 0.155492229525 -0.615571195044 -0.947516177267 0.100053935182 -1.76423615420 1.53294320569 -0.905313142604 0.850736916705 0.533196365310 0.323437920534
# mat_params[1]:
 7.39189417248 10.5118591296
# mat_params[2]:
 5.31664174915 7.93299436948
# mat_params[3]:
 5.24517515539 7.86970366800
# log_m_devs:
 0.00593760832930 0.117287645428 -0.244938217515 0.121712963758
# log_slx_pars[1]:
 1.43040175661 -0.364530296382
# log_slx_pars[2]:
 1.69362909320 -0.286258092850
# log_ft_pars:
 -1.15894101102 -1.22138934884 -1.64626778177 -1.50465719638 -1.19150346701 -1.03136847011 -1.08585295741 -1.47167755370 -1.05570064340 -1.81979320209 -1.96078030844 -1.17031947861 -4.28691025708 -0.945475832864 -3.15298061669 -2.30635475271 -2.03193812116 -1.55626424819 -1.38566025778 -2.29380951615 -2.41137826997 -2.47507911091 -2.71550159298 -2.16932856332 -2.48769130084 -3.14972902853 -2.59634687998 -1.94426365837 -1.93698972421 -1.37750033532 -0.841065935570 -0.801256685284 -1.12074696484 -1.48119673294 -1.39659642964 -0.600411176742 -1.08116722041 -1.44846669037 -4.18770936454 -4.21676586935 -3.41094875187 -2.93823658660 -3.22893673667 -3.42807526478 -3.21842638210 -3.12359911376 -2.01027030758 -2.46483295545 -9.10583342217 -4.36708313769 -2.69533621208 -2.39403046325 -2.74240164296 -2.20678413181 -2.31674204607 -2.42084105566 -2.12261090033 -2.31502953273 -2.98452641917 -2.28177629921 -1.79970168138 -2.70602361303 -3.68431196171 -2.95430212754 -2.12455442526 -2.59890663852 -3.06322709281 -1.95282326619 -2.24388216391 -3.02853463367 -2.76000527118 -3.40492583648 -2.45027372595 -2.60913167938 -3.23856104520 -2.84780205805 -2.65265938647 -2.53430851334 -2.27080174441 -2.04245113977 -2.22053207741 -2.04794401039 -1.90993345777 -1.99702030745 -2.87282906410 -1.61427049531 -1.80335059785 -1.49666405967 -1.27663066757 -2.84850450274
