# Number of parameters = 206 Objective function value = -3674.55688672159  Maximum gradient component = 0.000164958148453048
# theta[1]:
-0.283539014633
# theta[2]:
7.79717820447
# theta[3]:
6.61023563866
# theta[4]:
7.17943527730
# theta[5]:
0.461754208133
# theta[6]:
4.00000000000
# log_rinit_devs:
 0.0196101995610 0.0201611279394 0.0904444204885 0.0312642523137 -0.161480000303
# log_rbar_devs:
 1.48478218028 1.29135778148 1.08913306917 1.09953021765 0.934935569313 1.16560241423 0.772522714577 0.660723905902 0.573751787839 0.599978082955 0.516246795774 0.468398704470 0.535262883499 0.574120202893 0.738441558993 0.672037343306 0.757265798430 0.569882550003 0.701772682248 0.475373220296 0.478213743784 0.550999321512 0.496319660303 0.305703319259 0.394455845754 0.456277875089 0.395343086922 0.752823559924 0.368464584222 0.178307786839 -0.0785879565535 -0.0755010637776 -0.119642376928 -0.537429359662 -0.755787194097 -1.04192319378 -1.43339615971 -1.56412688685 -1.61950776760 -1.67397739411 -1.64548933150 -1.70960104478 -1.70196879340 -1.71634621169 -1.60356331179 -2.09133239480 -2.28752017519 -2.57992476280 -2.12796087307 -0.685516704100 0.749862667358 -0.504508600539 -1.95561361529 -0.928623938551 0.669389314919 -0.0581678141817 -1.09880960401 -0.235684094292 1.45123912234 -0.378498430810 -2.14150791737 -0.982736117612 1.67665762778 -0.782457534457 -1.48842286478 -1.17697693963 0.312668175480 0.180604532496 1.23689154594 1.26954094457 -0.164657962466 0.621324454126 1.00356701828 0.523241252788 1.82263480383 -0.259025015588 0.449704428888 0.582193114415 0.968897223734 1.32565835749 0.894911476956 0.850119920702 -0.0277819621314 -0.447126034149 0.563369742254 -1.45295899088 1.83307650719 -0.621449642338 1.19632139694 0.950290169381 0.563917990476
# mat_params[1]:
 7.08693643626 10.2997770954
# mat_params[2]:
 5.49404118795 8.32803693666
# mat_params[3]:
 5.40357096899 7.80536958005
# log_m_devs:
 -0.0455675504292 -0.0392191944664 0.0847867448956
# log_slx_pars[1]:
 1.23224215727 -0.579250228470
# log_slx_pars[2]:
 1.71951850850 -0.123073022709
# log_slx_pars[3]:
 1.60352865775 -0.432553019161
# log_ft_pars:
 -1.66776084441 -1.73127326221 -2.11478091915 -1.93745521639 -1.61037578349 -1.47223370024 -1.52103005367 -1.86441391727 -1.41802258338 -2.15411417528 -2.24908036641 -2.32610509115 -4.58943242670 -1.65167966504 -3.45378630830 -2.53779237209 -2.19145597947 -1.71950385978 -1.55719408180 -2.46934704631 -2.57498725227 -2.64126004353 -2.88153496811 -2.31710986910 -2.62397528325 -3.29082097762 -2.73217813348 -2.09607665264 -2.08358152297 -1.49107573322 -0.937596962187 -0.913895106897 -1.25848561947 -1.61138150346 -1.50878534403 -0.709574145262 -1.18678609048 -1.53840587268 -4.26856256337 -4.29529273059 -3.48922537677 -3.01612164869 -3.31414426792 -3.50971110543 -3.29325744255 -3.19090266804 -2.07097877476 -2.54068396537 -8.38148775334 -3.50493060950 -1.54900914105 -1.26693169629 -1.86262974642 -1.57758480565 -1.49164550753 -1.44817586661 -1.21770101504 -1.57736685459 -2.05792992054 -1.24641960116 -0.933657990961 -2.13519253147 -2.92844389752 -2.03165098207 -1.37728296127 -2.17235845294 -2.65776612640 -1.35520944650 -1.41975653783 -2.15431615995 -1.99114351744 -2.83808682959 -1.93335747297 -2.08483760533 -2.61665337142 -2.23557403346 -2.19111019988 -2.25367011034 -2.03882028987 -2.03175476496 -2.13534556405 -1.97403240669 -1.83090328104 -1.90906241275 -2.69084741522 -1.32471133368 -1.96959872820 -1.83844730804 -1.71043636333 -3.24857109307
