# Number of parameters = 203 Objective function value = -3694.30939201305  Maximum gradient component = 0.000478564910528625
# theta[1]:
-0.384233213020
# theta[2]:
7.70992752680
# theta[3]:
6.72737906628
# theta[4]:
7.17608787839
# theta[5]:
0.617964751899
# theta[6]:
4.00000000000
# log_rinit_devs:
 0.0678254658620 0.0448717556379 0.0836014024333 -0.0142323299987 -0.182066293934
# log_rbar_devs:
 1.36312665469 1.17549271542 0.982947375759 1.00663476255 0.848733976826 1.10717585264 0.724065120837 0.632092029393 0.579156296425 0.639805261119 0.580280428511 0.551383764614 0.660464694826 0.763339525445 0.963043962180 0.871121047161 0.919763489338 0.735336959238 0.890104963342 0.662760986695 0.658257204408 0.725544743706 0.657599145236 0.450210019300 0.534241904777 0.583460417008 0.502612172461 0.861781988653 0.448504795485 0.243147048196 -0.00897807120776 0.0271300440788 0.00619299887950 -0.418162779440 -0.637078588541 -0.891175983919 -1.24039277453 -1.34752504348 -1.40687533299 -1.48774272463 -1.48081506276 -1.56591800464 -1.57505047423 -1.60582323183 -1.51153570028 -2.04182085495 -2.26292384779 -2.56858027057 -2.10318002545 -0.656550023496 0.786111816966 -0.465205889039 -1.91958780643 -0.890230256522 0.716642961807 -0.0204866582593 -1.07062290498 -0.196144337052 1.50918275830 -0.340658406687 -2.11066062643 -0.960289097029 1.71171369254 -0.772404817663 -1.48667001381 -1.17873054480 0.311535960004 0.166553447455 1.21893413501 1.25122222491 -0.201523730461 0.582948947163 0.951733686241 0.444566199839 1.76801391078 -0.381586825237 0.304130599173 0.368387966829 0.643522912703 0.799171683563 0.377661601671 0.334120770561 -0.488040525875 -0.871568320782 0.135931804978 -1.77755415294 1.44989505319 -0.749099413641 1.12926047210 0.968901913567 0.405536253816
# mat_params[1]:
 7.23933006442 10.1268710049
# mat_params[2]:
 7.28608326706 10.5568704328
# mat_params[3]:
 5.49942169837 8.22977626203
# log_m_devs:
 0.114780014865 -0.114780014865
# log_slx_pars[1]:
 1.28084693914 -0.488645955805
# log_slx_pars[2]:
 1.66506659196 -0.226516507682
# log_ft_pars:
 -1.45104624824 -1.52896415687 -1.92711145735 -1.76384072651 -1.44478753240 -1.32604292240 -1.39372839435 -1.75886781619 -1.33608696351 -2.10632525443 -2.23530215998 -1.77380964689 -4.60097644144 -2.24531860411 -3.61703985478 -2.71890563513 -2.37607970895 -1.90547508970 -1.75471510228 -2.66659838565 -2.76532956818 -2.82077104775 -3.04849397926 -2.47709172566 -2.77301684894 -3.42160009956 -2.84855845663 -2.20477718174 -2.18437702901 -1.59335647494 -1.05037041214 -1.04267798298 -1.40151946249 -1.76115594651 -1.66307440750 -0.892110123129 -1.41132833184 -1.78334432809 -4.50154794975 -4.50037932216 -3.66953485159 -3.17493644309 -3.45067892429 -3.62612977232 -3.39136608152 -3.26960098500 -2.13297145822 -2.57895414173 -8.55032284548 -3.66689389310 -1.75454388401 -1.51636952947 -2.11466981869 -1.77865907732 -1.66520205922 -1.65739067677 -1.46314615442 -1.79062613212 -2.25155621446 -1.48311769183 -1.19916957972 -2.34516665663 -3.08841534979 -2.23300734556 -1.60943949203 -2.34906284182 -2.76371671381 -1.46485730342 -1.57480847320 -2.32367835036 -2.16695960900 -2.98295257835 -2.04069039883 -2.17513535666 -2.71182854931 -2.33784176777 -2.28437001459 -2.29214423373 -2.00839337474 -1.73178349180 -1.84555348605 -1.70098571077 -1.59371771654 -1.71387294205 -2.57568130376 -1.23239715240 -1.88027166172 -1.79489206672 -1.76506605109 -3.50378473313
