# Number of parameters = 203 Objective function value = -3528.45216668509  Maximum gradient component = 0.000214993347997918
# theta[1]:
0.0887132949686
# theta[2]:
10.0944107621
# theta[3]:
9.09069197325
# theta[4]:
9.43129705822
# theta[5]:
0.521687439593
# theta[6]:
4.00000000000
# log_rinit_devs:
 -0.211561316314 -0.119054120352 0.0704424644481 0.0908843168654 0.169288655353
# log_rbar_devs:
 1.07103019340 0.886635016458 0.660171964304 0.659482396425 0.505220876727 0.819477544336 0.457394932284 0.380669075427 0.359021691264 0.430772539861 0.358760890838 0.314973429981 0.377226273588 0.428831754404 0.605048620503 0.482717940999 0.565218940653 0.389781093608 0.598737451087 0.373842108221 0.353188010444 0.402246761463 0.307223856495 0.0651491877570 0.132403943510 0.139572047221 0.00416251455856 0.332134646731 -0.127024444512 -0.327487237130 -0.482097737310 -0.291643203380 -0.213587728005 -0.597574722360 -0.742370895964 -0.847137587046 -1.05543137519 -1.10981960730 -1.18332129548 -1.32057734187 -1.35001827277 -1.45652716858 -1.47312505484 -1.50384751198 -1.40520707718 -1.86292174929 -1.93799880857 -2.10754691891 -1.60082376332 -0.171172334978 1.45447578055 0.108217157845 -1.29014047215 -0.290583576477 1.30594939993 0.574809611543 -0.464282499707 0.369523273405 2.07886452703 0.301611297045 -1.43860179636 -0.427268005376 2.13124387718 -0.291722335042 -1.04548062825 -0.797030500196 0.632043139039 0.541715071192 1.57581781143 1.60444191140 0.174914238414 0.936863406707 1.25920195356 0.750938521018 2.07678678427 -0.151212007513 0.418525546394 0.392634794865 0.625885121302 0.842212632201 0.414583977470 0.349295578300 -0.685596824483 -1.18548328382 -0.218618219537 -2.32009943471 0.972715471933 -1.42724939357 0.372642327377 0.150327523137 0.323294376057
# mat_params[1]:
 8.40704160230 11.2986422138
# mat_params[2]:
 6.56633950451 8.87435772951
# mat_params[3]:
 6.50520665739 8.80503386580
# log_m_devs:
 -0.0385917991051 0.0385917991051
# log_slx_pars[1]:
 1.71788038556 -0.209208380348
# log_slx_pars[2]:
 1.76330290374 -0.510654782234
# log_ft_pars:
 -2.07415422765 -2.12334530658 -2.52917812375 -2.36442781595 -2.04606882506 -1.91535398306 -1.99889900558 -2.41075084370 -2.02742483708 -2.77951714599 -2.86055805444 -5.79970781782 -5.19264650514 -5.21613034482 -4.06676544677 -3.11051617601 -2.76731237629 -2.32881470972 -2.22180593459 -3.15292529817 -3.25548130121 -3.29563028280 -3.49114274902 -2.91242530581 -3.20264386085 -3.80026916468 -3.17412763404 -2.47839290716 -2.43207349643 -1.89038057064 -1.44923955838 -1.53552917793 -1.95531295791 -2.37781879264 -2.37951000596 -1.76489301542 -2.44523341731 -2.88277023572 -5.57836296264 -5.51207383974 -4.62966374981 -4.09666558706 -4.32432435445 -4.48240014289 -4.25259506413 -4.13764402780 -3.09869970598 -3.65591255628 -10.3937969814 -5.73865737834 -4.25848871842 -3.84552887666 -4.23807103708 -3.80096461425 -3.89656320509 -3.86869595149 -3.59202563792 -3.86200472833 -4.51363218165 -3.68052545567 -3.27988117546 -4.28776226544 -5.18642525825 -4.24204046922 -3.46700090637 -4.05848076285 -4.45968009591 -3.23788397055 -3.59158562422 -4.35190743295 -4.04553132946 -4.74383508513 -3.78675198582 -3.89749582607 -4.58246237734 -4.09691681370 -3.92729376328 -3.82372095511 -3.46693084164 -3.19592645140 -3.15963958022 -2.86570117411 -2.60640084437 -2.56695968425 -3.28549470812 -1.81917840787 -2.00311978438 -1.86090672949 -1.81325813264 -3.46711521543
