# Number of parameters = 205 Objective function value = -3701.05704086665  Maximum gradient component = 5.98005393726478e-005
# theta[1]:
-0.359585957586
# theta[2]:
7.03986257831
# theta[3]:
6.70066814853
# theta[4]:
7.19264075578
# theta[5]:
0.603592540159
# theta[6]:
4.00000000000
# log_rinit_devs:
 0.261633998474 0.165162699580 0.111720947913 -0.0820347131596 -0.456482932808
# log_rbar_devs:
 0.948045058769 0.767762613945 0.601913303652 0.668875217388 0.538247535208 0.815719073285 0.468050646100 0.429229744886 0.441904409564 0.574789179587 0.554308118454 0.476209919233 0.515492628244 0.552245546451 0.717107370145 0.710591136508 0.834065522347 0.653769124170 0.803856086992 0.578355370421 0.575065518178 0.643112258208 0.578306797020 0.375480507732 0.459638594618 0.511155943967 0.434805071052 0.791808422618 0.386975105561 0.186931279436 -0.0657374090387 -0.0401667757577 -0.0680192352163 -0.489155949121 -0.704604782079 -0.964308960010 -1.32297180334 -1.43438237002 -1.49066381868 -1.56138073868 -1.54540012096 -1.62038711929 -1.62060383880 -1.64297566921 -1.53842766919 -2.04126115820 -2.22555703350 -2.48402699398 -1.95411968599 -0.512785293058 0.941366901450 -0.321140203134 -1.78116485334 -0.750492060778 0.864258429729 0.121299276301 -0.933693448091 -0.0589692065802 1.65829175579 -0.201027794805 -1.97586568906 -0.823352547510 1.86443138102 -0.637922372749 -1.35397341943 -1.04723848185 0.448451562430 0.302277779290 1.36008615276 1.39362303502 -0.0686148703925 0.719988645248 1.08858862626 0.577127421614 1.91019255854 -0.259162354378 0.424707124683 0.481761137552 0.749596597319 0.899526202070 0.480057670272 0.441319359474 -0.379613879732 -0.760542056976 0.250913231213 -1.66143278386 1.57374782455 -0.620328553796 1.25908343025 1.09329394639 0.463663847629
# mat_params[1]:
 7.21022837300 10.1474439530
# mat_params[2]:
 7.26832764782 10.6088588573
# mat_params[3]:
 5.60314378851 8.33126334250
# log_m_devs:
 -0.0669525826678 0.0551422556069 0.125583590739 -0.113773263678
# log_slx_pars[1]:
 1.25712005007 -0.525350639708
# log_slx_pars[2]:
 1.67102402516 -0.239223448246
# log_ft_pars:
 -1.09408740708 -1.17580890925 -1.59594309230 -1.47107401448 -1.18245580193 -1.08662130918 -1.18336158873 -1.59737257528 -1.23547752941 -2.08488715323 -2.29252564247 -0.733408146565 -4.55143541242 -0.735497835077 -3.42096164781 -2.60425784165 -2.34083990400 -1.86609655631 -1.71077829404 -2.62438925111 -2.72539864569 -2.78397694372 -3.01503385894 -2.44504100265 -2.74385825276 -3.39705533515 -2.82648516994 -2.18177602193 -2.16212063512 -1.56848962866 -1.02085449090 -1.00854436814 -1.36367388183 -1.72226149665 -1.62445872417 -0.847721898670 -1.36077858049 -1.73177736242 -4.45660772585 -4.46532409581 -3.64385281795 -3.15843012037 -3.44373251043 -3.62879906986 -3.40403327872 -3.29337453717 -2.17475826789 -2.64963505149 -8.60342845490 -3.70540247849 -1.80260154563 -1.56527627622 -2.16393367301 -1.82407012773 -1.70625025466 -1.69555295700 -1.50468775036 -1.82953912004 -2.28928003887 -1.52216205221 -1.24408130149 -2.38549865493 -3.12477282372 -2.26948337831 -1.65184064392 -2.38762000777 -2.78854321601 -1.48452479802 -1.60443047881 -2.35685552730 -2.19939931452 -3.01197534172 -2.06509736121 -2.19499487395 -2.73584833291 -2.36117828619 -2.30693012291 -2.30839923132 -2.01289964603 -1.72772488022 -1.84799432768 -1.70997973271 -1.60740729932 -1.73154703032 -2.59356072943 -1.25147826783 -1.90400895810 -1.82478506904 -1.80360553504 -3.54473126434
