# Number of parameters = 201 Objective function value = -3549.99093725504  Maximum gradient component = 0.000192930696457512
# theta[1]:
0.159770279253
# theta[2]:
9.73495829492
# theta[3]:
9.72404348086
# theta[4]:
10.0630559364
# theta[5]:
0.697994433085
# theta[6]:
4.00000000000
# log_rinit_devs:
 -0.101693498132 -0.0863462982509 0.0682462162533 -0.00455654952525 0.124350129655
# log_rbar_devs:
 0.387408743501 0.243579861589 0.0534575236787 0.175881673388 0.0846456044391 0.592676399689 0.267209913388 0.288353795302 0.398489197197 0.584826513090 0.576559412279 0.608681206501 0.771430393001 0.874083682472 1.09088657040 0.878104644160 0.849777783558 0.652746572764 0.923048113641 0.633740917607 0.600740152226 0.661519635696 0.543092392454 0.235439566712 0.322476045916 0.336527050493 0.178904403602 0.626381079999 0.0923583874069 -0.0953059913127 -0.227430517523 0.0668828064114 0.200650362787 -0.248924038537 -0.393345987697 -0.497778531349 -0.753617773696 -0.828576508977 -0.931127278860 -1.11610027198 -1.16126982467 -1.30781478080 -1.34007811549 -1.38387799580 -1.25928518752 -1.82470882796 -1.93609011012 -2.16039736894 -1.68353558696 -0.232475196425 1.40102790627 0.0393698750257 -1.31784742191 -0.329595493183 1.24606016284 0.521924175834 -0.520353143002 0.309081534655 2.01339952514 0.250387287096 -1.44996383075 -0.485382206320 2.04662074039 -0.331642004262 -1.09633283496 -0.846566008031 0.558167429025 0.476936592594 1.48678613997 1.51337780003 0.0977709174783 0.860272887302 1.16200628861 0.645607705180 1.90985642340 -0.301562330165 0.207690882591 0.163885714523 0.356387923773 0.516422022209 0.122358586362 0.0425801084743 -1.03238509928 -1.50932782842 -0.552481170684 -2.58536128947 0.657021304613 -1.73043116845 0.00712607080091 -0.239994977150 0.298280291107
# mat_params[1]:
 8.07283032537 10.1994947959
# mat_params[2]:
 9.03188464816 11.9550956303
# mat_params[3]:
 6.97378716547 9.45778421286
# log_m_devs:
 0.0203904802887 -0.0203904802887
# log_slx_pars[1]:
 1.78289409747 -0.217333206280
# log_ft_pars:
 -1.16712430730 -1.30981608956 -1.79238649753 -1.71010151473 -1.46108730677 -1.46361845873 -1.65137520760 -2.16013648693 -1.87830996549 -2.74960695111 -2.93504279110 -2.30787222989 -5.43436111265 -1.20535586774 -4.44286547002 -3.54191959839 -3.20522850730 -2.78122148755 -2.67779540898 -3.59579970818 -3.68124609087 -3.71018281537 -3.88920945151 -3.29192695063 -3.56701232127 -4.14721093023 -3.50444648156 -2.83039128779 -2.79600005379 -2.27616871849 -1.87042113944 -1.99180298423 -2.44246867437 -2.87871794968 -2.89601674611 -2.30241496907 -2.97478379817 -3.38317836149 -6.03910965805 -5.93189857608 -5.01415667688 -4.44813785670 -4.64097661694 -4.77329866427 -4.53097948968 -4.39269182229 -3.33154804567 -3.85748466217 -10.5404589444 -5.87994430620 -4.37989959642 -3.99330449450 -4.45279455994 -4.09460292904 -4.13547530207 -4.07436402988 -3.81596092756 -4.12566363375 -4.71101439262 -3.86805621237 -3.51570628686 -4.60023190425 -5.40763217284 -4.41771845232 -3.67585609218 -4.36175516926 -4.76063754340 -3.47176337104 -3.74565741316 -4.49554119670 -4.21980156118 -4.96196490258 -4.01003983470 -4.11099703886 -4.71854823594 -4.23354426600 -4.07906557562 -4.00876871735 -3.62168807018 -3.26899278637 -3.18340117374 -2.88096712793 -2.63398404388 -2.61959686225 -3.34115312375 -1.86179034536 -2.75038955760 -2.54455849198 -2.40686026312 -3.97995741220
