# Number of parameters = 204 Objective function value = -3675.12187453276  Maximum gradient component = 0.000357235673616474
# theta[1]:
-0.337317569024
# theta[2]:
7.33363771031
# theta[3]:
6.50900023602
# theta[4]:
7.09398843831
# theta[5]:
0.496934874686
# theta[6]:
4.00000000000
# log_rinit_devs:
 0.153626037012 0.0897568914894 0.0933473107032 -0.0364558386103 -0.300274400594
# log_rbar_devs:
 1.31514401732 1.12368749315 0.936652570108 0.980835241321 0.833198085822 1.10106828236 0.717571855460 0.639708561607 0.598518807056 0.676663026022 0.623324621362 0.549941583021 0.608075776365 0.654346731210 0.806926822226 0.731478636699 0.784541836860 0.600232807867 0.744489774103 0.511981841837 0.515153916679 0.591700203294 0.534902037780 0.336887194860 0.429375640155 0.492916555059 0.427787617118 0.802681349846 0.402164729138 0.210248109379 -0.0482217635569 -0.0378656914256 -0.0800560305408 -0.513543232761 -0.736151142151 -1.03054287132 -1.44176194813 -1.58496662414 -1.64898064479 -1.70831635066 -1.68188181851 -1.75039662542 -1.74481218430 -1.76280581603 -1.64539171073 -2.14668212700 -2.34069986170 -2.61992194472 -2.11291630976 -0.657399794808 0.764057771363 -0.495472988449 -1.94049023501 -0.913484441746 0.680505073549 -0.0503756336529 -1.09280947749 -0.222617256685 1.45777513463 -0.375146659676 -2.12437972708 -0.976647219239 1.68316690073 -0.770764936127 -1.47400627772 -1.15475549223 0.333162014557 0.196195173416 1.25016533404 1.28631096229 -0.142157889470 0.650041483387 1.03722208608 0.570619345778 1.87523852528 -0.165973897602 0.566212922447 0.709950386058 1.07950111251 1.36487511721 0.928884309346 0.872124146440 -0.0407770496954 -0.495985342986 0.485700539641 -1.56946447554 1.68388751758 -0.785482285867 1.00500057274 0.743997329968 0.577306294596
# mat_params[1]:
 7.05304133876 10.0075372408
# mat_params[2]:
 7.05546027276 10.4400723365
# mat_params[3]:
 5.34718611732 8.02679342142
# log_m_devs:
 -0.0349725032607 -0.00577508066417 0.0407475839248
# log_slx_pars[1]:
 1.22246831207 -0.594231898819
# log_slx_pars[2]:
 1.66986670658 -0.203905264142
# log_ft_pars:
 -1.33530644646 -1.41371244582 -1.81543805272 -1.66526223033 -1.35706989375 -1.24792833475 -1.32080505482 -1.69463190404 -1.28559235214 -2.07785862771 -2.23031422237 -1.14233471518 -4.51135856957 -1.18338317758 -3.40799731257 -2.52798436051 -2.19231600415 -1.72020923322 -1.55827051401 -2.47009210160 -2.57731820748 -2.64481102999 -2.88603143157 -2.32277606142 -2.62820658065 -3.29366574633 -2.73455586209 -2.09939488496 -2.08805784405 -1.49579447715 -0.940606047110 -0.911782055696 -1.25203531536 -1.60282357467 -1.49811680903 -0.692050424116 -1.15444875723 -1.49222563553 -4.21349285113 -4.23700627788 -3.42699134318 -2.94913542675 -3.24041658775 -3.43329167590 -3.21824457689 -3.11398639683 -1.98703761772 -2.45499198737 -8.41787239742 -3.53420967423 -1.57452536938 -1.33805370524 -1.95680909488 -1.64358291073 -1.51539579355 -1.49363106354 -1.29101238313 -1.63422196010 -2.08097445201 -1.29878777860 -1.00866192411 -2.18609815272 -2.93599538154 -2.07803149410 -1.45928328025 -2.23302285830 -2.68125144743 -1.38294060375 -1.46473541072 -2.21314079014 -2.07255914556 -2.91630805829 -1.99448003918 -2.15077793766 -2.69061229549 -2.33504949597 -2.31006803060 -2.36973843948 -2.16056094195 -1.98027687124 -2.04014129880 -1.84614347673 -1.69210446790 -1.76031103340 -2.55346469366 -1.16587610023 -1.78735142468 -1.60506449338 -1.44288529227 -3.03308600172
