# Number of parameters = 204 Objective function value = -3579.20808530406  Maximum gradient component = 0.000122589937552578
# theta[1]:
-0.0999573983192
# theta[2]:
8.71001433424
# theta[3]:
8.07942843881
# theta[4]:
8.35917022550
# theta[5]:
0.752210371384
# theta[6]:
4.00000000000
# log_rinit_devs:
 -0.0841739173543 -0.0319707224066 0.0927756773877 0.0499879860008 -0.0266190236276
# log_rbar_devs:
 0.839322703765 0.679689446340 0.489197811160 0.505332883194 0.359380552937 0.640018774726 0.306753942731 0.247791983983 0.242932794801 0.342276559181 0.310885262085 0.301899396373 0.388332163888 0.474037044277 0.691444460086 0.642518915988 0.775162610731 0.591331838395 0.766484992882 0.550888530956 0.534016264029 0.583253753562 0.498459715978 0.280584551553 0.351884194952 0.370556071994 0.252129684846 0.565147136283 0.119624407329 -0.103951428394 -0.304131584716 -0.180452751518 -0.143081361924 -0.535924618561 -0.717303363042 -0.862071497544 -1.08375036784 -1.13896491341 -1.20298180725 -1.32122463819 -1.34473824641 -1.43848659867 -1.44951779848 -1.47452276667 -1.37369723637 -1.80393143802 -1.87557807935 -2.02997054727 -1.48807680163 -0.0479977424266 1.55146957700 0.217214598804 -1.21090081182 -0.198431750394 1.42052454095 0.674312885464 -0.381753126980 0.470024084877 2.20251806477 0.377938561524 -1.39926787119 -0.350009909485 2.26625719842 -0.224372122330 -0.978120622018 -0.719571264477 0.738522854813 0.632115662339 1.68432104355 1.71087426738 0.246120553494 1.01384303855 1.34518134713 0.801379370974 2.21358845676 -0.131272751681 0.407370515780 0.246115090468 0.267130415521 0.182426420568 -0.223143792532 -0.280809786429 -1.14117679834 -1.54270300461 -0.535812677366 -2.44601709668 0.804836148031 -1.61316780127 0.124558578171 -0.172612979088 0.169518030033
# mat_params[1]:
 7.65630032483 10.6363950271
# mat_params[2]:
 5.78061407521 8.37981904506
# log_m_devs:
 -0.0490739770835 0.0378710557815 0.159436844266 -0.188745765353 0.0405118423888
# log_slx_pars[1]:
 1.59717776707 -0.249078112759
# log_slx_pars[2]:
 1.69478169045 -0.312761740568
# log_ft_pars:
 -1.52560633075 -1.59036342876 -2.02072095484 -1.87883352038 -1.57568181494 -1.44438121093 -1.53492444314 -1.95956053597 -1.58379883752 -2.36259523891 -2.48932830494 -2.88618311464 -4.90169605641 -1.91788965149 -3.82117332082 -2.92819701287 -2.63883439214 -2.17515810192 -2.03947634784 -2.95489635040 -3.05231419755 -3.08853168261 -3.29013128940 -2.71844813596 -3.01123225573 -3.62182324894 -3.01558478887 -2.32811409995 -2.28703124525 -1.73374628915 -1.25189882325 -1.29057127918 -1.67387788737 -2.07308426115 -2.04116558543 -1.37294588239 -2.01209401277 -2.44031689286 -5.14656342690 -5.10016963002 -4.23240645646 -3.71095756250 -3.95435106928 -4.12052417731 -3.89294272148 -3.79095452492 -2.75293865323 -3.31007572696 -10.0759187985 -5.45547163040 -3.99121361794 -3.59076098763 -3.92154842218 -3.39573533908 -3.55075224037 -3.57658709736 -3.27660369620 -3.49037647208 -4.20324065875 -3.40772618303 -2.95169753981 -3.86324551156 -4.85583052324 -3.98782324366 -3.16454160303 -3.64076066353 -4.05602011109 -2.90821261006 -3.30037867253 -4.07145419692 -3.74640037978 -4.38941304044 -3.42133880073 -3.54318815899 -4.27111758698 -3.80165705724 -3.58597981551 -3.38629366837 -2.94080391365 -2.16028979870 -2.22979267311 -2.05082543150 -1.91648202050 -2.01509875390 -2.83500357268 -1.45741748926 -2.11087167449 -1.84007183592 -1.63394433380 -3.16973066943
