# Number of parameters = 207 Objective function value = -3655.61436972859  Maximum gradient component = 2745.94585808107
# theta[1]:
-0.442414218421
# theta[2]:
6.98404586166
# theta[3]:
6.54716425615
# theta[4]:
6.92990801206
# theta[5]:
0.991483708934
# theta[6]:
4.00000000000
# log_rinit_devs:
 0.279633045185 0.185154038526 0.121738047323 -0.0622382687519 -0.524286862282
# log_rbar_devs:
 1.00230534626 0.835638683009 0.686962718093 0.736220070287 0.611166820486 0.817933472102 0.494079038415 0.436872593733 0.419009991293 0.515926157787 0.495524514780 0.419209468159 0.447590362550 0.483172656839 0.655732200162 0.718475803462 0.910116247553 0.737835995403 0.843877339370 0.640503159530 0.639117848593 0.699804056008 0.649883871110 0.480023738314 0.556313937828 0.610663512878 0.556400092285 0.864862746520 0.518171020334 0.334330107656 0.0860014128418 0.0661493764159 0.0112153852616 -0.366890345744 -0.573197603915 -0.838040394761 -1.18464194810 -1.29634600612 -1.34149117493 -1.38859051757 -1.36355699839 -1.41967820349 -1.41353905763 -1.42758216557 -1.33866715177 -1.78319247402 -1.95468568011 -2.20898260587 -1.72525129540 -0.298000439241 1.17712947595 -0.0866030934415 -1.55906446442 -0.528326653061 1.09239361006 0.350342538280 -0.697822288176 0.159980648169 1.87519826527 0.0145010296165 -1.78367460340 -0.622401133580 2.05939730399 -0.458057994847 -1.17535993055 -0.887481150972 0.607127905139 0.457760243322 1.51618746859 1.54645332539 0.0813192317828 0.859349554250 1.22798427543 0.694347864864 2.10044941752 -0.139227468043 0.468116906056 0.342757238837 0.348198695912 0.233131350781 -0.135813211948 -0.177880375455 -1.02560749990 -1.46182617233 -0.520754527998 -2.38589193809 0.679678731506 -1.63956769623 0.162763926524 0.00893008863190 0.163105423881
# mat_params[1]:
 7.24684099936 10.4585039746
# mat_params[2]:
 5.78245102903 8.64654223397
# mat_params[3]:
 3.95648701351 5.78454906799
# log_m_devs:
 -0.0535384728719 0.148995019611 0.217725352292 -0.313181899032
# log_slx_pars[1]:
 1.24171743826 -0.565654774970
# log_slx_pars[2]:
 1.73042563725 -0.146542443831
# log_slx_pars[3]:
 1.79784493967 1.92305326673
# log_ft_pars:
 -1.13723083921 -1.20270431316 -1.61994708517 -1.49414448474 -1.20652083096 -1.08230234614 -1.15432694161 -1.55219006594 -1.17048022189 -1.99082936478 -2.18045867330 -0.817123676970 -4.44611068145 -0.772483740660 -3.29926712509 -2.49341327133 -2.26334228066 -1.78385530536 -1.61576473312 -2.52267489154 -2.62512980006 -2.68636480056 -2.92193773679 -2.36019147040 -2.66982195257 -3.33471258040 -2.77589303635 -2.13064895362 -2.11179082324 -1.52506802396 -0.987399573553 -0.972783700901 -1.31274232665 -1.66425015472 -1.56847256764 -0.793485658250 -1.30791850661 -1.68709658546 -4.42699602954 -4.45438433408 -3.65050648775 -3.18174974353 -3.48523176163 -3.68189957321 -3.45887311678 -3.35700565652 -2.25608236494 -2.75057559444 -8.54419607128 -3.65035111870 -1.74357055371 -1.45347861061 -2.03289866458 -1.73358112973 -1.65838875255 -1.61245772547 -1.38764089655 -1.73645666492 -2.22617978818 -1.41325704496 -1.10598227348 -2.28451780657 -3.06420266071 -2.14937941614 -1.48595720061 -2.25565567636 -2.70174405571 -1.37631324781 -1.45347731415 -2.18562824468 -2.00283170719 -2.82528647578 -1.90313503120 -2.02531810580 -2.57542420191 -2.18648411565 -2.12338114808 -2.12932549589 -1.77712102735 -1.96932621293 -1.94401322228 -1.66236483505 -1.37609480078 -1.32808770840 -2.27822743923 -0.813875581137 -2.22259661372 -1.75320836808 -1.64289411908 -3.28847967455
