# Number of parameters = 204 Objective function value = -3673.26142620850  Maximum gradient component = 1.94612357236651e-005
# theta[1]:
-0.398455006611
# theta[2]:
6.72274959126
# theta[3]:
6.82094423222
# theta[4]:
7.24862608737
# theta[5]:
0.790117632357
# theta[6]:
4.00000000000
# log_rinit_devs:
 0.334906515975 0.186091729244 0.110918157696 -0.100122304571 -0.531794098344
# log_rbar_devs:
 0.653379294919 0.467081126860 0.288306614090 0.390293201146 0.291795283317 0.604766729438 0.270217307926 0.249779126773 0.298859347371 0.444763606002 0.478744760178 0.455875008195 0.452777187172 0.577366093053 0.715233398968 0.799870072651 1.03991842842 0.828433883291 1.00649195524 0.795749027290 0.804374804447 0.884233315061 0.822510836889 0.624881636706 0.738463052738 0.801611323036 0.714158246784 1.08263916658 0.625556286676 0.365389525025 0.0930159523323 0.166502745620 0.171347658753 -0.290278152313 -0.571341723467 -0.831279233632 -1.12951780657 -1.18222737800 -1.20977609248 -1.29032149611 -1.27975597222 -1.35878021461 -1.35439216643 -1.37041006024 -1.27836876144 -1.84349570858 -2.08962874155 -2.41448388964 -2.01261886080 -0.569953621022 0.889953455211 -0.350667326244 -1.79869272088 -0.779625667999 0.823522316551 0.0824605629950 -0.978301058154 -0.0936235998822 1.61968892023 -0.231678341591 -2.00671654969 -0.891948127194 1.76357150548 -0.722418689418 -1.45199837487 -1.14924240172 0.341141310956 0.191107581820 1.23484252266 1.26468669626 -0.195279204032 0.587870195380 0.945929375918 0.421644604874 1.75861616234 -0.423888372189 0.256517289698 0.308521909869 0.570123431381 0.706910001254 0.293089861966 0.253263123763 -0.559273451227 -0.928811757538 0.0796229681851 -1.81348057204 1.41448994080 -0.769201594063 1.10716654988 0.949875955114 0.352475442278
# mat_params[1]:
 7.17489737049 10.1640415424
# mat_params[2]:
 7.49407389323 10.6200584726
# mat_params[3]:
 5.57036671133 8.28204360175
# log_m_devs:
 -0.0841397722581 0.183759783864 -0.0996200116061
# log_slx_pars[1]:
 1.07425807480 -0.450947476364
# log_slx_pars[2]:
 1.52087758315 -0.372073961058
# log_ft_pars:
 -1.12584311268 -1.19929650551 -1.60531992086 -1.50239166655 -1.23141565375 -1.20444090031 -1.30082726967 -1.73602320261 -1.41629066465 -2.31543449823 -2.55275267647 -0.786867513622 -4.84708686334 -0.680846453309 -3.76141777098 -2.99560006838 -2.00947547704 -1.54395308243 -1.38484320350 -2.29520258029 -2.41882183780 -2.47804022786 -2.71262468495 -2.16998366912 -2.48442238638 -3.13041571535 -2.56779257603 -1.90468321240 -1.90010310549 -1.36194975869 -0.836207260473 -0.787648968957 -1.09902712434 -1.47114468500 -1.40812836928 -0.627749060346 -1.11703259271 -1.48766181680 -4.21399047311 -4.22380704526 -3.39984910625 -2.90989995073 -3.17676144441 -3.36508374770 -3.15516837746 -3.05925884555 -1.95298291491 -2.41224488558 -9.03891393166 -4.20683112714 -2.43864913659 -2.21262026988 -2.68421807348 -2.19092403426 -2.15831605036 -2.25457509639 -2.03583485451 -2.25284489603 -2.79195439439 -2.11341765289 -1.75155194173 -2.71410833047 -3.52321689861 -2.79710473567 -2.09228671217 -2.63215304752 -3.00991368371 -1.83358473861 -2.07660432824 -2.85913885329 -2.65773804989 -3.35788890912 -2.37447139590 -2.53010170025 -3.11993585398 -2.75705647946 -2.63528057126 -2.53363160323 -2.24771473540 -2.01331432721 -2.18600302894 -2.02804443895 -1.88993053104 -1.97540720376 -2.80735245379 -1.49118454743 -2.26669077190 -2.28514970125 -2.24507925202 -3.93174609087
