# Number of parameters = 204 Objective function value = -3537.66532926452  Maximum gradient component = 0.000622066040309947
# theta[1]:
-0.0146977477362
# theta[2]:
10.1041454755
# theta[3]:
8.82057541840
# theta[4]:
9.10368881465
# theta[5]:
0.776170465199
# theta[6]:
4.00000000000
# log_rinit_devs:
 -0.299776044083 -0.181091969772 0.0629763142504 0.106490341397 0.311401358207
# log_rbar_devs:
 1.33513365817 1.10703561739 0.823469003240 0.810976472042 0.621243088661 1.03255301631 0.570151881864 0.474263027787 0.448819593703 0.537053213469 0.446529815695 0.393430748292 0.478604274966 0.551718892440 0.789956124711 0.647220207179 0.770865553587 0.558621788371 0.843102081463 0.566914629365 0.558529518250 0.642941362993 0.542254519725 0.249715602779 0.357772171442 0.394244650620 0.251847767535 0.719905282699 0.165225835013 -0.0476329309618 -0.211962186232 0.0649991325502 0.187325152263 -0.282740603608 -0.446069765582 -0.565724275091 -0.826443533248 -0.892763785467 -0.985653706410 -1.15967425569 -1.19599408250 -1.33340324743 -1.35530997409 -1.39153538792 -1.25548434292 -1.82926520293 -1.94348244978 -2.15468392655 -1.66377514585 -0.193658170944 1.41540717857 0.0286349470673 -1.32275754154 -0.340268610756 1.23560262474 0.510081175620 -0.539206059111 0.294765069223 1.98266350256 0.220754165981 -1.44468625474 -0.514907694784 2.02102148660 -0.363031041027 -1.12179673672 -0.861114219301 0.550750345462 0.465702304563 1.48385073713 1.50768453527 0.0919454265144 0.864411772933 1.17800906504 0.667648113586 2.03022738888 -0.231641509540 0.257986489639 0.0950875702644 0.0920070098814 -0.0308627263717 -0.421532695537 -0.504869968453 -1.45582066775 -1.87875099527 -0.844720322107 -2.70120595338 0.695732544763 -1.64014771166 0.142916470289 -0.0485971838954 0.225861256029
# mat_params[1]:
 8.02553400934 10.8032711391
# mat_params[2]:
 6.20109816007 8.96500693494
# mat_params[3]:
 6.25397561886 8.69073807547
# log_m_devs:
 0.106027261581 -0.151812823225 0.0457855616435
# log_slx_pars[1]:
 1.70704882269 -0.207736429230
# log_slx_pars[2]:
 1.73327371737 -0.472327719874
# log_ft_pars:
 -2.00981073953 -2.04882673242 -2.43758727840 -2.25057280740 -1.90164204131 -1.77208911663 -1.84624056492 -2.24118760196 -1.83769366425 -2.57008790522 -2.64449156725 -6.79534681295 -4.96959158731 -6.64818552796 -3.88191091339 -2.94698631246 -2.62675036876 -2.19564540491 -2.10926370655 -3.04038108673 -3.14647567962 -3.19350165948 -3.39518533832 -2.81468488255 -3.10191261874 -3.70379564799 -3.08822286572 -2.44654611140 -2.42268088603 -1.89356898991 -1.44730690377 -1.53630551279 -1.98480061072 -2.41660630903 -2.41245957889 -1.78200833901 -2.42610960374 -2.83306278534 -5.49923858083 -5.40693756898 -4.50208524000 -3.94586837180 -4.15702348718 -4.29863588381 -4.05978083730 -3.93148560755 -2.86931943726 -3.38123433638 -10.0829402166 -5.49543451673 -4.03264855942 -3.63754552207 -4.04843587937 -3.61410321159 -3.67768813031 -3.65011123333 -3.37967325555 -3.64828046690 -4.26333829385 -3.43669574916 -3.04762967823 -4.06442590526 -4.92645547172 -3.98700225526 -3.22185825146 -3.82439600945 -4.22800615560 -3.00614704672 -3.33995332449 -4.09745183751 -3.80300767271 -4.51008606325 -3.55318978109 -3.66957974517 -4.35561827589 -3.88620785522 -3.72011697947 -3.59229044791 -3.14430950465 -2.68495387791 -2.68863099050 -2.43542513892 -2.23704501632 -2.27952587846 -3.05801107509 -1.65142412973 -2.04731451313 -1.82087363714 -1.73753678705 -3.37180707639
