# Number of parameters = 198 Objective function value = -3483.52259370264  Maximum gradient component = 5.73721531869191e-005
# theta[1]:
-0.166554105065
# theta[2]:
8.63766435568
# theta[3]:
7.43195936793
# theta[4]:
7.90342673205
# theta[5]:
0.353714779967
# theta[6]:
4.00000000000
# log_rinit_devs:
 -0.154133890828 -0.0834972645947 0.0739454075692 0.0947817268772 0.0689040209764
# log_rbar_devs:
 1.33143140904 1.14844124721 0.935351759735 0.916082871055 0.745418564806 1.00488341876 0.623095914178 0.523072845450 0.464756200336 0.523754975647 0.460234974912 0.442351823277 0.532540342184 0.610178451523 0.796162188990 0.689614298100 0.757551515386 0.569946160171 0.743136572758 0.527992498099 0.516497233755 0.570162291784 0.485934173692 0.269892799708 0.342506129598 0.364085554315 0.242688736547 0.552862898873 0.0961421997790 -0.159425186241 -0.417738719745 -0.359966791256 -0.368941816526 -0.807447921749 -1.06305753737 -1.29707361192 -1.58238473596 -1.65497377892 -1.71280165050 -1.81332287334 -1.82672029463 -1.90801446769 -1.90694920715 -1.92235868293 -1.80797719113 -2.24630091623 -2.33644605937 -2.50016456192 -1.96525277221 -0.509393372022 1.05637912710 -0.275972484443 -1.68561924655 -0.668476787114 0.918970734013 0.201042726580 -0.833547248784 0.0240845915849 1.67753262081 -0.0777404754077 -1.78582100844 -0.751688086130 1.80025762016 -0.595115232525 -1.32133231010 -1.03437807280 0.416668918435 0.307234616129 1.34792997637 1.37457351457 -0.0373872466997 0.739903687381 1.10929361472 0.645511441136 1.93443827402 -0.0976322581888 0.616350656276 0.747311354055 1.11382417375 1.41299382764 0.992908738527 0.942642690700 0.0364284775324 -0.412844867459 0.555847595964 -1.45872375283 1.81087495876 -0.627591877380 1.08120180953 0.735513103039 0.444094205236
# mat_params[1]:
 6.75349621448 9.81203473719
# log_m_devs:
 -0.0668490178720 0.0412882583929 0.0255607594791
# log_slx_pars[1]:
 1.50389776911 -0.323166304334
# log_ft_pars:
 -1.80802022280 -1.85372278978 -2.25948867737 -2.08758094058 -1.76027983001 -1.59891673061 -1.65970541635 -2.04256278513 -1.62217090922 -2.34950046258 -2.43583370318 -6.14931579225 -4.81238653516 -5.96860259996 -3.74117272771 -2.80360893478 -2.45632211383 -2.00467386933 -1.86529749185 -2.78717372134 -2.89651360803 -2.94013225215 -3.15168689472 -2.58676782877 -2.87970083359 -3.49474420998 -2.89264852548 -2.18809621717 -2.14298992695 -1.56837297402 -1.03310733986 -0.999052880024 -1.31756010580 -1.68122656982 -1.60942853571 -0.847317735755 -1.39019424569 -1.77334372531 -4.48454339008 -4.46455304451 -3.61361093961 -3.10199624999 -3.35249153503 -3.53077119979 -3.31866338438 -3.22984590201 -2.17591401921 -2.72139737966 -9.47939759937 -4.82500198829 -3.28795700216 -2.98283986275 -3.35893752143 -2.83114294986 -2.90654542609 -2.98063539679 -2.70868490433 -2.91834211008 -3.53583250638 -2.80668708632 -2.37153245783 -3.30390757635 -4.22629443888 -3.44883515760 -2.65562427380 -3.15435744847 -3.59632454982 -2.47788964121 -2.81568771464 -3.60235803253 -3.33379947552 -3.99686453234 -3.04354852390 -3.22236730709 -3.89077213114 -3.49316198657 -3.34358617109 -3.28650967081 -3.12056914023 -3.04534542475 -3.14135614964 -2.89230262264 -2.67063010422 -2.66177301820 -3.41317879106 -2.04839995011 -3.04792577742 -2.98595665171 -2.78673713163 -4.27728634601
