# Number of parameters = 204 Objective function value = -3533.14461568206  Maximum gradient component = 0.000252270555719942
# theta[1]:
-0.179512244287
# theta[2]:
8.30463751351
# theta[3]:
7.62077640721
# theta[4]:
7.99893226765
# theta[5]:
0.418549048291
# theta[6]:
4.00000000000
# log_rinit_devs:
 -0.0550768310169 -0.0183951571432 0.0869656479771 0.0546380884742 -0.0681317482911
# log_rbar_devs:
 0.912865086929 0.758090889032 0.581939186278 0.597364152709 0.455518521542 0.705730220310 0.385593241444 0.326344663981 0.312707737011 0.404886122014 0.375693825458 0.376272897974 0.469992133867 0.562869894392 0.776846637593 0.743325566675 0.875375466626 0.692156096443 0.841430230137 0.631555378091 0.610792678395 0.651637544460 0.566319829889 0.358536295663 0.419295649713 0.432212044692 0.313408623955 0.595102997164 0.162034516082 -0.0795973212243 -0.318063206894 -0.261585523138 -0.271428550253 -0.680360805717 -0.911092273886 -1.11630324655 -1.37476455312 -1.44997027810 -1.51853659580 -1.62999411871 -1.65883009566 -1.74964059860 -1.76320604398 -1.78980815742 -1.69788888114 -2.11994927230 -2.20994052728 -2.37289402550 -1.82651462975 -0.377932246024 1.20197141858 -0.121649081133 -1.55990169916 -0.533548940269 1.08690945861 0.348487082988 -0.700983628190 0.162743074150 1.87147588724 0.0642881143608 -1.70268322759 -0.627080821245 1.98434780659 -0.486664538352 -1.22363853660 -0.946569472099 0.524844416348 0.407813614076 1.46429173945 1.48991635765 0.0305611001387 0.801783453881 1.15317253563 0.630819621409 1.93690167862 -0.250380719005 0.390073007928 0.417411714682 0.651783671849 0.765234372503 0.402128621349 0.403179108319 -0.317200035455 -0.622802198097 0.411349583197 -1.42970675778 1.80924660033 -0.604361814887 1.03506154695 0.586642945006 0.377135760544
# mat_params[1]:
 6.91222519521 9.90698407920
# mat_params[2]:
 7.37539835204 11.0433536047
# log_m_devs:
 -0.0969560391723 0.0144744586643 0.141469650907 -0.141814234641 0.0828261642426
# log_slx_pars[1]:
 1.52336215277 -0.305030815527
# log_slx_pars[2]:
 1.76295208440 -0.267178082400
# log_ft_pars:
 -1.53251843095 -1.59369265698 -2.02441119143 -1.88481107032 -1.58695162479 -1.44836813715 -1.53485396441 -1.95596134033 -1.57695940365 -2.35506363765 -2.48570697786 -2.59434501336 -4.90200964212 -2.12335781002 -3.84254041810 -2.95569987586 -2.66827567018 -2.19814354057 -2.04814902356 -2.95712857917 -3.05069850968 -3.08208813417 -3.28228050942 -2.71081850315 -2.99952857493 -3.60867598285 -3.00243563866 -2.29915744442 -2.24990400722 -1.68073375477 -1.16889555910 -1.16263024292 -1.49610757602 -1.86116879422 -1.79360429354 -1.06458608189 -1.64384758327 -2.04081110017 -4.74259721103 -4.70413561039 -3.83833722050 -3.31525453176 -3.55573399197 -3.72102352221 -3.49244751111 -3.39095693710 -2.33633001234 -2.88115025707 -9.64370441101 -5.00999297647 -3.51524155702 -3.16539823652 -3.50028884675 -2.95196804060 -3.09085072568 -3.15758496285 -2.86386033495 -3.06283184239 -3.75344512421 -3.00436517322 -2.54124531112 -3.43948077391 -4.43610619653 -3.63747483371 -2.81374701000 -3.27269180790 -3.70962619196 -2.59619500467 -2.97101209897 -3.75454315633 -3.45215349592 -4.08746340794 -3.12127473594 -3.26907251814 -3.94026750409 -3.49713189807 -3.29253640504 -3.15190531723 -2.86740788759 -2.64663002715 -2.83568481344 -2.67853285316 -2.55296022335 -2.66298785290 -3.53816259053 -2.28887683288 -2.41677623812 -2.16363199571 -1.96922642240 -3.53944983432
