# Number of parameters = 207 Objective function value = -3670.88749652150  Maximum gradient component = 0.000699984328818138
# theta[1]:
0.103818479007
# theta[2]:
8.77201391461
# theta[3]:
9.00108096616
# theta[4]:
9.67874055408
# theta[5]:
0.652708897332
# theta[6]:
4.00000000000
# log_rinit_devs:
 -0.0478623395725 -0.0221398913157 0.102645492414 -0.00565807194563 -0.0269851895806
# log_rbar_devs:
 0.140644571834 -0.0313365439075 -0.248206226253 -0.147982157889 -0.274124901003 0.177026131042 -0.179552816579 -0.191725392164 -0.122314220322 0.00660426541427 -0.0872139565122 -0.198539166127 -0.186353062998 -0.152198650527 0.0332298413897 -0.0844690064230 0.00879890390465 -0.184519641202 0.106084615003 -0.127835115682 -0.107033338057 0.00138865274820 -0.0626904184388 -0.306832329161 -0.165408561802 -0.0959538129662 -0.200389903137 0.262060514158 -0.249406121652 -0.445263091233 -0.577535491499 -0.263245840467 -0.0877836928571 -0.484359671091 -0.576691280101 -0.615636984531 -0.788118553108 -0.766993007393 -0.774159990085 -0.871562146507 -0.830368874710 -0.903213740797 -0.862598996805 -0.823354318998 -0.632267604315 -1.17357294700 -1.31697672228 -1.62316022436 -1.30817096804 0.0808174737199 1.67482948189 0.397840399424 -1.00483436946 -0.00457015947792 1.57310059339 0.844118543410 -0.218132087701 0.630651978769 2.37461425552 0.554941600682 -1.22854566756 -0.172250806045 2.42462196848 -0.0242833677633 -0.799183192889 -0.544578662993 0.885458019370 0.786919206053 1.79733220744 1.81906580235 0.366116450651 1.13030497350 1.43022126455 0.868439889387 2.13439840760 -0.180532469054 0.331085499933 0.321818225471 0.593831947656 0.856756486332 0.466212019569 0.414048297997 -0.595134052984 -1.03990314497 -0.0557025850288 -2.05695080692 1.22384712527 -1.16223994135 0.595222305676 0.317860667373 0.585648216252
# mat_params[1]:
 8.55624093723 10.9725666657
# mat_params[2]:
 8.96746482012 11.6347732175
# mat_params[3]:
 9.63298837111 13.2551917896
# mat_params[4]:
 6.78355171651 9.23397281801
# log_m_devs:
 -0.0335972732228 0.0335972732228
# log_slx_pars[1]:
 1.73404666124 0.210370620289
# log_slx_pars[2]:
 1.72449491836 -0.273287505181
# log_slx_pars[3]:
 1.85836683393 -0.316176912366
# log_ft_pars:
 -1.16522292074 -1.27986504784 -1.68404628051 -1.55966189047 -1.27575284438 -1.31063790358 -1.43235675341 -1.87253392138 -1.55243252108 -2.41894066251 -2.55694475536 -0.819240190207 -4.80410428846 -0.158405563341 -3.60894285548 -2.69784714867 -1.90417430800 -1.47886928669 -1.38335867874 -2.33484630271 -2.47607932098 -2.55448905776 -2.79059176417 -2.24461345354 -2.57163603709 -3.21232823249 -2.63079011072 -1.99575180214 -2.00512385576 -1.50559796361 -1.07396896425 -1.17316582301 -1.65822169176 -2.15508177177 -2.22481545641 -1.65968604752 -2.38327726574 -2.87499840492 -5.62762086613 -5.61808526319 -4.79547888542 -4.31894713682 -4.60249001472 -4.81544283738 -4.64435336933 -4.58499010180 -3.57901412382 -4.12593784129 -10.7656265219 -5.91845423141 -4.23478006596 -3.92135026021 -4.43470459011 -4.07270412605 -4.05614586371 -4.02836062565 -3.81737426358 -4.11571754963 -4.64432304453 -3.85233752358 -3.55570695911 -4.62987348734 -5.35925832131 -4.42076227065 -3.73831284256 -4.41652894927 -4.75065911385 -3.44073609237 -3.67585724603 -4.42688057570 -4.18911126893 -4.93199334382 -3.94673986704 -4.04099420621 -4.59479804785 -4.12969308752 -3.98213603417 -3.88599253858 -3.46857172363 -2.50271220207 -2.35887885708 -2.10536258364 -1.95968223579 -2.05496916140 -2.84935579456 -1.40982663492 -2.01501689221 -1.76469174761 -1.61724710882 -3.25949413489
