# Number of parameters = 204 Objective function value = -3605.65387799704  Maximum gradient component = 0.000151695858612759
# theta[1]:
-0.377778698698
# theta[2]:
7.34758764955
# theta[3]:
6.42202113467
# theta[4]:
6.94680278319
# theta[5]:
0.662451544288
# theta[6]:
4.00000000000
# log_rinit_devs:
 0.158697504608 0.125319953414 0.121391234009 -0.0481025553668 -0.357306136664
# log_rbar_devs:
 1.42083456759 1.24074908887 1.05980751551 1.08200674716 0.913337091211 1.16969720660 0.780458824875 0.691938332351 0.657658067489 0.744666475459 0.675735343497 0.613360974464 0.670517191056 0.714209538770 0.891570995979 0.807840572286 0.833432957494 0.627952339576 0.779593800044 0.566372808277 0.581705285398 0.670814726512 0.623339177864 0.439677761718 0.559276487441 0.642215593450 0.581359372760 0.965079587965 0.547170561521 0.315938460160 0.0338545228724 0.0595169270239 0.0353443492340 -0.417908697961 -0.707122927370 -1.03973229849 -1.43444841391 -1.54176303756 -1.57322173028 -1.62300528261 -1.58981903592 -1.64735407445 -1.62707421731 -1.63172118206 -1.51255373614 -2.03968778279 -2.28219691033 -2.61355908860 -2.19919518325 -0.716230094580 0.724392623613 -0.505659111278 -1.92687590120 -0.915702512818 0.657525747317 -0.0655237615483 -1.10923646576 -0.227125980690 1.43457938513 -0.363204557613 -2.11547572053 -1.02455277269 1.57450533279 -0.829684078490 -1.54922497634 -1.23863572392 0.244159304433 0.105336304266 1.13821382771 1.16443705237 -0.255749182502 0.522732443344 0.900626005426 0.421034012340 1.71895611479 -0.309601059119 0.422469914972 0.575167586953 0.956138036462 1.26020120046 0.835580227184 0.781979687665 -0.152890918262 -0.617790492098 0.351517218474 -1.76877995255 1.45413683047 -1.02610329781 0.804499510516 0.634036759340 0.519151780327
# mat_params[1]:
 7.20118151712 10.1050703537
# mat_params[2]:
 7.17054987228 10.5187303246
# mat_params[3]:
 5.05497656781 7.62094667960
# mat_params[4]:
 4.85170669408 7.18762593970
# log_m_devs:
 0.00000000000
# log_slx_pars[1]:
 1.39111742727 -0.395403607404
# log_slx_pars[2]:
 1.61023665199 -0.378091209889
# log_ft_pars:
 -1.06133952022 -1.13466809398 -1.56178558471 -1.42044667064 -1.10374374792 -0.953813301613 -1.01553430018 -1.40013110659 -0.981338378258 -1.75665888722 -1.91160214388 -0.894748419396 -4.20215588977 -0.802457944064 -3.06498829435 -2.20924455362 -1.88856764478 -1.41631205482 -1.23469201987 -2.14001159506 -2.26697264016 -2.34117897653 -2.59424226566 -2.05602814592 -2.37923927031 -3.05267826147 -2.51129630703 -1.86907692315 -1.87569816721 -1.32022880814 -0.772124704752 -0.710087543134 -1.01422786526 -1.37266073240 -1.28475538269 -0.451994439293 -0.863486238864 -1.17983786857 -3.90864138217 -3.95336225407 -3.15787212633 -2.69046362350 -2.98382685450 -3.19198442944 -2.99900008989 -2.91625366893 -1.80149012428 -2.26391456721 -8.92982687008 -4.20508908675 -2.50281512721 -2.22039131959 -2.58078332239 -2.05994646643 -2.14324194813 -2.25262756729 -1.95222238287 -2.15287602522 -2.79068095338 -2.09700789055 -1.60606278592 -2.54034616205 -3.50468191694 -2.79609243525 -1.96846798771 -2.47637316779 -2.97535947690 -1.87345874240 -2.13962917072 -2.92984078973 -2.68137698459 -3.34923981130 -2.41401054698 -2.60373824853 -3.23229130968 -2.87392992661 -2.71824935188 -2.68513577690 -2.54383552095 -2.46938685977 -2.56672238738 -2.31396418885 -2.09755239226 -2.07755210997 -2.82888525114 -1.46950444776 -1.63215417373 -1.48680042341 -1.36337487220 -2.94660643912
