# Number of parameters = 201 Objective function value = -3572.84244705867  Maximum gradient component = 0.000385655237571502
# theta[1]:
-0.0635102667259
# theta[2]:
9.06628404140
# theta[3]:
8.67714128658
# theta[4]:
8.94586574232
# theta[5]:
1.02383337885
# theta[6]:
4.00000000000
# log_rinit_devs:
 -0.0960737796592 -0.0619935551123 0.0922227077399 5.33073580534e-005 0.0657913196737
# log_rbar_devs:
 0.751215617319 0.577555167420 0.357730667787 0.435015970561 0.299146051092 0.765477569623 0.394448623622 0.385711311965 0.464010546953 0.636744624896 0.621920756586 0.643859884582 0.792109251950 0.891596794028 1.12233632632 0.940996844300 0.960691185847 0.748178694741 1.01627363221 0.721820049176 0.700275045178 0.775324166867 0.670141411237 0.375636434390 0.484345443479 0.522618332834 0.380574526806 0.860341091333 0.302243860783 0.0932504818507 -0.0702217350629 0.207897343889 0.328537474553 -0.150517162267 -0.321018421620 -0.450292891721 -0.722598324429 -0.801072397999 -0.905975245295 -1.09078794884 -1.13950292135 -1.28744745391 -1.32079805491 -1.36697867553 -1.23874036393 -1.81403560821 -1.93461474946 -2.15511006356 -1.66260854497 -0.198479377600 1.39987412185 0.0448463230040 -1.31578333976 -0.327417261509 1.24948981021 0.522974458180 -0.529908888071 0.308751966388 2.00974378276 0.228182171616 -1.46521158196 -0.510709053254 2.04066935997 -0.363102572720 -1.12752964408 -0.869320875432 0.546547814770 0.458373986739 1.47339130901 1.49666618416 0.0733656441530 0.844907985503 1.15816822360 0.633704253183 2.00089961982 -0.294093001487 0.191636336299 0.0272933210888 0.0383880489811 -0.0512375783058 -0.431679442597 -0.509347167860 -1.48775894472 -1.93822707974 -0.982189651590 -2.92996941328 0.232659494140 -1.99561755182 -0.197232706509 -0.347150371052 0.0957266668101
# mat_params[1]:
 7.95921302881 10.2678307432
# mat_params[2]:
 8.10619805398 11.0569722324
# mat_params[3]:
 6.09121373533 8.86690932971
# log_m_devs:
 0.133225528277 -0.133225528277
# log_slx_pars[1]:
 1.70453944428 -0.210913222070
# log_ft_pars:
 -1.10306712731 -1.22065539291 -1.68217206229 -1.56627287865 -1.27504276954 -1.22334491079 -1.37382352323 -1.85061149420 -1.52826648691 -2.37204911047 -2.54942640921 -1.98627512459 -5.02589985400 -1.23802014340 -4.02100432246 -3.13493187655 -2.81659389824 -2.36425449733 -2.24271381198 -3.15047219801 -3.23683251615 -3.26668624934 -3.45513311246 -2.86841657623 -3.15028086215 -3.74756684082 -3.13132500000 -2.48956388484 -2.47003545133 -1.95042396188 -1.51451754505 -1.60290728414 -2.04344258254 -2.47254536882 -2.46860543234 -1.83778179147 -2.47441542085 -2.87093599909 -5.52419461545 -5.42003687969 -4.50260678205 -3.93420391843 -4.12941399440 -4.25939141193 -4.01196885218 -3.87564545415 -2.80574154146 -3.31366368644 -10.0047851970 -5.38708035304 -3.89477836553 -3.51967249605 -3.94983207556 -3.52971915544 -3.58367474620 -3.56127667253 -3.30195935225 -3.57492499120 -4.17642043234 -3.35812971568 -2.98443038447 -4.00985463739 -4.84419625604 -3.90655341305 -3.15353088691 -3.76702543359 -4.15605372063 -2.91610630371 -3.22533391207 -3.98066901698 -3.69697855400 -4.40998520546 -3.44836122846 -3.56184810690 -4.22789588718 -3.76428376545 -3.60249798330 -3.47571790338 -3.02037025642 -2.55416315489 -2.56280002979 -2.32212947764 -2.13797178933 -2.18822563838 -2.96112737397 -1.53068324199 -2.19821011157 -2.04495542761 -1.95480902354 -3.62154513442
