# Number of parameters = 209 Objective function value = -3695.16425625702  Maximum gradient component = 6.31155377794466e-005
# theta[1]:
-0.283083084479
# theta[2]:
6.98046823002
# theta[3]:
6.82977860318
# theta[4]:
7.37048710092
# theta[5]:
0.504831941114
# theta[6]:
4.00000000000
# log_rinit_devs:
 0.243658656876 0.127194981106 0.0986828781792 -0.0636437442533 -0.405892771907
# log_rbar_devs:
 0.799854904871 0.614670054626 0.430069539356 0.525495450569 0.421860121648 0.743738006380 0.399391066825 0.369539523304 0.398914661442 0.525414812723 0.535828838875 0.507175747686 0.520131038080 0.620213489218 0.744316761683 0.780283907942 0.977568207751 0.776553797763 0.944759720477 0.714286408841 0.708580670250 0.777190162249 0.702346153908 0.482020232844 0.571515658378 0.620372806774 0.527041675843 0.897063117614 0.460216280211 0.235612751098 -0.0284763330506 0.0263296198737 0.0228172116308 -0.413561991353 -0.648956983975 -0.909969859606 -1.24614848481 -1.33924988692 -1.39057751741 -1.47978960521 -1.47697853723 -1.56846613879 -1.57772341643 -1.61096889299 -1.51269679403 -2.05768122678 -2.27168554942 -2.56586333979 -2.12386393136 -0.685599266222 0.757969594738 -0.502064811417 -1.94342853113 -0.917452316476 0.678240678573 -0.0472832547336 -1.08938449166 -0.223979622546 1.46379680533 -0.355746982813 -2.10123745346 -0.966953717027 1.68021670843 -0.770699387151 -1.48247436293 -1.17308073016 0.305416201230 0.174929431181 1.22483232050 1.25955442068 -0.171951365694 0.617651954971 0.992521593879 0.515525604233 1.81827580779 -0.262198745307 0.446840001179 0.573113207143 0.957672283523 1.30526791218 0.872547933093 0.833806321511 -0.0648657687124 -0.502266289711 0.505357873483 -1.52425186417 1.75646779809 -0.673014364674 1.13855350465 0.885591163490 0.535270294553
# mat_params[1]:
 7.05207350146 10.0529329134
# mat_params[2]:
 7.29944709138 10.5214997367
# mat_params[3]:
 5.75993381123 8.66266152480
# mat_params[4]:
 5.58144614103 8.02939313986
# log_m_devs:
 -0.153295174333 0.0365864959539 0.0159329854698 0.100775692910
# log_slx_pars[1]:
 1.05434514367 -0.564410508673
# log_slx_pars[2]:
 1.34505447557 -0.557718276106
# log_slx_pars[3]:
 1.69791122413 -0.216462454040
# log_ft_pars:
 -1.33060535702 -1.40985008271 -1.81030148103 -1.69699263676 -1.42247191627 -1.40017052071 -1.49486432624 -1.91691669172 -1.58059606146 -2.45555639205 -2.66178421807 -1.04148910184 -4.96545506995 -0.893904753589 -3.86303614121 -3.04746816223 -2.38367295728 -1.91785064074 -1.76246069968 -2.68317088101 -2.78377414597 -2.83123078890 -3.05727041892 -2.48999283852 -2.77833684615 -3.41614875355 -2.84055045250 -2.17653574553 -2.17111335951 -1.58994991667 -1.04255553778 -1.01867282648 -1.36942805287 -1.74785046968 -1.65869111628 -0.883013431877 -1.40157951174 -1.77046153233 -4.48337600249 -4.47877522953 -3.64119229962 -3.14178822450 -3.40818356939 -3.58020230538 -3.34514155034 -3.23970010008 -2.10591991843 -2.55539640364 -8.51356221013 -3.61931616017 -1.66839471316 -1.43280684059 -2.06120315650 -1.76546421464 -1.63956842676 -1.60533193945 -1.41170204645 -1.76652662782 -2.20603359317 -1.41618872190 -1.14650727971 -2.33813176410 -3.06633390036 -2.17886087191 -1.56384318028 -2.35207397110 -2.78540840342 -1.46560811723 -1.54620029832 -2.29263152522 -2.14870744736 -2.99318281243 -2.06594017658 -2.21018534001 -2.74130292611 -2.37409403950 -2.34160490525 -2.39263869178 -2.15686713132 -1.96088405499 -2.02657562802 -1.84914201898 -1.71224045839 -1.79458289706 -2.60191425476 -1.22361130205 -1.90577906138 -1.71782694784 -1.56985355531 -3.16995707204
