# Number of parameters = 202 Objective function value = -3559.67754735031  Maximum gradient component = 0.000654841108812644
# theta[1]:
0.158406456542
# theta[2]:
9.88593137722
# theta[3]:
9.83155306339
# theta[4]:
10.1796429260
# theta[5]:
0.658449087167
# theta[6]:
4.00000000000
# log_rinit_devs:
 -0.0979643312756 -0.0815087591025 0.0614315377991 0.00217628997824 0.115865262601
# log_rbar_devs:
 0.384241650462 0.252769092288 0.0792523579827 0.186460379994 0.100724927892 0.554316800399 0.258145772324 0.273285727890 0.370324191340 0.535630912469 0.523255704720 0.549679605627 0.691232187540 0.768293473747 0.935879363866 0.702218870818 0.619495635428 0.453258655281 0.702058593064 0.449102937596 0.422807633728 0.478261361201 0.372312834915 0.0978225235626 0.173719103952 0.181940756834 0.0352364809028 0.423957534435 -0.0579607237719 -0.233316201277 -0.355075899281 -0.0967699120543 0.0220169788794 -0.380046314139 -0.509781206478 -0.602113014549 -0.828542671148 -0.893419039205 -0.982120465563 -1.14448747725 -1.18168404506 -1.30821642099 -1.33255256001 -1.36840402511 -1.25532853298 -1.75485639845 -1.83680062584 -2.02680944755 -1.52492868822 -0.101143289110 1.53743856441 0.193321973014 -1.19455385338 -0.200638575041 1.39058760258 0.656215770093 -0.390326837772 0.441361230642 2.17257461532 0.381810766254 -1.36965417115 -0.357196670410 2.21121062282 -0.214904455278 -0.981051014730 -0.737794400997 0.682149227058 0.595044636059 1.61880907692 1.64825965622 0.209351553466 0.969618431447 1.27216908340 0.735478272984 2.01448826472 -0.253004718731 0.253282026127 0.199677055610 0.391510617085 0.560999880457 0.158530546740 0.0778293822171 -0.998586772431 -1.47981182149 -0.519618088108 -2.56910626599 0.692680259265 -1.71950555525 0.0256038008168 -0.237571440611 0.309976634550
# mat_params[1]:
 8.12899136613 10.2581516313
# mat_params[2]:
 9.23536734008 12.1779439240
# mat_params[3]:
 6.98980489883 9.40921072602
# log_m_devs:
 0.0366040049649 -0.0484721235522 0.0118681185873
# log_slx_pars[1]:
 1.78663399289 -0.219376074006
# log_ft_pars:
 -1.25527244541 -1.39096694320 -1.86803563129 -1.78170582609 -1.53403176004 -1.52407630792 -1.70258207508 -2.20268818108 -1.91481092494 -2.77784661495 -2.95308688847 -2.37562974300 -5.43151698195 -1.21067530646 -4.39865919252 -3.47116587712 -3.10245310173 -2.69750861960 -2.60306223636 -3.53468512763 -3.63298950298 -3.67216576103 -3.86135739701 -3.27658112789 -3.56282575912 -4.15087115401 -3.51294203252 -2.82202201224 -2.78506482380 -2.26658136071 -1.86946568699 -1.99553171416 -2.43861197622 -2.87656703138 -2.90222370604 -2.32243226905 -3.01775043691 -3.44591873280 -6.12040686991 -6.03040406404 -5.12795729682 -4.57771332001 -4.78258290092 -4.92794061833 -4.69651779083 -4.57038455523 -3.52606782598 -4.08141918353 -10.7933244373 -6.09116856973 -4.58084774619 -4.17232122312 -4.60677409467 -4.23447849401 -4.29932929031 -4.23763674346 -3.96900614437 -4.27170832003 -4.89243423779 -4.04278806533 -3.67456773958 -4.74287774757 -5.58621798364 -4.59580085559 -3.84104064957 -4.50790019398 -4.90019346658 -3.61232224889 -3.90879340068 -4.66137690383 -4.37026686589 -5.09951866402 -4.14339244120 -4.23414330642 -4.85222104104 -4.35200300634 -4.18064642435 -4.09152228273 -3.68671392789 -3.32622985173 -3.23587619347 -2.92906139954 -2.67457395346 -2.65075334228 -3.36951115956 -1.88708607620 -2.81661550058 -2.60261195046 -2.45990097908 -4.02138077029
