# Number of parameters = 203 Objective function value = -3642.23768182511  Maximum gradient component = 9.41766304060598e-005
# theta[1]:
-0.318674749521
# theta[2]:
7.96040791160
# theta[3]:
6.82496514159
# theta[4]:
7.20927350390
# theta[5]:
0.892223411017
# theta[6]:
4.00000000000
# log_rinit_devs:
 0.0349000969784 0.0490384062391 0.103971309690 -0.0159047625768 -0.172005050331
# log_rbar_devs:
 1.48671439024 1.31329680548 1.12231219658 1.12082500164 0.944650333339 1.19875957902 0.816178001293 0.718191025904 0.681705162271 0.758323082421 0.710275956658 0.702600178672 0.810620536978 0.899262930021 1.09670804426 0.991204176728 1.01549773762 0.820158929593 0.990873337941 0.781987480114 0.787245876821 0.863404254113 0.801993290364 0.605529916549 0.710639515589 0.770546737957 0.687994521206 1.04822177973 0.607937666527 0.362888408778 0.0994568551024 0.164503944517 0.163377104535 -0.280944228844 -0.541444142767 -0.791527193222 -1.09287604385 -1.15540627115 -1.19041994461 -1.27205013331 -1.26516419825 -1.34863672412 -1.35262794182 -1.37575516748 -1.29702077598 -1.87402932244 -2.15844907744 -2.53417027436 -2.19293894610 -0.740094584577 0.713853617530 -0.504874900623 -1.94299036920 -0.927748724394 0.665072687008 -0.0661433886936 -1.11894783651 -0.237147832456 1.45801974149 -0.377619816062 -2.15147018748 -1.04963501202 1.57467909075 -0.885915561347 -1.61649359779 -1.31993891852 0.162767318281 0.0140503709677 1.04600494860 1.07020238450 -0.378037516669 0.393213701447 0.749479279970 0.220316785472 1.54799859537 -0.625639068592 0.0516283184869 0.100473538026 0.356023424412 0.474138178645 0.0759831975678 0.0506929307440 -0.720367409982 -1.05379953316 -0.00157804552487 -1.83224555189 1.48595735870 -0.968746946031 0.752515961744 0.387471476590 0.238467522389
# mat_params[1]:
 7.51409514399 10.2618578905
# mat_params[2]:
 7.54141415653 10.6578465913
# mat_params[3]:
 5.37524983167 8.04977362720
# log_m_devs:
 0.118917692619 0.0576769795559 -0.278596448411 0.102001776236
# log_slx_pars[1]:
 1.48261700497 -0.317631255278
# log_ft_pars:
 -1.17931251284 -1.25450658557 -1.67868952697 -1.52462994849 -1.19670335382 -1.04492420929 -1.10509613382 -1.48726639678 -1.06393550934 -1.82192528786 -1.95479249129 -1.55262130251 -4.34459471907 -1.45128367421 -3.30773525866 -2.42544843557 -2.09657153344 -1.62962961801 -1.47146360186 -2.37999434228 -2.49590869668 -2.55512700985 -2.78818091851 -2.23783426956 -2.54908245487 -3.19784625821 -2.63387387103 -1.98215919303 -1.97091255275 -1.41613224133 -0.887295143047 -0.857076085088 -1.18969577479 -1.55785573977 -1.48216039595 -0.709773351617 -1.21897669289 -1.59852873814 -4.32509968854 -4.33014194235 -3.50342378063 -3.01132139764 -3.28072033297 -3.46220657527 -3.23851646691 -3.12496723974 -1.99553183055 -2.42560615610 -9.02962441229 -4.26020154967 -2.54003296445 -2.25700295533 -2.66505613137 -2.16884527307 -2.22113178363 -2.31024564641 -2.04663342050 -2.26412500929 -2.87380987262 -2.16355412240 -1.73768551087 -2.68944697565 -3.58480050456 -2.82933789669 -2.05459834215 -2.57893782761 -3.01497980285 -1.86278958410 -2.11917350544 -2.89237206366 -2.64903723483 -3.32904962208 -2.36729285283 -2.52119232457 -3.13096306921 -2.74345973128 -2.58710445167 -2.48996774651 -2.22218659577 -1.98990759252 -2.16233030320 -2.00032147694 -1.86974775970 -1.96652316652 -2.84186359693 -1.57269773125 -2.48995032566 -2.29693843116 -2.01285533268 -3.48698048741
