# Number of parameters = 205 Objective function value = -3633.12664081479  Maximum gradient component = 0.000815656487955225
# theta[1]:
-0.114169736609
# theta[2]:
8.57070133221
# theta[3]:
8.01247601338
# theta[4]:
8.28819696480
# theta[5]:
0.816160247838
# theta[6]:
4.00000000000
# log_rinit_devs:
 -0.0617860589601 -0.0387862324425 0.0715390217158 0.0189364440246 0.0100968256622
# log_rbar_devs:
 0.833549164939 0.659486838951 0.456238968923 0.510467434082 0.381572084294 0.728029992333 0.376948265006 0.326568969870 0.331511602054 0.428978527038 0.386881973284 0.383149096381 0.496186821904 0.589945249375 0.794383868892 0.668371916744 0.735975026469 0.542376190204 0.761164403264 0.534689010879 0.532345171341 0.604010124291 0.523478930378 0.292842329086 0.390966417311 0.425244003927 0.300208931598 0.668701406923 0.169226808667 -0.0745734105030 -0.285587244097 -0.125905499728 -0.0713547144839 -0.509004691337 -0.705639951236 -0.855004526908 -1.08781909011 -1.13593217477 -1.19748575554 -1.32286558689 -1.34145475981 -1.43919707871 -1.44335953532 -1.46290646952 -1.33792054549 -1.79822487179 -1.86405204759 -2.01150839513 -1.45023972102 -0.0160890197308 1.56198376715 0.232378281654 -1.19162924179 -0.182223026992 1.43057307174 0.683429899304 -0.380907058022 0.472910080455 2.21456526108 0.378433348551 -1.39287286337 -0.347382893523 2.28408495848 -0.212685348978 -0.971976141957 -0.709211313798 0.746182412395 0.637496119816 1.68316678840 1.71149225363 0.245594189478 1.02201818174 1.34843312351 0.803080031787 2.23154022211 -0.129483517419 0.392338851371 0.206325105643 0.188789069534 0.0562887905807 -0.336416496051 -0.397693563865 -1.27469005031 -1.68105975447 -0.679037259825 -2.59162992302 0.656946822071 -1.77971244962 -0.0334131026529 -0.315531767392 0.122130703876
# mat_params[1]:
 7.76345306543 10.4993644054
# mat_params[2]:
 7.64317853455 10.6617998243
# mat_params[3]:
 5.56751942400 8.14480706259
# log_m_devs:
 0.0381088497335 0.166868746898 -0.221917059464 0.0169394628323
# log_slx_pars[1]:
 1.39403741003 0.0687200649917
# log_slx_pars[2]:
 1.64099511319 -0.311103751886
# log_ft_pars:
 -1.88837555496 -1.97841695704 -2.36634621226 -2.21659314665 -1.91995689261 -1.90124369554 -1.99246113270 -2.39398059440 -2.02745346505 -2.85155366882 -2.98315538363 -3.36167042244 -5.39813964583 -3.47293435207 -4.41431016994 -3.47013736932 -2.32638093868 -1.88757099791 -1.76268784008 -2.68701648444 -2.80563326699 -2.85606464320 -3.06913902206 -2.51483074601 -2.81847076804 -3.43277679902 -2.83410438991 -2.14991599204 -2.12347353535 -1.59476797508 -1.11886122130 -1.12945119414 -1.48923345798 -1.89449209827 -1.88146049920 -1.20926538499 -1.82871845645 -2.24853633094 -4.95135543692 -4.90393359306 -4.03426152319 -3.50958374579 -3.74064286451 -3.90910109476 -3.69510295600 -3.60180733940 -2.56732273534 -3.13071453129 -9.87328702979 -5.13732284243 -3.56603573759 -3.25579286359 -3.70695460098 -3.23217077044 -3.24068407423 -3.26687669955 -3.04067963413 -3.27834691047 -3.85641486111 -3.09945466762 -2.75080377458 -3.72556224549 -4.53420638994 -3.68331185061 -2.96835824120 -3.52382333170 -3.84987145703 -2.62566010582 -2.94820232436 -3.72513927688 -3.47233032588 -4.16623761797 -3.17151758755 -3.28958527369 -3.95441776121 -3.53360216167 -3.38638256406 -3.21759144944 -2.73327614434 -2.25272459322 -2.32910448362 -2.13304004216 -1.97933767184 -2.05942332387 -2.86627537181 -1.49155522418 -2.18386544477 -1.93115824609 -1.71037099785 -3.21982668202
