# Number of parameters = 200 Objective function value = -3505.26044629062  Maximum gradient component = 0.000307186990971894
# theta[1]:
0.119387163584
# theta[2]:
10.4877184682
# theta[3]:
9.27815537203
# theta[4]:
9.60515874534
# theta[5]:
0.574952552629
# theta[6]:
4.00000000000
# log_rinit_devs:
 -0.283446479140 -0.169886526971 0.0633267597387 0.103945010731 0.286061235642
# log_rbar_devs:
 1.25598322272 1.03797879037 0.768569155718 0.764600934815 0.589143217416 0.978887917488 0.551676167805 0.464974682023 0.445366108520 0.528206689884 0.438774502853 0.381240488537 0.451952397509 0.511957445901 0.727803948722 0.587981748985 0.700826944882 0.500462747597 0.764830791153 0.500379943584 0.483702408293 0.553749215943 0.450054436102 0.165348066725 0.256641460906 0.277856379024 0.131626350884 0.554599914679 0.0300130517386 -0.172516411265 -0.322722161813 -0.0602787174880 0.0545826693564 -0.386236720542 -0.537422037271 -0.646129251087 -0.889956181217 -0.955258192688 -1.04612343081 -1.21510354087 -1.25246137581 -1.38534894306 -1.40918767673 -1.44715406970 -1.32818323864 -1.87697166077 -1.98602887063 -2.19656535222 -1.72213472620 -0.265038053994 1.36155725379 -0.0207567153711 -1.37499765963 -0.389995353779 1.18304383632 0.463518530901 -0.571721561418 0.253552668993 1.93196042066 0.190713968809 -1.47854181422 -0.539742315728 1.97248000206 -0.387629509545 -1.14181397481 -0.888685690859 0.516065910304 0.434835116989 1.44907455844 1.47445760638 0.0732075711674 0.837390027129 1.15245334176 0.664361189855 1.96125376539 -0.203790819337 0.348967680589 0.322526508288 0.534739584713 0.710788253657 0.300217575597 0.230425431541 -0.823863508506 -1.32808604766 -0.408468347232 -2.49539144585 0.646139351766 -1.74554386905 -0.0320052488833 -0.283020462782 0.291373002246
# mat_params[1]:
 8.38368832453 11.1640897258
# mat_params[2]:
 6.68662148253 9.08404429648
# mat_params[3]:
 6.53393762707 8.99426797429
# log_m_devs:
 0.00000000000
# log_slx_pars[1]:
 1.74619724064 -0.219270836720
# log_ft_pars:
 -2.15894551319 -2.19811499874 -2.59173791125 -2.41407305096 -2.07758153323 -1.94806513838 -2.02748951704 -2.43352844209 -2.04381633825 -2.78528297561 -2.85731675358 -6.45570128904 -5.17329025316 -6.21440881724 -4.05603237897 -3.10871567981 -2.78035428195 -2.34952328256 -2.25903664874 -3.19188893061 -3.29478972993 -3.33753470811 -3.53218712216 -2.94842198660 -3.23421450702 -3.82818728631 -3.20063858180 -2.53406960668 -2.50048486221 -1.97159956766 -1.54105393132 -1.63961403959 -2.08137116870 -2.51293646370 -2.51890715508 -1.90632959380 -2.56925483924 -2.98472791618 -5.65507857346 -5.56415844266 -4.66082755137 -4.10728471303 -4.31677368743 -4.45949023172 -4.22041669287 -4.09076758976 -3.03263325758 -3.55653492758 -10.2524316487 -5.62465195573 -4.14364160027 -3.75747439296 -4.19937122020 -3.80236625222 -3.84109395351 -3.79612047884 -3.53747603623 -3.82914100818 -4.41620328561 -3.58311034429 -3.21793572893 -4.27234044096 -5.09555916377 -4.13315179384 -3.38780902846 -4.03607476837 -4.43506032044 -3.18301544350 -3.49328086289 -4.24973746616 -3.96982500725 -4.69819235152 -3.74531650323 -3.86034016798 -4.51290761986 -4.04404450622 -3.90088278533 -3.83026636861 -3.47437313537 -3.17553505088 -3.12356972687 -2.82918451568 -2.57910591834 -2.55459970627 -3.26437949989 -1.77881037561 -2.59951738278 -2.36401430687 -2.18510419812 -3.72641743272
