# Number of parameters = 201 Objective function value = -3592.88911027196  Maximum gradient component = 0.000114243403351109
# theta[1]:
-0.385038025207
# theta[2]:
7.48099715633
# theta[3]:
6.43666654394
# theta[4]:
6.96032456818
# theta[5]:
0.635689614208
# theta[6]:
4.00000000000
# log_rinit_devs:
 0.103263338193 0.0988502297081 0.127683346540 -0.00476957064426 -0.325027343797
# log_rbar_devs:
 1.45086351955 1.27216343257 1.08563055187 1.09594952971 0.921580498591 1.15518697428 0.762568118369 0.656703869967 0.596182197314 0.659411910433 0.579587487098 0.511609445851 0.544505773770 0.576146084150 0.769033280226 0.729063891172 0.822971057739 0.608616551149 0.747771915397 0.536478583425 0.553544490441 0.642262226578 0.598891142159 0.423357897749 0.545139850231 0.632452861193 0.579662824669 0.956818218223 0.552449288913 0.322193632342 0.0385173648876 0.0576761147837 0.0320933978296 -0.412440168892 -0.704574783951 -1.04133181882 -1.43101763092 -1.53155303239 -1.55369572110 -1.59432628434 -1.55413051682 -1.60377765345 -1.57713430303 -1.57446627707 -1.45498993982 -1.97223767608 -2.21376977174 -2.54521379942 -2.14981740676 -0.674755082698 0.773661615534 -0.460122342985 -1.88597430528 -0.874025126544 0.701433953974 -0.0229567074440 -1.06574378020 -0.185644095224 1.47658443758 -0.323248388107 -2.07691914314 -0.983666946418 1.61618740109 -0.793829428892 -1.51259925366 -1.20403758128 0.279213977108 0.138678634069 1.17347054243 1.20058476586 -0.222185607511 0.555984078495 0.934604547898 0.453943574516 1.75604147759 -0.277969715992 0.457227096131 0.608976382124 0.991119825486 1.29923269792 0.868443912420 0.812237996475 -0.120125096273 -0.598402886015 0.323558844523 -1.80290480555 1.32591511495 -1.18383419061 0.565140028515 0.346898191694 0.507198189411
# mat_params[1]:
 7.15852351640 10.3552591780
# mat_params[2]:
 5.11763682661 7.70229760169
# mat_params[3]:
 4.58182161672 6.81993108359
# log_m_devs:
 -0.0260653441756 0.0260653441756
# log_slx_pars[1]:
 1.40049695178 -0.396069905795
# log_ft_pars:
 -1.20564742459 -1.26640088570 -1.68649264155 -1.53742910939 -1.21680391163 -1.05002158564 -1.09738204677 -1.46956624108 -1.03409901856 -1.77748103682 -1.90268072718 -1.16191417404 -4.19515158832 -0.845182194402 -2.99971450519 -2.13481612836 -1.82857021018 -1.35214479983 -1.16552739883 -2.07008357892 -2.19752971733 -2.27251809593 -2.52791817161 -1.99102537800 -2.31816362587 -2.99758305022 -2.46183373966 -1.82269849849 -1.83359429427 -1.28125142288 -0.733173386000 -0.669495723457 -0.973294295919 -1.33432855450 -1.24860703978 -0.413115637116 -0.820166879233 -1.13771203620 -3.87508785666 -3.92970073139 -3.14335683896 -2.68478378483 -2.98805459508 -3.20378333145 -3.01556561571 -2.93979756039 -1.83284296851 -2.30119770812 -8.96515505513 -4.22660765717 -2.52106608481 -2.24371107362 -2.60941558809 -2.08653569812 -2.16141550263 -2.27115051436 -1.97588022595 -2.17505295185 -2.80522416312 -2.11420341193 -1.63044698699 -2.56239649697 -3.51667738043 -2.80976465327 -1.98847052322 -2.49360156850 -2.98329577255 -1.87927817059 -2.14684015439 -2.93803303316 -2.69211044736 -3.35934327546 -2.42024361876 -2.60911844052 -3.23812185426 -2.88139395617 -2.72774853314 -2.69133169896 -2.54797725183 -2.47494554118 -2.57495324025 -2.32256214081 -2.10463995943 -2.08281534579 -2.82152902408 -1.44470355443 -2.18741190526 -2.07004512406 -1.75982584896 -3.26717765539
