# Number of parameters = 203 Objective function value = -3571.20802711406  Maximum gradient component = 0.000280226440153401
# theta[1]:
0.171478193371
# theta[2]:
9.39209669583
# theta[3]:
9.76172081364
# theta[4]:
10.1039386259
# theta[5]:
0.676373687114
# theta[6]:
4.00000000000
# log_rinit_devs:
 -0.0578586455626 -0.0550121663957 0.0852286948320 -0.0226232206521 0.0502653377784
# log_rbar_devs:
 0.0831609932483 -0.0487518369724 -0.225173721770 -0.0678516454794 -0.138903109016 0.414820040865 0.105355537650 0.157507249026 0.295754183578 0.502236912447 0.495464637565 0.517110855090 0.680096172784 0.797296330847 1.05223719864 0.877098732853 0.900483155922 0.691815192205 0.969020635655 0.663760665220 0.626651884759 0.687783986027 0.562129279844 0.239854333652 0.328541727521 0.344023511708 0.183052905403 0.655305780740 0.107035574445 -0.0789146234192 -0.209881774035 0.102688249014 0.247692349490 -0.215415990562 -0.361020028321 -0.467034841613 -0.733556439834 -0.812177823431 -0.919552713592 -1.11224760513 -1.15926171970 -1.31191896445 -1.34541023782 -1.38963953783 -1.25561519076 -1.83694492328 -1.95055491185 -2.17902169730 -1.69533103094 -0.238831230974 1.39125218300 0.0316783118591 -1.32101193231 -0.335787331053 1.23911030220 0.512420583468 -0.537260871975 0.298458873671 2.01028898779 0.238921306177 -1.46294496165 -0.499291295069 2.04195811667 -0.343919465756 -1.11242339866 -0.859110072121 0.546984860472 0.464823401670 1.47383407344 1.49939782968 0.0751747745365 0.839315730637 1.13663948119 0.610532832090 1.85475747263 -0.379727835773 0.136497270887 0.127598525091 0.374430252584 0.591803463559 0.204819870432 0.147596405454 -0.850987905091 -1.29059542736 -0.318533163777 -2.28824775191 0.972927286766 -1.39028786849 0.319284602926 0.0268755229402 0.287780481076
# mat_params[1]:
 8.12149375544 10.2848835236
# mat_params[2]:
 9.09388274926 12.0410912884
# mat_params[3]:
 7.11058823145 9.52997962716
# log_m_devs:
 -0.0333916691706 0.0333916691706
# log_slx_pars[1]:
 1.75767422890 -0.209694495532
# log_slx_pars[2]:
 1.90669772581 -0.318277156808
# log_ft_pars:
 -1.07897155401 -1.24136013873 -1.74190807771 -1.67863909775 -1.45028760992 -1.48752776691 -1.70677402057 -2.24481277860 -1.98963922899 -2.88976577693 -3.09770097090 -1.64200926248 -5.59629260989 -0.866759772691 -4.61284005571 -3.74470960183 -3.44286107217 -3.00694229872 -2.90052005683 -3.81382134625 -3.89249711042 -3.91482883110 -4.08837892940 -3.48339451544 -3.75097405465 -4.32657961958 -3.68202294432 -3.01887801493 -2.98679098298 -2.46510730956 -2.05432274367 -2.18355275792 -2.65056797539 -3.09191149735 -3.10461200386 -2.50405310970 -3.17128968937 -3.57443193516 -6.22440404412 -6.11109706867 -5.18861787533 -4.61777442975 -4.81066805402 -4.93962630293 -4.69368541081 -4.55460675145 -3.49196552615 -4.00826233951 -10.6940908530 -6.06961256140 -4.59988752927 -4.19872749796 -4.62728739110 -4.23645905981 -4.30391852410 -4.25656658377 -3.98917876927 -4.28014676766 -4.89673631452 -4.05664440673 -3.68389976005 -4.73411822953 -5.57699167193 -4.60362695622 -3.84664157246 -4.49212641221 -4.89022522322 -3.63085293323 -3.93804543900 -4.68827722653 -4.39492365138 -5.11560777396 -4.15736425454 -4.25673871105 -4.87203164921 -4.37135267406 -4.19498951393 -4.10014555012 -3.72207082094 -2.55171644019 -2.38935922640 -2.12655076844 -1.97522738633 -2.07594966094 -2.87568078569 -1.44066357181 -2.05336010325 -1.77593456248 -1.61231771450 -3.25178771780
