# Number of parameters = 203 Objective function value = -3604.26736578802  Maximum gradient component = 0.000131691000345145
# theta[1]:
-0.319856419621
# theta[2]:
7.63557667247
# theta[3]:
6.62086207696
# theta[4]:
7.07161136827
# theta[5]:
0.726548802499
# theta[6]:
4.00000000000
# log_rinit_devs:
 0.0733988987770 0.0782070527033 0.122823953627 -0.00673557798028 -0.267694327127
# log_rbar_devs:
 1.41089939273 1.23168278286 1.03905378128 1.05145110536 0.876570906693 1.13776859144 0.743968307688 0.648847922223 0.607549648505 0.689819599407 0.630964609129 0.596239352534 0.673269590777 0.757072604006 0.998412154590 0.981601174830 1.13189551901 0.923697283470 1.09302412269 0.870184930132 0.873353548145 0.950561483434 0.885805117520 0.680655178808 0.786804585014 0.849591743990 0.767729202922 1.14725740835 0.702520268037 0.461688750406 0.192196463865 0.254444699342 0.251140315463 -0.204302887905 -0.471431451085 -0.743655403950 -1.07798335364 -1.15842167355 -1.20162090406 -1.28603407471 -1.28006629726 -1.36852763593 -1.37517222919 -1.40307580377 -1.31724831357 -1.91392834451 -2.22673676176 -2.64505930305 -2.35934932049 -0.880752322129 0.555425118468 -0.667511609867 -2.08290542022 -1.07133045213 0.493920891278 -0.221302184672 -1.25742453498 -0.378339879466 1.26914880442 -0.516948683269 -2.25455015240 -1.16923407799 1.40795734304 -0.979791944382 -1.69709239337 -1.38773240261 0.0824232293798 -0.0543246789449 0.971545673454 0.997371087832 -0.413539743433 0.359218957762 0.732108190669 0.256319819259 1.54210534297 -0.472177025842 0.258655490779 0.410702482357 0.793545608208 1.09837837666 0.669065567392 0.610884048644 -0.315427564458 -0.787680020385 0.145394715981 -1.94962899432 1.21201842604 -1.29424012429 0.462304024286 0.238798456336 0.419534167682
# mat_params[1]:
 7.26740211858 10.3258050495
# mat_params[2]:
 5.13703979365 7.77102127324
# mat_params[3]:
 4.66206370928 6.92446292971
# log_m_devs:
 -0.0265535293102 0.0935172784505 -0.0558882682539 -0.0110754808864
# log_slx_pars[1]:
 1.44035922488 -0.345474069612
# log_ft_pars:
 -1.18682443386 -1.25336971442 -1.67799995078 -1.53047097279 -1.20958911144 -1.05268651467 -1.11129500974 -1.49610972835 -1.07423751072 -1.83145831948 -1.96749740665 -1.39617168726 -4.32559438352 -1.14013597498 -3.23633291030 -2.39214699182 -2.12598133919 -1.65237360282 -1.49247704311 -2.40182152098 -2.51323359093 -2.57014489692 -2.80222191644 -2.24661687385 -2.55296628555 -3.20240999514 -2.63909949002 -1.99302481724 -1.98563455596 -1.42503224695 -0.887219054019 -0.852148559177 -1.18559739897 -1.55185141987 -1.46682471308 -0.678178400223 -1.16340912597 -1.52292677538 -4.24097056360 -4.24580527560 -3.41718529451 -2.92143148378 -3.18841075035 -3.36595732385 -3.13834713376 -3.02025008286 -1.87155384753 -2.27538083502 -8.85844630082 -4.11477453752 -2.37660430608 -2.11144700698 -2.52501124975 -2.03488121819 -2.07081202337 -2.16832400589 -1.89934961607 -2.12154383620 -2.70982001396 -2.00900509223 -1.56781127677 -2.53870356371 -3.43484919616 -2.70420508743 -1.92563623401 -2.47223995407 -2.94654371464 -1.81127917844 -2.05272974996 -2.83428584468 -2.60801495287 -3.30464551249 -2.35961748876 -2.54335732498 -3.15215502819 -2.79254452251 -2.66621080847 -2.64091754784 -2.48747756901 -2.40153496114 -2.50067249773 -2.26123981808 -2.05403583816 -2.04940829135 -2.79801401110 -1.42001259668 -2.16214736254 -2.01977964302 -1.72896233770 -3.23468270186
