# Number of parameters = 206 Objective function value = -3548.82943424932  Maximum gradient component = 0.00345819458692259
# theta[1]:
0.0803359060989
# theta[2]:
9.72112328149
# theta[3]:
9.28564802626
# theta[4]:
9.60559345783
# theta[5]:
0.535066882123
# theta[6]:
4.00000000000
# log_rinit_devs:
 -0.121259821729 -0.0684427332987 0.0822227127762 0.0512233205057 0.0562565217461
# log_rbar_devs:
 0.644136242999 0.493634457325 0.304335585731 0.366586898138 0.251464339427 0.613681876487 0.293034040747 0.262335078393 0.287518858863 0.400503204079 0.348902620080 0.304627987499 0.368256006480 0.436955665048 0.660131533434 0.595478147321 0.744116783925 0.554360032584 0.756588941306 0.512155431340 0.478694419135 0.518606175935 0.411411567236 0.152634419090 0.212493143598 0.213205230483 0.0711594096893 0.410915902254 -0.0527066843892 -0.245402436860 -0.393245877405 -0.190629361595 -0.107087140805 -0.498025702287 -0.643716831626 -0.752632855380 -0.974334746621 -1.04228311078 -1.13022422507 -1.28334449240 -1.32478283912 -1.44491749093 -1.47192861737 -1.51060339663 -1.41559018529 -1.89202137435 -1.97905912113 -2.16195842438 -1.65928980243 -0.224782731599 1.40138421442 0.0580609301547 -1.33808766787 -0.339758458351 1.25901604526 0.525618634344 -0.517175510276 0.319315271770 2.03809740572 0.254505348323 -1.49102771798 -0.478322620698 2.08768909205 -0.342720786476 -1.09951818725 -0.851738775165 0.578206783802 0.488068318266 1.52143550055 1.55077604364 0.115267796977 0.877974764448 1.19599739214 0.681145825548 1.98632588745 -0.256801467239 0.325772683825 0.333999000379 0.621174460129 0.895676394944 0.481059869615 0.449105011840 -0.522282899860 -0.988900522932 -0.0283108917952 -2.08644477046 1.15252715173 -1.22243103841 0.538702049191 0.261510859889 0.295752028172
# mat_params[1]:
 8.44914319890 11.2996071486
# mat_params[2]:
 6.77419204358 9.02137648513
# mat_params[3]:
 6.93575802885 9.36154045253
# log_m_devs:
 -0.0717543265164 0.00372564615871 0.0680286803577
# log_slx_pars[1]:
 1.71129212839 -0.212338414844
# log_slx_pars[2]:
 1.89516974608 -0.310454522287
# log_slx_pars[3]:
 1.80927584535 -0.461313432072
# log_ft_pars:
 -1.85405608955 -1.94165470863 -2.38891248966 -2.26818608002 -1.99380480324 -1.91224094700 -2.04514200055 -2.50575949771 -2.16826626709 -2.96943174243 -3.09185124051 -3.04615290844 -5.46502860809 -1.60618132542 -4.33127814255 -3.42584521328 -3.13825368607 -2.68069067632 -2.56155504867 -3.47878662836 -3.56351858467 -3.58803257736 -3.76916197057 -3.17623129432 -3.45350975158 -4.03938838897 -3.40399951895 -2.71054526655 -2.66228313772 -2.12035703774 -1.68497408023 -1.78583620513 -2.21764591956 -2.64044434674 -2.63671392033 -2.02101220536 -2.69711568424 -3.12333490786 -5.80330017207 -5.72075404350 -4.82373179963 -4.27695447409 -4.49456091372 -4.64043156518 -4.39770160687 -4.27260448641 -3.22497898411 -3.76726748597 -10.4991298012 -5.87629661310 -4.42265189302 -3.99428559051 -4.36340882757 -3.90933235264 -4.03326595698 -4.00922311397 -3.72196215483 -3.98295524809 -4.66481982695 -3.82733884122 -3.40887877572 -4.39611370600 -5.32910592685 -4.38613021282 -3.59498713775 -4.16179328191 -4.56804399019 -3.36265672260 -3.73728613735 -4.49707384207 -4.17582886155 -4.86074859269 -3.90265195680 -4.01032592363 -4.69877171242 -4.19725650245 -4.01054403105 -3.89614443809 -3.55901135155 -2.28758490666 -2.18595167289 -1.95552936362 -1.81557878945 -1.91125913893 -2.70916405244 -1.27544436576 -2.12375072976 -1.97138035408 -1.89162873895 -3.56722302983
