# Number of parameters = 204 Objective function value = -3635.00789276328  Maximum gradient component = 0.000810107452144314
# theta[1]:
0.135117715326
# theta[2]:
10.2568395698
# theta[3]:
9.07270963932
# theta[4]:
9.74202162658
# theta[5]:
0.606284064155
# theta[6]:
4.00000000000
# log_rinit_devs:
 -0.267057518978 -0.148785696876 0.0780457992446 0.0949627608483 0.242834655761
# log_rbar_devs:
 1.23048816671 0.999181583758 0.715074603805 0.707092343038 0.497673746419 0.827869336725 0.378522461165 0.247556839494 0.195321955112 0.229440585913 0.0768508523792 -0.0838415509287 -0.120372671536 -0.155541849647 -0.0305037377745 -0.262818874097 -0.289500535193 -0.484390861232 -0.220514583754 -0.437546323835 -0.412421357618 -0.305109521360 -0.356359691899 -0.576074721037 -0.431847014675 -0.351761539941 -0.437273292227 0.000384493374639 -0.482423601108 -0.675308297192 -0.806888910326 -0.510300127262 -0.338959009547 -0.704553042896 -0.781941706358 -0.805582625695 -0.949982543049 -0.907636683579 -0.891503767116 -0.962580916196 -0.902950159813 -0.953019384634 -0.895708693145 -0.833912469174 -0.637336768850 -1.14575758629 -1.28712890278 -1.59901399873 -1.31683943289 0.0652563235940 1.66888561219 0.395734158100 -1.00935132600 -0.0127020210227 1.56283514074 0.835315674744 -0.222878138045 0.622999507337 2.36233559315 0.545721556887 -1.24601381989 -0.183524198599 2.40672663931 -0.0418205723745 -0.813791004638 -0.564089528635 0.867013070784 0.768304600062 1.78000758705 1.80180675305 0.348284233927 1.10685636988 1.40841159344 0.840057344967 2.10501042439 -0.223507114839 0.281660229176 0.266291565417 0.537441775940 0.807104700476 0.416413074901 0.364328328418 -0.647991792791 -1.08914062843 -0.101375185875 -2.10151017577 1.18228737212 -1.21191806392 0.539814589686 0.256139773579 0.566319763026
# mat_params[1]:
 8.85420852788 11.4015015021
# mat_params[2]:
 9.69461693514 13.3158980888
# mat_params[3]:
 6.78140298165 9.21989333599
# log_m_devs:
 0.0461602209400 -0.0605527991101 0.0143925781701
# log_slx_pars[1]:
 1.73281401870 -0.192183917098
# log_slx_pars[2]:
 1.85572386853 -0.323656587390
# log_ft_pars:
 -1.87158045348 -1.91301117059 -2.28868740515 -2.08880928407 -1.72579194279 -1.58458760117 -1.63292069653 -1.99694507752 -1.55848050306 -2.27168105467 -2.31060076494 -2.10042773167 -4.49036164962 -0.841852403791 -3.14298223942 -2.13368863677 -1.70748046453 -1.26882060623 -1.16686133957 -2.11316579092 -2.25145985349 -2.33468476554 -2.57919878906 -2.03218266732 -2.36937304981 -3.03083379154 -2.46357529600 -1.84613482550 -1.85272538759 -1.33828307506 -0.896026335198 -1.00973208974 -1.51584442879 -2.01042104782 -2.07415915407 -1.51553643950 -2.25817605930 -2.77535650575 -5.55690772610 -5.57287479244 -4.77561306145 -4.32255452389 -4.63618988331 -4.87061312980 -4.71510665966 -4.66364544816 -3.66705181390 -4.21721328574 -10.8703159726 -6.07460947383 -4.45457794778 -4.07115376907 -4.50919758878 -4.12749195357 -4.19273109116 -4.15852653370 -3.89961205299 -4.18762680359 -4.79995971820 -3.97607591254 -3.61535312022 -4.66316408861 -5.49737585995 -4.54098828015 -3.79374075616 -4.43745765958 -4.82204148359 -3.54866732495 -3.82130956815 -4.56443033006 -4.27875061315 -4.99622411287 -4.02737526119 -4.12075573226 -4.70736407025 -4.20823234326 -4.02460198756 -3.91322558768 -3.51214194465 -2.52154630863 -2.37378747261 -2.11960724126 -1.97438866989 -2.06940399948 -2.86291749030 -1.42249538561 -2.03133672842 -1.77689123065 -1.62398809387 -3.25838817446
