# Number of parameters = 203 Objective function value = -3514.77511221528  Maximum gradient component = 0.000256408354694961
# theta[1]:
-0.180298715964
# theta[2]:
7.96439304276
# theta[3]:
7.54331432102
# theta[4]:
7.95147446403
# theta[5]:
0.437849272525
# theta[6]:
4.00000000000
# log_rinit_devs:
 0.0377943783822 0.0427554240954 0.113611742049 -0.0272257312835 -0.166935813243
# log_rbar_devs:
 0.863093167273 0.694157444684 0.503316115018 0.566181541236 0.426139129029 0.808614052446 0.458242453235 0.447240488223 0.503874222393 0.663677169162 0.645222404154 0.661672911269 0.796064394095 0.894607557837 1.11681924394 0.999481271238 1.06210502588 0.855986318846 1.07258440243 0.801210261214 0.779236938992 0.841823218746 0.741056890719 0.479160226513 0.569604791288 0.598735181810 0.460356568572 0.867351508427 0.337109794762 0.0881319203921 -0.148049824011 -0.00542683916752 0.0294117847925 -0.454715803389 -0.690722372197 -0.896196563363 -1.19933132130 -1.29372965545 -1.39320066832 -1.55123709243 -1.60213693953 -1.73283389348 -1.76465560417 -1.81092749176 -1.69893113239 -2.23634644162 -2.37664676527 -2.60197848777 -2.11162760120 -0.634118412447 0.913032647775 -0.420547304345 -1.79803607247 -0.789444754442 0.779332968459 0.0718449633110 -0.963165800635 -0.105526560762 1.53180751464 -0.204784591043 -1.87570154512 -0.879941402803 1.64419284436 -0.714040988437 -1.44537359881 -1.15483905848 0.278329624099 0.175479433684 1.19814016059 1.22162369622 -0.173766668268 0.603774496960 0.963626468647 0.507957872093 1.77870983108 -0.227875364914 0.472951753136 0.605956791399 0.971604441838 1.26077803401 0.832018392347 0.767579974821 -0.165701385211 -0.653481975580 0.252250532847 -1.78535730262 1.35250108312 -0.961423985828 0.773025353902 0.526859417492 0.406174573577
# mat_params[1]:
 7.42473400222 10.1138108032
# mat_params[2]:
 6.81331826696 9.91521541335
# mat_params[3]:
 6.05759555058 8.83852095483
# log_m_devs:
 -0.0317175197764 0.0317175197764
# log_slx_pars[1]:
 1.53274761419 -0.277190691983
# log_slx_pars[2]:
 1.70991017349 -0.375675468553
# log_ft_pars:
 -1.10130385498 -1.20110701737 -1.65951716108 -1.54005106559 -1.24988089385 -1.16042325496 -1.29574859875 -1.76276873631 -1.42742179716 -2.27259890739 -2.46523142672 -1.33642169688 -4.90102467813 -1.30137601952 -3.90074140763 -3.04650362103 -2.75473300511 -2.28602424229 -2.13987136064 -3.04292197873 -3.12935562481 -3.15470498423 -3.34898080033 -2.76970423394 -3.04721639087 -3.64827224246 -3.04076414858 -2.36822467652 -2.33632704112 -1.78263400523 -1.27996319548 -1.28341794052 -1.63955975390 -2.01703022879 -1.95350945278 -1.23192029692 -1.79713401740 -2.16666034123 -4.82873149915 -4.75105091076 -3.84885413304 -3.28961009014 -3.49325673842 -3.62909296497 -3.38259100095 -3.25503483309 -2.16280562422 -2.65253190951 -9.35379708910 -4.73324703403 -3.19095830352 -2.88638073352 -3.29447962317 -2.80440146906 -2.85720924433 -2.91311051172 -2.65356324113 -2.88547396007 -3.47277967303 -2.72767296668 -2.31883810088 -3.29049091033 -4.16963390997 -3.36051382798 -2.59078947757 -3.13442883221 -3.57491235973 -2.42849756025 -2.73945302462 -3.51445464251 -3.25498380670 -3.94303060514 -2.99186876851 -3.16617806573 -3.81895233340 -3.41646725784 -3.28507450501 -3.24516444892 -3.07146169946 -2.98186874753 -3.07077476664 -2.82543637645 -2.60516634491 -2.59844351843 -3.33029377689 -1.91918461417 -1.98511415798 -1.79037103448 -1.67981597338 -3.30680641777
