# Number of parameters = 205 Objective function value = -3706.41281679476  Maximum gradient component = 0.000163914873976663
# theta[1]:
-0.362915419433
# theta[2]:
7.82015704565
# theta[3]:
6.79719272045
# theta[4]:
7.24575862084
# theta[5]:
0.590397528135
# theta[6]:
4.00000000000
# log_rinit_devs:
 0.00566135295157 -0.00607152723551 0.0723959579553 0.0192039873453 -0.0911897710167
# log_rbar_devs:
 1.35438345212 1.15581366886 0.939503123233 0.965708053429 0.815331480692 1.08791853117 0.693402585848 0.589668097977 0.530547659542 0.556454075660 0.483632650877 0.460439167791 0.586987055600 0.704088287540 0.938013930914 0.854398197283 0.926071651631 0.724286845637 0.886798286256 0.661874144724 0.662300203010 0.736307331847 0.669075644487 0.457625679882 0.552497442682 0.608682599548 0.524087265050 0.894406948782 0.467272647789 0.245500999659 -0.0199708493194 0.0278527451042 0.0208023817757 -0.410247149492 -0.646726181233 -0.912887256234 -1.24973550678 -1.34131559269 -1.38670826908 -1.46835035221 -1.46005133588 -1.54560477265 -1.55007761618 -1.57644887930 -1.47666073623 -2.01964125696 -2.24212575083 -2.54049583392 -2.08383318884 -0.641940784939 0.800858837069 -0.451687401784 -1.90364543815 -0.876358616895 0.730036623846 -0.00675831487421 -1.05871454869 -0.184945963847 1.52345728130 -0.325402877134 -2.09088358973 -0.947840359454 1.72537682076 -0.760542433677 -1.47745551375 -1.17056283170 0.318544941950 0.175479425416 1.22714009965 1.25977730504 -0.194065938181 0.592768572323 0.959525231371 0.452449550707 1.77672836832 -0.376477624625 0.307286272770 0.369070145226 0.642371447776 0.796506971544 0.377051756160 0.336027901869 -0.486606632307 -0.869863938081 0.138303646975 -1.77332072847 1.45642829424 -0.738630507070 1.13817514702 0.974549434813 0.406937658647
# mat_params[1]:
 7.17593745233 10.1380436790
# mat_params[2]:
 7.32665041186 10.5283471664
# mat_params[3]:
 5.58610816896 8.33393264867
# log_m_devs:
 0.114494968011 -0.114494968011
# log_slx_pars[1]:
 1.07513353064 -0.368350032666
# log_slx_pars[2]:
 1.34504714440 -0.562896780158
# log_slx_pars[3]:
 1.67268834157 -0.228278284898
# log_ft_pars:
 -1.79581925238 -1.85504149480 -2.21655081394 -2.04666377937 -1.72144673500 -1.65203227106 -1.68597077602 -2.03148529067 -1.60649158821 -2.37588243484 -2.47678702818 -5.07167871262 -4.90024300987 -5.28971120176 -3.95593557506 -3.02521233052 -2.28045604502 -1.82093184012 -1.66528360321 -2.58372682355 -2.68925173072 -2.74275611366 -2.97576576701 -2.41558161957 -2.71015955927 -3.35600255129 -2.78944780932 -2.13295851285 -2.13316752708 -1.55718234832 -1.01236488476 -0.986207943265 -1.33311354188 -1.71028841604 -1.62134055875 -0.842357348528 -1.35455475714 -1.72344203324 -4.44153462787 -4.44449740543 -3.61392407065 -3.12101529239 -3.39399946666 -3.57195253396 -3.34174171259 -3.24129508556 -2.10926721613 -2.55857492123 -8.58362550414 -3.69727830583 -1.78437228481 -1.54321980895 -2.14150049795 -1.80802600151 -1.69506792536 -1.68344119633 -1.48987291895 -1.81911065821 -2.27970180078 -1.50850999247 -1.22782573307 -2.37591689294 -3.11670067631 -2.25514196845 -1.63227975319 -2.37428950543 -2.78478706557 -1.48136841522 -1.59393993408 -2.34321963281 -2.18483240583 -3.00071575362 -2.05776360403 -2.19030765816 -2.72856148955 -2.35272212760 -2.29880347498 -2.30634297901 -2.01877085293 -1.73913498517 -1.85454700965 -1.71279202590 -1.60839240063 -1.73105645986 -2.59290830517 -1.24910537632 -1.89965256583 -1.81472266162 -1.78817269776 -3.52834294137
