# Number of parameters = 201 Objective function value = -3538.05038052599  Maximum gradient component = 9.98586909239765e-005
# theta[1]:
-0.229091127609
# theta[2]:
7.88489915061
# theta[3]:
7.34456241002
# theta[4]:
7.71552104982
# theta[5]:
0.484294080509
# theta[6]:
4.00000000000
# log_rinit_devs:
 0.0647952721811 0.0689098107333 0.114499541442 -0.0241864509593 -0.224018173397
# log_rbar_devs:
 0.942694613309 0.786570096798 0.615323150085 0.650092576550 0.506794060350 0.804480056673 0.478839170378 0.446945872351 0.477175284138 0.604368717028 0.580124250329 0.592283037660 0.706455821083 0.780401991641 0.952371367742 0.823054562245 0.831810780167 0.650612583774 0.830698780460 0.609027009507 0.598064469829 0.657419646236 0.576714225775 0.360846213923 0.443076537865 0.472773417584 0.353548882162 0.684947010571 0.215720578869 -0.0375921694096 -0.291928722392 -0.223556835674 -0.229193975422 -0.676053009698 -0.930233980920 -1.16158912561 -1.45091846750 -1.53081251777 -1.59830325966 -1.71067752048 -1.73477043306 -1.82657732302 -1.83397788701 -1.85551656058 -1.74257674410 -2.18656833939 -2.27876323831 -2.44461992303 -1.88940713952 -0.439527661105 1.12182935577 -0.192035648186 -1.61864156847 -0.597207780687 1.00810110082 0.274778645703 -0.777528070287 0.0904421961374 1.78850752553 -0.0167573459892 -1.77016184757 -0.701089897195 1.90288567002 -0.549152513013 -1.28626721867 -1.00135741890 0.466405960388 0.345797756534 1.39084985557 1.41594535289 -0.0313628148151 0.744912926667 1.09973182076 0.588816721126 1.89949732608 -0.257144018862 0.401587354646 0.454505068539 0.721366642537 0.871655830519 0.474419314084 0.440074681909 -0.356351475909 -0.719414364302 0.285026128693 -1.57609438043 1.66445582597 -0.538657276414 1.24359335882 0.975434427096 0.358532861439
# mat_params[1]:
 7.47311340117 10.2479507438
# mat_params[2]:
 6.66451824388 9.76062809944
# log_m_devs:
 -0.0114132623002 -0.00688810752654 0.124028448908 -0.105727079082
# log_slx_pars[1]:
 1.51115211640 -0.311759147731
# log_ft_pars:
 -1.11208263253 -1.19667460914 -1.64569815939 -1.51989443111 -1.22396350409 -1.10461103486 -1.21157665454 -1.65535960323 -1.29933956185 -2.12361125810 -2.30232023843 -1.25531869101 -4.71087751036 -1.30204226488 -3.67850130407 -2.80189661181 -2.47843373495 -2.02175423477 -1.87257644574 -2.78442829044 -2.88948936897 -2.93124226609 -3.14258160471 -2.58178333157 -2.87719757019 -3.49513474019 -2.90027836899 -2.20929892815 -2.17157862447 -1.61028063844 -1.09098204003 -1.06324455505 -1.38051214682 -1.74048974036 -1.66858740317 -0.913781477466 -1.45714606818 -1.83519796560 -4.53451020634 -4.50129088089 -3.63806357303 -3.11456830557 -3.35164942329 -3.52003431479 -3.30176822442 -3.20510582082 -2.14579853528 -2.68722534388 -9.44480241682 -4.78053926811 -3.24096415332 -2.92232613858 -3.28814746586 -2.75789945892 -2.85490602708 -2.92743609068 -2.64854326613 -2.85301915919 -3.50209054608 -2.76896241709 -2.32702778185 -3.24629992003 -4.19222865622 -3.40877144875 -2.60782173634 -3.09325258371 -3.52391596013 -2.39667789575 -2.73442382636 -3.51632691110 -3.23675153134 -3.88930757134 -2.92483964447 -3.08156299524 -3.73748756679 -3.31907101398 -3.13840250127 -3.02308463281 -2.76196702959 -2.56535611593 -2.73055036976 -2.54920870997 -2.39489913510 -2.46784135745 -3.29682383779 -1.99515854795 -2.94679126981 -2.95190904654 -2.87244609576 -4.49603659575
