# Number of parameters = 205 Objective function value = -3677.31685115394  Maximum gradient component = 0.000396486207790401
# theta[1]:
-0.332378458506
# theta[2]:
7.40013976303
# theta[3]:
6.60330426786
# theta[4]:
7.17693231338
# theta[5]:
0.494593318097
# theta[6]:
4.00000000000
# log_rinit_devs:
 0.141254809650 0.0845945610474 0.0923552476931 -0.0353206615533 -0.282883956837
# log_rbar_devs:
 1.27222872514 1.08355950677 0.897634670683 0.941783994227 0.794767168037 1.06536473750 0.687629061922 0.613556369182 0.578873274170 0.661581151873 0.607363915105 0.534605193420 0.589472829680 0.631504646070 0.782807168232 0.704933336375 0.755600144287 0.571466033787 0.718996325598 0.488929412951 0.491300266300 0.566611739389 0.507895470218 0.308410532808 0.400015723497 0.461071877166 0.392752225783 0.764134402359 0.361040498523 0.165037973470 -0.0929617470938 -0.0765035305951 -0.112764236172 -0.543547166139 -0.765726139629 -1.04958428562 -1.44275969967 -1.57241808026 -1.63117400746 -1.69282528409 -1.66792432726 -1.73703405654 -1.73138316001 -1.74953492556 -1.63383354401 -2.13267274672 -2.31879016636 -2.59109677901 -2.09517470493 -0.650346162683 0.785963639730 -0.472011849518 -1.91917798590 -0.891219018362 0.704963936976 -0.0249124385874 -1.06795363843 -0.198568010002 1.48796102331 -0.343055089397 -2.09876610604 -0.948219656791 1.70809340350 -0.747696564881 -1.45473295080 -1.13994366252 0.345046498483 0.208839935279 1.26139759424 1.29609405288 -0.136726239468 0.652179112649 1.03241899124 0.555772959961 1.86108906793 -0.213389247640 0.501637613275 0.633831048126 1.01773774151 1.35723077498 0.919239607350 0.871208095157 -0.0327945752697 -0.477836907255 0.515481547359 -1.52729437403 1.71798311081 -0.642615091792 1.20893453969 1.01315291666 0.567782570897
# mat_params[1]:
 7.11394459518 10.0506354925
# mat_params[2]:
 7.14492644078 10.5154140763
# mat_params[3]:
 5.51273667668 8.33838626606
# mat_params[4]:
 5.41305360419 7.86570714217
# log_m_devs:
 -0.0180606706849 0.0180606706849
# log_slx_pars[1]:
 1.23866981503 -0.558943058821
# log_slx_pars[2]:
 1.67629873777 -0.214899044323
# log_ft_pars:
 -1.34557213984 -1.42590927848 -1.82958840246 -1.67965975826 -1.37245218224 -1.26541415467 -1.34270574483 -1.72135807963 -1.31712404917 -2.11376732879 -2.26708674956 -1.13676603188 -4.54566322993 -1.15635320814 -3.43318046275 -2.55189751190 -2.21589831843 -1.74405618454 -1.58446074157 -2.49766190570 -2.60443523855 -2.67027024140 -2.90955328718 -2.34510449872 -2.64944881187 -3.31206996067 -2.75025087043 -2.11243176287 -2.09951647513 -1.50717687270 -0.952793470203 -0.927809756125 -1.27296772664 -1.62750525954 -1.52573007108 -0.727741003151 -1.20614468746 -1.55620471818 -4.28100325016 -4.30175957595 -3.48991424201 -3.01143419265 -3.30252267853 -3.49460291869 -3.27838478929 -3.17449114835 -2.05414338317 -2.52805570797 -8.47727937920 -3.57978401378 -1.61961697937 -1.38724457526 -2.01066586750 -1.70146314435 -1.57201438071 -1.54842859697 -1.35245289538 -1.69758652129 -2.13962675727 -1.35894796465 -1.08012795337 -2.25892623669 -2.99583577815 -2.12987523425 -1.51550730477 -2.29081744955 -2.72862462352 -1.42274544567 -1.50491176238 -2.25202230368 -2.11088780121 -2.95237599315 -2.02506897451 -2.17417606689 -2.70718469175 -2.34578035702 -2.31466198114 -2.36339728782 -2.13531601384 -1.94643738950 -2.01328352991 -1.83079401762 -1.68667380456 -1.76159309761 -2.56253768372 -1.17880031845 -1.82511866054 -1.69081290127 -1.59304912000 -3.24938230457
