# Number of parameters = 207 Objective function value = -3713.25772162794  Maximum gradient component = 0.000112208282817456
# theta[1]:
-0.254024551329
# theta[2]:
8.28491681835
# theta[3]:
7.12652370828
# theta[4]:
7.54403239535
# theta[5]:
0.743929616871
# theta[6]:
4.00000000000
# log_rinit_devs:
 -0.0541491689678 -0.0142138939017 0.0863363942305 0.0379466289248 -0.0559199602857
# log_rbar_devs:
 1.37567652694 1.18480086763 0.973253496732 0.969651552616 0.794539178921 1.03908278359 0.646159074171 0.530494464422 0.456161695410 0.493383053927 0.419331057676 0.389842646433 0.467156992898 0.527482435025 0.713225376233 0.627401513597 0.705820885834 0.515716258878 0.676936694108 0.458851831409 0.459441057194 0.530119428633 0.464946899559 0.261798904292 0.351652352415 0.403400681725 0.323802592009 0.677793223692 0.264483233303 0.0512786427102 -0.191896318416 -0.127040765058 -0.120466978779 -0.524988287828 -0.725883518156 -0.930600066017 -1.21429240029 -1.27222161369 -1.30426215651 -1.37575718958 -1.35559426772 -1.42692979944 -1.42080813738 -1.43862777168 -1.33825855860 -1.83241598631 -1.98193646740 -2.20183174151 -1.69203596141 -0.280727569992 1.20706044991 -0.0640205428251 -1.51873538337 -0.496962696463 1.12156792341 0.382591968836 -0.672297835620 0.182239160594 1.91431073107 0.0651391438687 -1.71093082029 -0.595526874267 2.07908751005 -0.436384259483 -1.17049050228 -0.891327819240 0.589719541452 0.455777249210 1.50770322866 1.54020006099 0.0741332149274 0.859774103137 1.21212923789 0.681538893049 2.08757444961 -0.189354301606 0.418344800230 0.313437662345 0.373423160036 0.303381225968 -0.0937519099188 -0.140453628226 -0.960672755094 -1.33280388374 -0.306721499680 -2.19369071323 1.08333123818 -1.39285056321 0.370447578604 0.0885356601498 0.258417950165
# mat_params[1]:
 7.61383464877 10.6643960914
# mat_params[2]:
 6.36606393250 9.26721811581
# mat_params[3]:
 5.04797028786 7.46665525375
# log_m_devs:
 0.0721570736309 0.156575642836 -0.280012389233 0.0512796727658
# log_slx_pars[1]:
 1.36256103753 -0.367327112627
# log_slx_pars[2]:
 1.76046396571 -0.196874765788
# log_slx_pars[3]:
 1.58159053506 -0.374006995327
# log_ft_pars:
 -1.70827079811 -1.77257605047 -2.15915944948 -1.97459416490 -1.63831446837 -1.49929255513 -1.55236331724 -1.90330183737 -1.45858323114 -2.19351545015 -2.28504253203 -3.31221381036 -4.65396399334 -2.13763309833 -3.56012213183 -2.63501178541 -2.28856298654 -1.82048627942 -1.67718916993 -2.59488484364 -2.69992273664 -2.75870488247 -2.98919014674 -2.42008573883 -2.72281413943 -3.37439853435 -2.80268873117 -2.16073824165 -2.14110275818 -1.55520230478 -1.01546912411 -1.02574305058 -1.41162662665 -1.79399614616 -1.71887209783 -0.983095273485 -1.56040474203 -1.97929765598 -4.72354063969 -4.73184989339 -3.91371873816 -3.43432004119 -3.72807422748 -3.91703317272 -3.69247377421 -3.58579671555 -2.49669795532 -2.99540884879 -8.76853289356 -3.85950663967 -1.98230659338 -1.69015278016 -2.27206345482 -1.98074388692 -1.90688677727 -1.84809938916 -1.63308558169 -1.98807879445 -2.47431306017 -1.65594583526 -1.36992022981 -2.55225734588 -3.30461659346 -2.36009004532 -1.70210350124 -2.47961700397 -2.89409787168 -1.54080615340 -1.64165063081 -2.38226506082 -2.19422991600 -3.01264177581 -2.08004038331 -2.19114287579 -2.74939513763 -2.35122298197 -2.28424565721 -2.28623497558 -1.91541001091 -1.92748892910 -2.05727888127 -1.89594723776 -1.76529506991 -1.86773495397 -2.70884889697 -1.38057981258 -2.06670584532 -1.83076450753 -1.59216200110 -3.07961654568
