# Number of parameters = 204 Objective function value = -3667.62173462816  Maximum gradient component = 0.00339168333855228
# theta[1]:
0.0185559823521
# theta[2]:
9.58313766288
# theta[3]:
8.89511544201
# theta[4]:
9.24517987881
# theta[5]:
1.22709759811
# theta[6]:
4.00000000000
# log_rinit_devs:
 -0.143308131094 -0.0937441440704 0.0761228233176 0.0250281380689 0.135901313778
# log_rbar_devs:
 0.949841606898 0.774720390989 0.549903738556 0.595486534617 0.445990962094 0.850172832822 0.482005432253 0.441793688535 0.490713279067 0.619102138318 0.564148244092 0.518642740841 0.606723924823 0.680712077591 0.905307583110 0.766268766868 0.829172980059 0.639828987050 0.898758953551 0.651969174622 0.642988018339 0.719433212483 0.631356739945 0.366997004514 0.469020746732 0.507810854421 0.383823018235 0.801864380494 0.296308394523 0.0975423314238 -0.0448517076000 0.230065279776 0.363954799604 -0.0476903665534 -0.172416661537 -0.251054254202 -0.457533172561 -0.481261307099 -0.530417344543 -0.665828240498 -0.669488968643 -0.783726747265 -0.789882328917 -0.788871018761 -0.662011645295 -1.26742692039 -1.50643229776 -1.91276058735 -1.72452934664 -0.325696916433 1.24726817130 -0.00499080372107 -1.40165996525 -0.407975812431 1.16273272948 0.442510179316 -0.606842943218 0.230429770735 1.95524769032 0.143311460186 -1.63310858789 -0.599690692998 1.98264677147 -0.461450785205 -1.23345674268 -0.993275887786 0.432810676533 0.339058680858 1.34305115602 1.36401410957 -0.0705497372773 0.688915403934 0.998723498923 0.437742235876 1.79458894175 -0.578743420011 -0.102914099269 -0.261683229265 -0.197049786666 -0.196396150088 -0.560905596092 -0.619891844427 -1.61370887584 -2.05720768105 -1.08033496350 -3.04096968839 0.174097714981 -2.07335690347 -0.232932012872 -0.400648748249 0.00204678120830
# mat_params[1]:
 8.14114272156 10.3338783992
# mat_params[2]:
 8.45648049414 10.9095716060
# mat_params[3]:
 8.74953135887 12.2016196860
# mat_params[4]:
 6.23573240442 8.99370390860
# log_m_devs:
 0.152402169969 0.0433748547732 -0.195777024742
# log_slx_pars[1]:
 1.75713326655 -0.201221176292
# log_ft_pars:
 -1.14982887101 -1.25303882091 -1.69152015950 -1.55740588240 -1.25000423862 -1.17598467986 -1.29427979591 -1.73689117727 -1.38850636446 -2.20127019300 -2.34036005754 -1.79388436152 -4.72141418995 -0.888255852904 -3.62227147973 -2.71853195416 -2.40215885378 -1.95901733329 -1.86077893517 -2.78942646602 -2.89400945873 -2.94471760330 -3.15041158074 -2.56965508422 -2.86765269138 -3.48263771383 -2.87292517389 -2.23177250486 -2.20456645021 -1.67065972264 -1.23108713898 -1.34452309944 -1.82230263852 -2.26993003283 -2.28571804782 -1.68687827232 -2.37135665308 -2.82329170945 -5.53623109814 -5.48498210407 -4.62210960469 -4.10391428911 -4.35299770752 -4.52415081159 -4.30385159789 -4.18229620155 -3.10827056686 -3.57488188735 -10.1388417977 -5.35127483779 -3.69006675122 -3.33297903766 -3.81334131014 -3.46956802071 -3.50280697990 -3.46104898472 -3.21887102063 -3.52944033026 -4.09722847686 -3.27174693125 -2.93775744305 -4.02532820142 -4.80312532344 -3.82677821815 -3.09906637032 -3.78656457288 -4.16593368428 -2.85363778919 -3.07525361424 -3.81487074737 -3.55356998761 -4.29936614984 -3.33996921786 -3.43736204979 -4.03760150286 -3.57047618966 -3.42043664565 -3.32693045260 -2.86661545522 -2.37539098646 -2.36278228195 -2.13924407651 -1.98697340880 -2.06687068531 -2.86632785241 -1.44343468271 -2.08416785225 -1.92313378413 -1.84908076768 -3.54641138375
