# Number of parameters = 206 Objective function value = -3676.96782314277  Maximum gradient component = 3.19100066473083e-005
# theta[1]:
-0.333273371221
# theta[2]:
7.48870730499
# theta[3]:
6.59772812367
# theta[4]:
7.14437342003
# theta[5]:
0.510872728161
# theta[6]:
4.00000000000
# log_rinit_devs:
 0.117941366531 0.0706852231821 0.0881041443709 -0.0253564827569 -0.251374251327
# log_rbar_devs:
 1.33013943501 1.14282885357 0.956711226702 0.992250171882 0.843079483798 1.10172013577 0.725178858113 0.643597210066 0.598540801905 0.668645027679 0.612242954945 0.555585255577 0.631146415072 0.698644896942 0.868155737330 0.787134733659 0.836575825247 0.654873672624 0.799485661302 0.572585599457 0.571782902308 0.642223097685 0.581023256883 0.381827435466 0.467954565910 0.523493998521 0.452088699739 0.811810408918 0.411858819702 0.215123614737 -0.0411487827466 -0.0271908918106 -0.0651972228254 -0.491134261768 -0.713035429477 -0.993347588037 -1.37873849699 -1.50821806377 -1.57045210644 -1.63769743732 -1.62025582160 -1.69507506800 -1.69670533112 -1.72140173211 -1.61579313098 -2.11849716405 -2.32049619517 -2.61552955746 -2.15235147986 -0.706224043287 0.725858623485 -0.527974080588 -1.97629752654 -0.949611101206 0.647030394199 -0.0802573986946 -1.12176416531 -0.257319228913 1.42912809769 -0.401099318318 -2.16212637998 -1.00589246111 1.65269970263 -0.803634765279 -1.51037712739 -1.19760546643 0.290938108569 0.159038319528 1.21338090283 1.24571315307 -0.186481653169 0.600073383968 0.981919654865 0.503281876696 1.80378113360 -0.271214813754 0.437637039302 0.567157833122 0.945401435567 1.28840898862 0.852863901670 0.798832802799 -0.0963602329771 -0.532165969603 0.457343216574 -1.58411641545 1.65851730085 -0.700448454935 1.17248891874 1.00202032252 0.541412497058
# mat_params[1]:
 7.11082309985 10.0484993553
# mat_params[2]:
 7.13474259084 10.4834199500
# mat_params[3]:
 5.46213889945 8.29498617187
# mat_params[4]:
 5.32412239208 7.73720977341
# log_m_devs:
 0.00000000000
# log_slx_pars[1]:
 1.24103763858 -0.558863333807
# log_slx_pars[2]:
 1.71513432222 -0.121841845414
# log_slx_pars[3]:
 1.59366710013 -0.428253029121
# log_ft_pars:
 -1.39727717675 -1.47530795527 -1.87607745367 -1.72131283888 -1.41056424615 -1.29747483371 -1.36924055745 -1.74117203492 -1.32883955535 -2.11349580960 -2.25596328498 -1.35354550898 -4.56836895950 -1.49877567011 -3.51040767948 -2.62115591230 -2.28124746358 -1.80982641731 -1.65219734411 -2.56449385388 -2.66779360143 -2.72963974304 -2.96445018319 -2.39758015016 -2.69895974201 -3.35667440839 -2.79061567643 -2.14840694535 -2.13141173472 -1.53837903185 -0.987946098911 -0.966650642553 -1.31149736663 -1.66378597034 -1.56038144936 -0.767073856474 -1.25249758599 -1.60452737274 -4.32494325122 -4.33846783204 -3.51983587229 -3.03503899324 -3.31971470932 -3.50476153999 -3.28035938167 -3.16896919680 -2.03948289643 -2.50038188881 -8.36744412948 -3.49503093050 -1.54233619572 -1.26193815948 -1.85744579599 -1.57070016213 -1.48471081586 -1.44369904390 -1.21316161817 -1.57177632505 -2.05274749185 -1.24252244569 -0.928743442486 -2.12893516424 -2.92251699695 -2.02812096153 -1.37319076047 -2.16680713244 -2.65326804648 -1.35274417515 -1.41644327642 -2.15046207747 -1.98754557756 -2.83442025740 -1.92998401256 -2.08287950384 -2.61576958061 -2.23644658735 -2.19331337812 -2.25674820821 -2.04320623294 -2.05270535869 -2.15121148257 -1.97916562423 -1.82564433418 -1.89199943396 -2.66159781443 -1.28121096850 -1.89005225613 -1.82687098036 -1.76816256327 -3.38650701337
