# Number of parameters = 202 Objective function value = -3593.78621364006  Maximum gradient component = 0.000156866767410565
# theta[1]:
-0.683250621343
# theta[2]:
6.66589344618
# theta[3]:
5.62848132772
# theta[4]:
6.22332824501
# theta[5]:
0.775444279133
# theta[6]:
4.00000000000
# log_rinit_devs:
 0.276405244808 0.154300428659 0.136000847588 -0.0186764259021 -0.548030095153
# log_rbar_devs:
 1.69190577370 1.46990397942 1.25826937827 1.30472396125 1.14991175073 1.40227427070 0.938083252336 0.807880086283 0.677034422744 0.660505887157 0.571475703786 0.485264363840 0.565688319867 0.602230951757 0.724039908021 0.713060443092 0.842948832093 0.646618664469 0.728319637803 0.422113711473 0.438432707396 0.538513672414 0.517552417949 0.346786865740 0.464715359137 0.583104480886 0.585563144803 1.04417598303 0.682740079447 0.561027632163 0.323423626310 0.293527989640 0.199410661277 -0.259274308037 -0.441220131381 -0.797611809742 -1.42276721549 -1.76403536357 -1.92181030220 -1.92098920422 -1.83811595669 -1.86634779933 -1.82768191587 -1.80637923820 -1.61168784082 -2.05119047254 -2.24661075939 -2.61096741512 -2.17978563232 -0.669079932184 0.728400268324 -0.509771103188 -1.94081259979 -0.918935401003 0.641718066868 -0.0898332331040 -1.13381464130 -0.256406373118 1.40377527043 -0.451319511078 -2.24296816568 -1.06643708885 1.57212730788 -0.826998111462 -1.52592490794 -1.18925326049 0.302793570414 0.154589730599 1.17879569568 1.21128979522 -0.185539375330 0.600070408689 1.00029893407 0.559340942067 1.86458648703 -0.0951399727736 0.637242615896 0.777619811220 1.01891751814 1.23406399227 0.825061305113 0.759589927194 -0.226155051689 -0.692297141342 0.243716223539 -1.83479849035 1.30254435584 -1.30591323635 0.420680672909 0.475015423728 0.574406719822
# mat_params[1]:
 6.25436471729 9.59714985045
# mat_params[2]:
 4.20574800471 6.42824623374
# mat_params[3]:
 3.01670807709 3.05309084585
# log_m_devs:
 0.00000000000
# log_slx_pars[1]:
 1.09635758799 -1.15156630946
# log_slx_pars[2]:
 1.57916907612 -0.0768840918384
# log_ft_pars:
 -1.23597986865 -1.28957799739 -1.67227268242 -1.52121601186 -1.20178194160 -1.06424547094 -1.07469517114 -1.38728023334 -0.902958530665 -1.60441604093 -1.70802977157 -1.34163406168 -4.02930015153 -0.875001763850 -2.84340153661 -1.97842277876 -1.65908249130 -1.17602129204 -0.954442897719 -1.82480203171 -1.94487210935 -2.04305613673 -2.32366931123 -1.78468915776 -2.11854083078 -2.84461721774 -2.34666787130 -1.77554189653 -1.80309226743 -1.23764603453 -0.683949648267 -0.620430557862 -0.922063959213 -1.25295306760 -1.15399527183 -0.288227862731 -0.564861784060 -0.723928217507 -3.39991054073 -3.49676607774 -2.74757375882 -2.31142396488 -2.64190171681 -2.88376681135 -2.72983035262 -2.67205714381 -1.55494755140 -2.03011073954 -8.20383631308 -3.39234770581 -1.42001991465 -1.12392644006 -1.67007965024 -1.33761016273 -1.27164969375 -1.27242753136 -1.00390138844 -1.31556316042 -1.83240378336 -1.05175301993 -0.652535468235 -1.78125345445 -2.63968056676 -1.82529037050 -1.13276096398 -1.87365127879 -2.41989094038 -1.19159149366 -1.25016922806 -1.97810107359 -1.81415996922 -2.65296143047 -1.76841745949 -1.96241947971 -2.52593622395 -2.18462370339 -2.15783246356 -2.24413143943 -2.08300210463 -1.89829339095 -1.90362624688 -1.66009947314 -1.46919858819 -1.50785542053 -2.29625780990 -0.911796538190 -1.41042148358 -1.15278726107 -0.860009115217 -2.41732850445
