# Number of parameters = 202 Objective function value = -3647.30278941262  Maximum gradient component = 0.000789151459277342
# theta[1]:
0.216557662736
# theta[2]:
10.7249009389
# theta[3]:
9.79102359614
# theta[4]:
10.2154554849
# theta[5]:
0.825377882497
# theta[6]:
4.00000000000
# log_rinit_devs:
 -0.233895908118 -0.151208142297 0.0553198869006 0.0648584783799 0.264925685135
# log_rbar_devs:
 1.05863824083 0.859567646959 0.608950944724 0.634556196719 0.470158645971 0.853413617648 0.456319804404 0.375176014591 0.385394598896 0.474375750506 0.381047122985 0.295215725504 0.337377158805 0.378221727900 0.585110635730 0.450486604970 0.555606994881 0.370398628094 0.637825244647 0.397614325765 0.392132922088 0.473134129940 0.390650987323 0.126459382279 0.229712951632 0.270963660446 0.151198965325 0.571318955818 0.0853986509445 -0.0869931621985 -0.198037020116 0.106377676293 0.261253219996 -0.127264137522 -0.227087259346 -0.283296743694 -0.476075137083 -0.494337944844 -0.538513339780 -0.671545138455 -0.667375583182 -0.773547264950 -0.766113610933 -0.718176900890 -0.551128021041 -1.15577199744 -1.41709267285 -1.88373532300 -1.78958481577 -0.368268287516 1.24323676510 -0.0274243803316 -1.41575535464 -0.409347286894 1.16585199686 0.450222181458 -0.589686148281 0.243563987286 1.96847877295 0.175950242410 -1.59887284959 -0.557532977860 2.00125447726 -0.413149393956 -1.18434873891 -0.946160397712 0.469667161430 0.380455806475 1.38125493198 1.40227485292 -0.0308208065211 0.719353977879 1.01700616411 0.454483154514 1.67399360815 -0.590986003338 -0.0961059510517 -0.128829959845 0.100522275036 0.315886325014 -0.0568268630959 -0.126731159228 -1.19751292048 -1.65232759455 -0.679380315021 -2.68725945768 0.577110157885 -1.78100843916 -0.00668446080364 -0.259763672295 0.265835520527
# mat_params[1]:
 8.49773139870 10.6924851640
# mat_params[2]:
 9.82647684750 13.3087210743
# mat_params[3]:
 7.09165606466 9.66550491971
# log_m_devs:
 0.0599260283895 0.0568294356435 -0.116755464033
# log_slx_pars[1]:
 1.82105107938 -0.222029172176
# log_ft_pars:
 -1.64417514141 -1.71615501411 -2.12345767401 -1.96517029640 -1.64350752489 -1.55064875300 -1.64190873685 -2.05267893866 -1.67589373693 -2.44506611739 -2.53126226378 -3.51744475175 -4.83954010980 -1.30677282051 -3.67040294426 -2.72303995976 -2.39319269901 -1.95727172308 -1.87931671237 -2.81785475464 -2.92598603880 -2.98377318003 -3.19276773507 -2.61140930081 -2.91558958549 -3.53513503261 -2.92452985622 -2.29358539398 -2.26819866558 -1.74234748859 -1.33172468098 -1.48717051738 -1.99550956517 -2.45464248272 -2.48586579485 -1.91555673567 -2.62434685087 -3.08733505139 -5.80621636839 -5.75631659877 -4.89812520980 -4.38588808788 -4.64530831783 -4.83442500629 -4.63896839800 -4.53254980694 -3.47802371410 -3.94870726179 -10.4885538926 -5.71605444890 -4.05434025407 -3.71215930951 -4.24210052842 -3.97119817605 -3.99082898149 -3.91774283113 -3.67995526601 -4.03118711799 -4.56715064840 -3.72819740155 -3.42346256606 -4.57888252308 -5.32081867498 -4.29674287942 -3.57907193224 -4.34795913668 -4.75566404211 -3.39520580041 -3.54335711567 -4.27362375818 -4.03478732302 -4.81718490239 -3.86972147263 -3.96126215916 -4.46994821993 -3.98580002617 -3.83940395306 -3.79900286588 -3.40838201113 -3.01300988741 -2.91204990858 -2.63410090507 -2.43050046478 -2.46298856572 -3.21599126471 -1.75347755896 -2.55066753494 -2.35989265381 -2.25251075612 -3.87560710290
