# Number of parameters = 203 Objective function value = -3558.06234203396  Maximum gradient component = 0.000915408291642038
# theta[1]:
-0.183367510546
# theta[2]:
7.21344689698
# theta[3]:
7.66548465163
# theta[4]:
8.12095091250
# theta[5]:
0.400911668922
# theta[6]:
4.00000000000
# log_rinit_devs:
 0.231749032351 0.121929482130 0.0995749751659 -0.0729624734552 -0.380291016191
# log_rbar_devs:
 0.219467027319 0.0768894922570 -0.0686595860792 0.0896435450444 0.0404564849172 0.466788958000 0.199161483942 0.257282094274 0.370836826459 0.579927277133 0.599373303646 0.542046918311 0.481806863965 0.570013919292 0.716177214306 0.760134442804 1.01756699611 0.809921271734 1.01693253896 0.769328186565 0.752853669537 0.811999158047 0.715478562484 0.468336655002 0.553903006398 0.575696429095 0.433598953931 0.797590933899 0.276732242456 0.0108314833616 -0.232686502084 -0.107563656163 -0.0842912301904 -0.563048856067 -0.811132903356 -1.01574873569 -1.29401231803 -1.36911129812 -1.45108812778 -1.59333363243 -1.63235552304 -1.74677941262 -1.76578419820 -1.80088592905 -1.69022611019 -2.19709618208 -2.31012096444 -2.49786001564 -1.97382433076 -0.516399151714 1.03354581879 -0.302051527019 -1.70689838885 -0.689782257323 0.900143123351 0.179926264566 -0.861921898811 -0.00364877612958 1.66685480448 -0.0995422508753 -1.80070666103 -0.769814354326 1.80182311692 -0.605528001230 -1.33739070903 -1.04812459159 0.399926252000 0.292728557418 1.33136747469 1.36240273448 -0.0523778709373 0.735588883070 1.09811100213 0.637911949897 1.92828093064 -0.107071168426 0.605428170486 0.733225144665 1.09745605014 1.39425869308 0.977796803152 0.932720709548 0.0145218955010 -0.443395454651 0.521570781089 -1.50112388291 1.76885850463 -0.643005630614 1.09466011707 0.773324986812 0.431183379596
# mat_params[1]:
 7.20134507083 10.1377722030
# mat_params[2]:
 6.90403551199 9.90894189596
# log_m_devs:
 -0.206408213827 0.0428223950010 0.100242682235 0.0633431365907
# log_slx_pars[1]:
 1.11387437448 -0.343300924081
# log_slx_pars[2]:
 1.60296279971 -0.325847839954
# log_ft_pars:
 -1.45694960693 -1.58842540444 -2.03532550700 -1.97040283394 -1.76124627760 -1.83001112520 -2.01919646466 -2.52462448691 -2.27445948345 -3.22183101887 -3.45974033477 -0.631767801559 -5.64108294225 -0.811253769080 -4.53860571771 -3.74043866362 -2.55545354642 -2.09427489603 -1.95340168813 -2.86716067944 -2.97059691334 -3.00428434200 -3.20234292469 -2.63503704175 -2.92246436661 -3.52076569946 -2.90851483101 -2.20632746031 -2.16646198866 -1.62241319791 -1.12222349662 -1.09926400161 -1.42001085446 -1.79381607065 -1.74746680840 -1.02350798024 -1.58220368044 -1.95988025749 -4.63870643127 -4.57814589730 -3.69085035223 -3.14477047291 -3.35291063001 -3.50329836696 -3.27437716133 -3.16267078745 -2.09170012388 -2.61238673102 -9.31939321752 -4.58224088674 -2.95502726876 -2.71125867078 -3.21591129579 -2.75970004351 -2.70731866275 -2.75081570185 -2.55054369724 -2.80307357554 -3.30648676282 -2.57814924232 -2.25728488923 -3.27016707144 -4.03325735096 -3.22425567898 -2.54797857802 -3.14277635309 -3.50274756454 -2.29246408627 -2.57320534229 -3.35709427607 -3.15105844312 -3.87868646995 -2.90291777506 -3.06557106577 -3.68944681546 -3.31091064680 -3.22655735861 -3.18920609324 -2.97466285854 -2.86108546446 -2.96304359640 -2.74853699685 -2.55486309329 -2.57943144683 -3.32255944737 -1.93230403425 -2.80142370223 -2.75471529267 -2.64173432050 -4.17263222358
