# Number of parameters = 202 Objective function value = -3523.15712727795  Maximum gradient component = 0.00282699424576887
# theta[1]:
0.0692119326992
# theta[2]:
10.0100426382
# theta[3]:
8.98611343769
# theta[4]:
9.32237117198
# theta[5]:
0.539366947652
# theta[6]:
4.00000000000
# log_rinit_devs:
 -0.211159751836 -0.118813752082 0.0704026290084 0.0911156588847 0.168455216024
# log_rbar_devs:
 1.09092048636 0.906478600046 0.679904551820 0.674737186756 0.518016752847 0.826600257589 0.463383719914 0.384617700791 0.361524084440 0.433367157667 0.363971644210 0.323599886946 0.388567409461 0.442279861963 0.618561127470 0.496654805899 0.577150870450 0.401661249307 0.609153512404 0.386976744880 0.368143635163 0.418407355905 0.325732738684 0.0873910880149 0.156524903430 0.165537675318 0.0317288609612 0.357113145686 -0.103231109855 -0.308650958677 -0.468666792802 -0.284329068892 -0.210618226108 -0.596417576304 -0.744895263824 -0.852144401686 -1.05919432441 -1.11147445151 -1.18248572226 -1.31675015978 -1.34436193013 -1.44844126221 -1.46332187877 -1.49279259611 -1.39416202069 -1.84955437414 -1.92390114320 -2.09110222626 -1.58284995415 -0.153449976635 1.47221387286 0.123153972338 -1.27700498568 -0.276437944434 1.32073832465 0.589326973652 -0.449702712024 0.383586205420 2.09171600521 0.313600201612 -1.42510808469 -0.414585727430 2.14519916350 -0.279621204122 -1.03245526325 -0.783710807594 0.646185635695 0.555078551355 1.59029252773 1.61875529964 0.189079471050 0.951714014364 1.27626533221 0.769844483851 2.10038086183 -0.122913052797 0.452738782512 0.429033241756 0.665641959404 0.888731042833 0.460756058659 0.400146858644 -0.639448139317 -1.15664547303 -0.251936701545 -2.40433045163 0.698645117570 -1.68738766206 0.0658640810514 -0.175130260022 0.301818834268
# mat_params[1]:
 8.32308000073 11.2106336832
# mat_params[2]:
 6.51084974955 8.81625572338
# mat_params[3]:
 6.45882579317 8.99494754778
# log_m_devs:
 -0.0263988352943 0.0524695233504 -0.0260706880561
# log_slx_pars[1]:
 1.71507791123 -0.220699070040
# log_ft_pars:
 -2.00604997231 -2.05258035639 -2.45883787479 -2.29417488950 -1.97389613823 -1.83725264543 -1.91740856823 -2.32775450892 -1.94258326721 -2.69191094025 -2.77321000956 -5.85689761445 -5.11045306769 -5.32308391387 -3.98831943651 -3.03359560363 -2.69057635902 -2.25204596539 -2.14279771253 -3.07374450046 -3.17828652449 -3.21986779329 -3.41726031877 -2.84146035556 -3.13382894011 -3.73346333822 -3.10979854723 -2.41325964138 -2.36774045343 -1.82638613584 -1.38156510886 -1.45907542737 -1.87140236187 -2.29197240836 -2.29307061306 -1.67451641956 -2.35111489763 -2.78896219963 -5.48702174791 -5.42406400867 -4.54430997502 -4.01358717517 -4.24245795479 -4.40262786035 -4.17497820778 -4.06245686510 -3.02416353835 -3.58295565330 -10.3198397352 -5.65243517386 -4.16209583528 -3.76216113599 -4.16771941953 -3.73245142493 -3.81070262843 -3.78509808021 -3.51669522344 -3.78724224286 -4.42268003317 -3.59634363743 -3.20632509914 -4.21810134070 -5.09710094157 -4.15860167822 -3.39457713847 -3.99113190298 -4.38248176729 -3.15498552924 -3.50185765364 -4.26425880385 -3.96697036129 -4.66929510961 -3.70915911436 -3.82137227653 -4.50187254967 -4.02535260844 -3.86395896195 -3.76434391383 -3.40844021845 -3.13973420891 -3.10887300425 -2.82005808554 -2.56541943960 -2.52832820863 -3.23173747929 -1.74728505775 -2.56006038521 -2.38413242897 -2.23817794458 -3.80031544210
