# Number of parameters = 203 Objective function value = -3549.25613470766  Maximum gradient component = 0.000435188104762071
# theta[1]:
0.110697681527
# theta[2]:
9.79251918624
# theta[3]:
9.34251476947
# theta[4]:
9.66255610769
# theta[5]:
0.537458777862
# theta[6]:
4.00000000000
# log_rinit_devs:
 -0.125573563093 -0.0713861397996 0.0811758616265 0.0525408027482 0.0632430385177
# log_rbar_devs:
 0.653152334814 0.501795219324 0.311288578258 0.372683477689 0.257081570710 0.619635319497 0.297614188267 0.265381639069 0.289451395523 0.401494295960 0.349439483835 0.305643459038 0.369757534061 0.437996963873 0.659652128112 0.592407260091 0.739150666970 0.549692475577 0.752796243792 0.508088401897 0.474429916626 0.514323040617 0.406880623985 0.147364600150 0.207067439340 0.207533811311 0.0653285477359 0.405986561728 -0.0569192917609 -0.247777350606 -0.393393805148 -0.188299535534 -0.103195988357 -0.493329783763 -0.637588447029 -0.745285534299 -0.966818315264 -1.03507064120 -1.12347293196 -1.27736921025 -1.31909773449 -1.43983110692 -1.46722428504 -1.50618078945 -1.41147029545 -1.88878468904 -1.97609394851 -2.15993797985 -1.65864824512 -0.224071826269 1.40344346186 0.0596645331916 -1.33561787992 -0.337801669998 1.26059564507 0.527304381030 -0.515007848455 0.320771850680 2.03968550999 0.256956680925 -1.48836940470 -0.476569232128 2.08817208299 -0.340763399064 -1.09779544621 -0.850741368036 0.578308523649 0.488761062232 1.52161906442 1.55121853975 0.116624183885 0.879078414460 1.19637561415 0.681751455333 1.98708317864 -0.255653229884 0.323756342485 0.327105075407 0.606259657102 0.872064374484 0.455787687566 0.418642548585 -0.564079347648 -1.03551912944 -0.0595787838973 -2.09944722924 1.18766656387 -1.19075415630 0.569243740213 0.289842184904 0.296660325529
# mat_params[1]:
 8.49143092764 11.3350026237
# mat_params[2]:
 6.81814538828 9.09968761294
# log_m_devs:
 -0.0929948879790 -0.0207243909145 0.0419960445543 0.0717232343392
# log_slx_pars[1]:
 1.71585449929 -0.212067618928
# log_slx_pars[2]:
 1.86286823451 -0.373740375894
# log_ft_pars:
 -1.88659957415 -1.97379858008 -2.41991739738 -2.29814168313 -2.02309011148 -1.94137709613 -2.07347861434 -2.53286586019 -2.19440334179 -2.99410366615 -3.11467873743 -3.24122527240 -5.48769068206 -1.66994225928 -4.35534309802 -3.44722213895 -3.15746154809 -2.70062434724 -2.58244317874 -3.50004169841 -3.58475069994 -3.60935980080 -3.79025078514 -3.19702099951 -3.47424355182 -4.05978160670 -3.42385803050 -2.73068989790 -2.68263131787 -2.14163749050 -1.70865886347 -1.81225919217 -2.24583071052 -2.66946063534 -2.66687659834 -2.05323101156 -2.73069690671 -3.15701687656 -5.83640718919 -5.75301822953 -4.85538884440 -4.30813076659 -4.52519194969 -4.67065429197 -4.42761570239 -4.30187945757 -3.25415838454 -3.79630467864 -10.5272352441 -5.90446360771 -4.45166029381 -4.02191778273 -4.39198693262 -3.94072476200 -4.06409367271 -4.03794073989 -3.75066545841 -4.01342116921 -4.69482566031 -3.85557934430 -3.43797129363 -4.42798409550 -5.35929653007 -4.41317338288 -3.62251734618 -4.19273667049 -4.59888146929 -3.39100107493 -3.76480537042 -4.52427530778 -4.20296351446 -4.88934147920 -3.93180946076 -4.03870252821 -4.72706855710 -4.22476619904 -4.03850732257 -3.92482148943 -3.58361581002 -2.41087854167 -2.32235175703 -2.09857344510 -1.96037144793 -2.05050408002 -2.83445611882 -1.38761618348 -1.99207989593 -1.78223196052 -1.66367955449 -3.32809387144
