# Number of parameters = 209 Objective function value = -3716.53146254829  Maximum gradient component = 0.000572343847482387
# theta[1]:
-0.278666466263
# theta[2]:
7.40253001505
# theta[3]:
7.07995646067
# theta[4]:
7.48605952156
# theta[5]:
0.870181811829
# theta[6]:
4.00000000000
# log_rinit_devs:
 0.181402578628 0.130945706396 0.112897270068 -0.0706031008557 -0.354642454237
# log_rbar_devs:
 0.849010731493 0.679489140357 0.510930249799 0.573680519123 0.439653285119 0.740456365125 0.405506411259 0.377821374602 0.412252100412 0.550972450128 0.515908186731 0.457643760797 0.504605712446 0.554182964184 0.746065862641 0.722834002768 0.840595067953 0.657279377147 0.828823939761 0.603841434257 0.596917859798 0.662340208389 0.587988636401 0.372530054474 0.456643170200 0.499849574828 0.408558474461 0.767103583482 0.338666811849 0.124918483907 -0.113382944251 -0.0370019497524 -0.0252983220986 -0.437916601475 -0.636993875407 -0.837380562576 -1.12524023715 -1.19202760418 -1.23745101251 -1.32421793281 -1.31705819688 -1.40141511123 -1.40675546137 -1.43766451415 -1.34457395957 -1.85174083070 -2.00086679809 -2.21521959827 -1.68154777442 -0.266766051741 1.22092673961 -0.0530312530319 -1.50413147698 -0.482829312011 1.13434441087 0.395372258539 -0.660845309016 0.194469744691 1.92560395603 0.0762164542109 -1.69562026267 -0.585006705058 2.08861752798 -0.423885695842 -1.15905368868 -0.878565585804 0.600877039704 0.466989035904 1.51638930821 1.54867096159 0.0861341051870 0.873896882984 1.22736645278 0.702916879036 2.11238824656 -0.147762852475 0.467705580407 0.366272048067 0.425420966400 0.353307054176 -0.0587661453743 -0.126347024749 -0.998461259407 -1.41511935989 -0.438328001720 -2.39213154911 0.792760482255 -1.46371445280 0.429410152370 0.337328795653 0.243664396143
# mat_params[1]:
 7.55084813699 10.3757890683
# mat_params[2]:
 7.67640444927 10.8824247239
# mat_params[3]:
 6.35315277598 9.26614425712
# mat_params[4]:
 4.92969519665 7.34664295874
# log_m_devs:
 -0.0203045722481 0.0845455930519 0.173012130122 -0.237253150926
# log_slx_pars[1]:
 1.35476175789 -0.371719274535
# log_slx_pars[2]:
 1.75724355249 -0.195779542485
# log_slx_pars[3]:
 1.56545065134 -0.374897102734
# log_ft_pars:
 -1.10691575020 -1.19869736381 -1.62706736772 -1.49994006086 -1.20940615409 -1.12147834607 -1.23245380483 -1.66229174545 -1.31177946396 -2.16659405349 -2.36541649241 -0.821118296943 -4.65682170591 -0.754085310403 -3.53958738199 -2.71407847300 -2.44858248805 -1.97550603662 -1.83223630675 -2.74867583350 -2.84724212888 -2.89855860378 -3.12054796196 -2.54503449009 -2.83908510037 -3.47948498181 -2.89790934052 -2.24969042088 -2.22464791389 -1.63717231330 -1.10254881782 -1.11877575656 -1.50718491708 -1.88881154486 -1.81296273956 -1.08415729481 -1.66600980532 -2.07831006545 -4.80788546200 -4.80012673645 -3.96674476234 -3.47314659446 -3.75155582965 -3.92771187075 -3.69314623340 -3.57559723425 -2.47659958031 -2.96971948268 -8.75375363970 -3.84705722692 -1.97505082160 -1.68597743550 -2.26951973776 -1.97755698435 -1.90228185011 -1.84476012085 -1.63011733029 -1.98418860485 -2.46850451289 -1.65108696849 -1.36537688470 -2.54704892086 -3.29770213155 -2.35467044473 -1.69690928638 -2.47373297567 -2.88859515543 -1.53633962425 -1.63482912309 -2.37461438512 -2.18743456288 -3.00647313735 -2.07477614913 -2.18856668329 -2.75077047472 -2.35688131041 -2.29460832440 -2.30115967096 -1.93820565846 -1.99228690633 -2.10890764028 -1.92652861118 -1.77270099151 -1.84497700826 -2.65065458384 -1.27946866552 -1.88320394161 -1.81363450387 -1.74858121678 -3.42556274346
