# Number of parameters = 203 Objective function value = -3561.35647584976  Maximum gradient component = 6.24358265010500e-005
# theta[1]:
0.152503185185
# theta[2]:
9.88302231117
# theta[3]:
9.83400827172
# theta[4]:
10.1816300578
# theta[5]:
0.665531702961
# theta[6]:
4.00000000000
# log_rinit_devs:
 -0.0975990205463 -0.0812531047667 0.0616827947480 0.00202288565826 0.115146444907
# log_rbar_devs:
 0.379889673665 0.248442300593 0.0748984663965 0.182485402044 0.0968582268192 0.551241203075 0.255007480096 0.270439150475 0.367817047355 0.533291416444 0.520587676183 0.546421106360 0.687720841672 0.764863521308 0.933128266534 0.700046151367 0.618287940828 0.451933072624 0.701121566477 0.447967925116 0.421754859860 0.477399868003 0.371447699389 0.0967441739105 0.172850784316 0.181227972425 0.0345542744530 0.423951346778 -0.0582232709541 -0.233452006497 -0.355009979342 -0.0960026299203 0.0232970019567 -0.378885511398 -0.508379539304 -0.600436966739 -0.826824794290 -0.891456410838 -0.979948285362 -1.14223071115 -1.17913365619 -1.30555587963 -1.32962932779 -1.36522778767 -1.25164041705 -1.75139833160 -1.83307033497 -2.02284477320 -1.52035777762 -0.0964818908068 1.54234400474 0.197763341811 -1.19019812835 -0.196389002399 1.39510643843 0.660388243947 -0.386548809929 0.445277047881 2.17722781254 0.385747388102 -1.36608282655 -0.353455447275 2.21591562839 -0.211132406291 -0.977449547026 -0.734124836034 0.686031235201 0.598913988756 1.62284807560 1.65243865554 0.213322791753 0.974042169345 1.27669504805 0.740270753069 2.02037930241 -0.246473827459 0.260231854237 0.205503318038 0.394888005879 0.561210567215 0.156965054325 0.0738027878565 -1.01230506189 -1.50068557162 -0.548740642649 -2.60541308612 0.638308146459 -1.72825685219 0.0380498913633 -0.193636183044 0.307734543709
# mat_params[1]:
 8.13108084573 10.2601481215
# mat_params[2]:
 9.23753113815 12.1779869197
# mat_params[3]:
 6.99651109966 9.42875365348
# log_m_devs:
 0.0423984379477 -0.0421659282948 0.0186679188761 -0.0189004285290
# log_slx_pars[1]:
 1.78674270601 -0.219197079868
# log_ft_pars:
 -1.25258425300 -1.38850858169 -1.86574312125 -1.77961550053 -1.53209284981 -1.52251652843 -1.70131467829 -2.20170955032 -1.91412255435 -2.77744542547 -2.95281923506 -2.35516329696 -5.43070060888 -1.19903059235 -4.39738876854 -3.47033073782 -3.10215076104 -2.69718514104 -2.60289191743 -3.53461133809 -3.63297262146 -3.67222390974 -3.86147345628 -3.27668279453 -3.56295307528 -4.15105827671 -3.51318193483 -2.82254134779 -2.78573179327 -2.26734452386 -1.87032519585 -1.99669031286 -2.44023614913 -2.87847722231 -2.90433649462 -2.32475064354 -3.02023723620 -3.44855604609 -6.12319251442 -6.03333155862 -5.13106992965 -4.58101375624 -4.78615049082 -4.93171628888 -4.70050254709 -4.57458574791 -3.53052671266 -4.08601294257 -10.7982844992 -6.09679213383 -4.58748239031 -4.17807165483 -4.61155901317 -4.23866400232 -4.30433961583 -4.24253169622 -3.97337431051 -4.27574307232 -4.89768627318 -4.04769183566 -3.67876980414 -4.74647254077 -5.59122500082 -4.60072984871 -3.84535563589 -4.51150111051 -4.90387796100 -3.61634053056 -3.91366578187 -4.66629360533 -4.37458800630 -5.10350101461 -4.14758084499 -4.23840037437 -4.85778414067 -4.35742137294 -4.18599608588 -4.09675040160 -3.69182272966 -3.33054330967 -3.23866835276 -2.92993440211 -2.67307654722 -2.64632951796 -3.35954739129 -1.87045496427 -2.77770573298 -2.59959168206 -2.49108476214 -4.08777639441
