# Number of parameters = 203 Objective function value = -3537.05092907304  Maximum gradient component = 0.000176254586238526
# theta[1]:
0.0582711542844
# theta[2]:
9.58571466899
# theta[3]:
9.24975866822
# theta[4]:
9.57460696798
# theta[5]:
0.553679173792
# theta[6]:
4.00000000000
# log_rinit_devs:
 -0.116152502812 -0.0695518144857 0.0857794077233 0.0417913039009 0.0581336056733
# log_rbar_devs:
 0.595312017960 0.439686882924 0.242687478902 0.326126260927 0.211852443521 0.621660020688 0.282473252438 0.261686349780 0.300324956625 0.432532648971 0.386314863983 0.352291858334 0.440268434937 0.535980164657 0.803080077568 0.758149102019 0.953334783576 0.737346845058 0.956015550664 0.679802090521 0.641485705061 0.686847362989 0.570534835529 0.285174661466 0.355328702692 0.362635559518 0.213704128084 0.606205182213 0.103047623011 -0.0952941942652 -0.248532403124 -0.0144236588654 0.0824009016029 -0.347257402802 -0.504485819927 -0.624023199010 -0.872386876785 -0.951483803152 -1.05379041793 -1.22857119747 -1.27946643067 -1.41935442883 -1.45599642305 -1.50438096920 -1.40276504442 -1.94188218441 -2.06113589430 -2.28219272104 -1.80992542829 -0.345134413415 1.27962962740 -0.0845631307519 -1.45292031559 -0.458383518541 1.12704100280 0.403998361277 -0.633371672754 0.200810639083 1.89130869301 0.137833733065 -1.55852810172 -0.589927266675 1.93964965247 -0.443510222009 -1.19739518989 -0.943458056910 0.472136948832 0.386948569773 1.40853706525 1.43471783692 0.0205258422494 0.782904538432 1.09962186671 0.601196003709 1.88793463940 -0.305117399833 0.270820671587 0.281288378013 0.558223500593 0.810397830437 0.400556743426 0.358519414706 -0.598234966627 -1.05001654821 -0.0844216413279 -2.10651784215 1.12654345174 -1.22589077588 0.515333228374 0.247721590703 0.306248983638
# mat_params[1]:
 8.33263838680 11.1569616210
# mat_params[2]:
 6.76236352069 9.07388575124
# mat_params[3]:
 6.99405544550 9.49396570414
# log_m_devs:
 -0.0602716096355 0.0602716096355
# log_slx_pars[1]:
 1.71015442124 -0.213974316928
# log_slx_pars[2]:
 1.86935067294 -0.334607654183
# log_ft_pars:
 -1.75123123341 -1.84751941288 -2.30496162852 -2.19403676863 -1.92556980198 -1.85802567427 -2.00430468866 -2.47802674923 -2.15064138881 -2.96205307421 -3.09573993622 -2.77440573582 -5.48992459726 -1.65043091578 -4.40249193409 -3.52405974535 -3.26910626065 -2.79487310235 -2.66733344605 -3.57085290016 -3.64286564039 -3.65812885907 -3.83118699314 -3.22852456431 -3.49713653240 -4.07792449078 -3.44094601940 -2.76648180559 -2.72316228678 -2.18353083267 -1.74602891354 -1.84869212276 -2.28965332949 -2.71070881724 -2.69885275122 -2.07320672198 -2.72895620651 -3.13646588756 -5.79729591332 -5.69739112243 -4.78487169011 -4.22225117070 -4.42695036219 -4.55912386816 -4.30488183044 -4.16549903895 -3.09799652011 -3.60768554124 -10.3065215318 -5.72152079803 -4.27657479669 -3.87228711380 -4.27027088941 -3.83126522409 -3.92127608089 -3.89881857581 -3.62646871023 -3.89603141455 -4.53463498403 -3.70675427938 -3.30973369072 -4.31813438786 -5.20339395344 -4.26417592814 -3.49272780138 -4.08482780384 -4.49186288600 -3.28025528873 -3.63220995655 -4.39102539171 -4.08814786208 -4.78752659375 -3.83038157043 -3.94606323431 -4.61643507199 -4.13089481898 -3.96166944795 -3.86437944195 -3.53266084357 -2.38439239739 -2.29399012244 -2.06473389178 -1.92404042343 -2.01867944380 -2.81333492690 -1.37972692311 -1.98676022634 -1.79704772698 -1.68865023171 -3.36895204863
