# Number of parameters = 206 Objective function value = -3557.04167861729  Maximum gradient component = 3.87389590645703e-005
# theta[1]:
-0.232426081440
# theta[2]:
7.77634278837
# theta[3]:
7.04142301876
# theta[4]:
7.47415626290
# theta[5]:
0.393404313576
# theta[6]:
4.00000000000
# log_rinit_devs:
 -0.00595053061346 -0.0193596182925 0.0774085904895 0.0404097967957 -0.0925082383793
# log_rbar_devs:
 1.10346808655 0.916520328334 0.697821198962 0.756103493678 0.639371367740 0.959503350005 0.591615979475 0.517290232218 0.501556900888 0.549313841773 0.484328811933 0.451088059733 0.563659739792 0.656493603511 0.875199953380 0.770359666291 0.850007750134 0.641196416319 0.833158528215 0.605651319503 0.606099459845 0.679677412556 0.601740727249 0.380722997739 0.478679659319 0.521650306443 0.402470503834 0.766453135419 0.276867340891 0.00974192241298 -0.267834986561 -0.201630551620 -0.206766206570 -0.685139675482 -0.976325721111 -1.25386872910 -1.58196396815 -1.66505284374 -1.72137098483 -1.82315681063 -1.83380988329 -1.91836359407 -1.91281383928 -1.92448242768 -1.78890402792 -2.25486464906 -2.35286922450 -2.52189437984 -1.96797973904 -0.497550258005 1.03455192460 -0.286980217183 -1.69786706427 -0.677996220576 0.908986538390 0.186166358553 -0.858171339335 0.0111604967528 1.67455679777 -0.101829375991 -1.81718068105 -0.766667171094 1.81171420557 -0.595478151118 -1.32306560683 -1.02292063991 0.434994787394 0.316335916654 1.35693280977 1.38311572448 -0.0349102426243 0.748969239891 1.11903288111 0.651217182330 1.94818755719 -0.0906862109173 0.624124514793 0.760295288203 1.12874867010 1.42639226669 0.997477017632 0.943092534251 -0.00131577210621 -0.498944002002 0.402909631832 -1.70041012851 1.44887597801 -0.958778424046 0.796542766397 0.559644057773 0.428006507754
# mat_params[1]:
 6.89606047965 9.99208747565
# mat_params[2]:
 6.39495355170 9.50250374235
# mat_params[3]:
 5.48845959106 8.03974297551
# log_m_devs:
 -0.0808720996058 0.0336468365851 0.0472252630207
# log_slx_pars[1]:
 0.494914371732 -4.19483219264
# log_slx_pars[2]:
 1.49166431208 -0.400633463016
# log_slx_pars[3]:
 1.66938957172 -0.389336069380
# log_ft_pars:
 -2.16994706468 -2.22494605670 -2.57637718688 -2.43648045997 -2.13662814095 -2.15317447865 -2.18097580527 -2.55664966302 -2.17963223008 -2.99659570241 -3.10422515071 -6.09933720176 -5.51876786599 -6.33472938823 -4.55840923891 -3.58835470132 -2.26739758087 -1.81849398296 -1.67448159076 -2.59470732715 -2.71616955229 -2.76803356870 -2.99172857377 -2.44277690599 -2.74363150202 -3.36788489130 -2.78261667180 -2.08944978411 -2.06406181193 -1.51024463716 -0.974543599763 -0.913971719119 -1.20452277582 -1.56303354048 -1.48994154735 -0.694818749580 -1.17883840071 -1.52642307921 -4.22739674512 -4.21404073073 -3.36508521971 -2.85069425819 -3.09289200065 -3.27232265787 -3.06971257694 -2.98855394441 -1.92574612303 -2.46124145501 -9.20688462180 -4.49015967147 -2.86992446498 -2.65091465278 -3.09230640541 -2.57222889259 -2.56181127279 -2.66411186930 -2.43187117743 -2.63728545356 -3.17822135473 -2.50085558223 -2.11494801792 -3.06124939851 -3.88634511747 -3.16583979834 -2.42783895259 -2.94670847484 -3.34714659541 -2.20774061116 -2.49190183684 -3.28724378305 -3.07094155161 -3.75394169669 -2.78074942232 -2.96809676826 -3.58993611532 -3.23703340072 -3.11545815676 -3.05363757617 -2.87065677280 -2.77896285571 -2.88593801998 -2.64630746306 -2.43263623892 -2.42715825512 -3.13939343687 -1.73758363901 -1.84755465634 -1.63813245428 -1.49530865476 -3.06996037035
