# Number of parameters = 203 Objective function value = -3635.77235897331  Maximum gradient component = 0.000302195143580457
# theta[1]:
-0.325617787200
# theta[2]:
7.44940530663
# theta[3]:
6.54354237112
# theta[4]:
7.07414809639
# theta[5]:
0.567361000705
# theta[6]:
4.00000000000
# log_rinit_devs:
 0.0770730534596 0.0295839605477 0.0808519616021 0.00135535300682 -0.188864328616
# log_rbar_devs:
 1.34044552760 1.13461751885 0.916143704275 0.956188132898 0.809796378964 1.08494041653 0.676507136702 0.569200297643 0.504648770104 0.521368405800 0.447982952006 0.417532286158 0.539955997581 0.671480030880 0.902319285220 0.824832311951 0.883112931185 0.656960859257 0.825812570898 0.610983758478 0.629592731252 0.721904656682 0.670534158604 0.481439016488 0.610207778787 0.692881513978 0.620389910752 1.01175955438 0.564800700423 0.308153386811 0.0176214736975 0.0679676024329 0.0613198593315 -0.413533403071 -0.729457874958 -1.05766781126 -1.42210402469 -1.49917449648 -1.51856604251 -1.57795474976 -1.55006778243 -1.61302077394 -1.59254560443 -1.59784681287 -1.48178715915 -2.03119865048 -2.26964883121 -2.58479507269 -2.16159673127 -0.694480511261 0.737133958944 -0.501402670582 -1.92967678215 -0.915282369202 0.662283543353 -0.0655523289413 -1.11231064504 -0.227948204778 1.44158302390 -0.370566358005 -2.11553591906 -1.01305633895 1.60410378139 -0.818682343121 -1.53587319165 -1.21870750727 0.263073436296 0.120376383769 1.15862414916 1.18969590420 -0.234848956183 0.550772572754 0.927238196957 0.451957508969 1.75670083715 -0.282032350197 0.451300886972 0.600293312746 0.977054051512 1.27679503829 0.847679182409 0.789453119250 -0.139271808468 -0.595591215907 0.381766587547 -1.68825994069 1.56330965756 -0.928570267401 0.852940865734 0.605843357799 0.525234556814
# mat_params[1]:
 6.97278312478 9.99129647787
# mat_params[2]:
 7.24841994409 10.5245365628
# mat_params[3]:
 5.21801816431 7.82463636189
# log_m_devs:
 -0.0124009195030 0.0124009195030
# log_slx_pars[1]:
 1.02528826104 -0.673158028064
# log_slx_pars[2]:
 1.47166645635 -0.404367842096
# log_ft_pars:
 -1.64615645105 -1.70318417686 -2.06562426689 -1.90342691992 -1.58094490371 -1.51056942699 -1.53753802941 -1.87881145060 -1.44755535899 -2.21549587594 -2.32316962507 -3.00447914483 -4.74354467523 -2.60044563231 -3.79370506399 -2.88204939469 -1.81766331588 -1.35792868390 -1.18495270341 -2.09153522395 -2.22529320861 -2.29652112061 -2.54736230734 -2.01506474299 -2.33956157098 -3.00480560234 -2.46048723804 -1.80601680530 -1.81615798655 -1.27959498661 -0.739111170219 -0.666244207993 -0.956268979516 -1.32166384287 -1.24965848049 -0.421241024256 -0.830415739072 -1.14998922449 -3.87783820471 -3.91748898257 -3.11597667128 -2.64241021643 -2.92505965946 -3.13095585343 -2.94099157033 -2.86263978143 -1.75678157571 -2.22490881797 -8.87780239444 -4.06451394669 -2.26929359146 -2.06202208900 -2.52952665547 -2.03442281225 -1.99379688261 -2.10446155656 -1.87355791997 -2.08845377308 -2.61558434418 -1.95151595016 -1.56385709519 -2.53456630763 -3.35539673384 -2.66395525571 -1.94480418576 -2.49529268369 -2.91649498891 -1.76475060371 -1.99027598657 -2.78184681307 -2.59501054512 -3.30507136657 -2.34039810903 -2.52767506271 -3.11931151304 -2.78775714181 -2.68703882779 -2.64725615454 -2.47078680541 -2.37011847369 -2.47676369496 -2.24643397827 -2.04457463668 -2.04923117462 -2.78998549462 -1.42747457094 -2.19095575040 -2.13516588004 -1.91421882638 -3.43027750655
