# Number of parameters = 205 Objective function value = -3638.01885259639  Maximum gradient component = 0.000142171564585439
# theta[1]:
-0.395508445031
# theta[2]:
6.80205339809
# theta[3]:
6.59910028685
# theta[4]:
7.12089915835
# theta[5]:
0.583443875563
# theta[6]:
4.00000000000
# log_rinit_devs:
 0.226065708175 0.109548676081 0.0989036226857 -0.0370444790820 -0.397473527860
# log_rbar_devs:
 0.887542871783 0.693618898614 0.473919916383 0.558237817495 0.460720337370 0.747103875967 0.379539393652 0.287558938735 0.286348972634 0.309384518072 0.288573802291 0.298686837327 0.381088411421 0.592305467490 0.760004975370 0.794362830472 0.967776586088 0.747678529089 0.913016521746 0.702178003386 0.715079930514 0.798956844932 0.743158929440 0.553981247876 0.672946003389 0.745371191237 0.666782704168 1.03865930704 0.594702465761 0.337016070438 0.0517592700275 0.100746651538 0.0920950740591 -0.374751720207 -0.682126313259 -0.991147734433 -1.33290484397 -1.40361159686 -1.42694206582 -1.49274159094 -1.47247218863 -1.53963351982 -1.52534401621 -1.53568695562 -1.42943330959 -1.96834946195 -2.19778006366 -2.50948847598 -2.10603376558 -0.649756554514 0.804526946316 -0.438397164968 -1.87286066217 -0.854603352644 0.728538784885 0.000401298846384 -1.04626327868 -0.163891964759 1.51222421209 -0.300867640202 -2.05681065789 -0.945140376779 1.67152931917 -0.757585674560 -1.47672770335 -1.16418289431 0.316367523388 0.175883281722 1.21651201892 1.24607892140 -0.182637991893 0.599525646799 0.972295378644 0.488167998950 1.80154018209 -0.274690493232 0.438042023714 0.561890809243 0.937963995238 1.28656955690 0.853552973257 0.799490949098 -0.125876141377 -0.576783491434 0.412353223151 -1.65945978638 1.58243598934 -0.838358679707 0.997344780535 0.812442680459 0.516760441418
# mat_params[1]:
 6.86502334681 9.99592817683
# mat_params[2]:
 7.27722861759 10.5396076411
# mat_params[3]:
 5.43638572147 8.25044794923
# mat_params[4]:
 5.17866533704 7.49164801454
# log_m_devs:
 -0.0848858669749 0.0848858669749
# log_slx_pars[1]:
 -0.278538176431 -7.21439470780
# log_slx_pars[2]:
 1.48441489895 -0.396723386139
# log_ft_pars:
 -1.47493479671 -1.51783226928 -1.88056634505 -1.76372771387 -1.47034304398 -1.46329191109 -1.47956524742 -1.85896374544 -1.48305774153 -2.31096997887 -2.46770426817 -2.08366542466 -4.91854054567 -1.65860568559 -3.98717468265 -3.13606626915 -1.91763503952 -1.45061542631 -1.28189395024 -2.19210630752 -2.32108215327 -2.38627098025 -2.62920961227 -2.09189626975 -2.41203091594 -3.06871653790 -2.51540456803 -1.85207034313 -1.85336005349 -1.31389665621 -0.778012474617 -0.711869960853 -1.00404907508 -1.36794667123 -1.29678644854 -0.482057414454 -0.916906566545 -1.25259987838 -3.97945829844 -4.00881615134 -3.19909570291 -2.71936781737 -2.99540425746 -3.19509709810 -2.99868111083 -2.91481921586 -1.81183005450 -2.28379050017 -8.93360092307 -4.11050655727 -2.32327899541 -2.11752946918 -2.59196907797 -2.10052992571 -2.05733753186 -2.16402325433 -1.94013138243 -2.15802377975 -2.68108778565 -2.01459690426 -1.63940176251 -2.61275275603 -3.42182927816 -2.72006835367 -2.00903573781 -2.56162599913 -2.97167307906 -1.81245331216 -2.04181662644 -2.83155479100 -2.64399540743 -3.35390289234 -2.38380932022 -2.56490251151 -3.15512245225 -2.81754435979 -2.71359636848 -2.65755417092 -2.45421926333 -2.34043561366 -2.44997721319 -2.22701764521 -2.02887006753 -2.03589381767 -2.78082180161 -1.41992593145 -2.19747195894 -2.15831184216 -1.98100596416 -3.54959382576
