# Number of parameters = 199 Objective function value = -3590.97403729842  Maximum gradient component = 0.000260482103292913
# theta[1]:
-0.401761722099
# theta[2]:
7.43875391902
# theta[3]:
6.39608635179
# theta[4]:
6.93376959555
# theta[5]:
0.626444055495
# theta[6]:
4.00000000000
# log_rinit_devs:
 0.112630634950 0.104546163071 0.128689451656 -0.00557055454519 -0.340295695131
# log_rbar_devs:
 1.45614173869 1.27806610954 1.09370211017 1.10478692437 0.931861532712 1.16141883259 0.770944757298 0.665342126804 0.603656880598 0.666014597382 0.585566361916 0.514851962991 0.544825758817 0.572443641237 0.761296520550 0.723025486201 0.814925965147 0.600559646520 0.734511480676 0.523989917118 0.541605001110 0.630508660279 0.589095073686 0.416713887253 0.538835749863 0.628085061742 0.578450697063 0.953860514415 0.555528167427 0.328023119036 0.0436086166385 0.0562293420206 0.0265555601096 -0.415903770911 -0.710449457750 -1.05734408328 -1.45864096235 -1.56746353629 -1.59080329966 -1.62822015974 -1.58665025330 -1.63426161247 -1.60650750746 -1.60244554164 -1.48149555102 -1.99487106300 -2.24029966304 -2.57736963941 -2.18110614524 -0.701135046323 0.742743504022 -0.487713663649 -1.91536596298 -0.902786082853 0.672377591076 -0.0528309681665 -1.09551883786 -0.214208096774 1.44893608125 -0.352890061381 -2.11212401455 -1.01139720641 1.59210088112 -0.817254697503 -1.53453521365 -1.22408818910 0.262458195473 0.120472713903 1.15590000895 1.18392015147 -0.238633382833 0.540015040398 0.920480221754 0.440518348767 1.74375037969 -0.290292237001 0.444097407171 0.596034142354 0.975902019792 1.27859832548 0.849547372316 0.789357695680 -0.139559941371 -0.598455690747 0.379226954459 -1.69262716585 1.54231667295 -0.936817826318 0.840622456110 0.604852902850 0.532805662879
# mat_params[1]:
 7.11926432122 10.3336888146
# mat_params[2]:
 5.01477597336 7.54235148740
# log_m_devs:
 -0.0253733096086 0.0253733096086
# log_slx_pars[1]:
 1.39230541789 -0.405762675451
# log_ft_pars:
 -1.20265435749 -1.26281068963 -1.68271546711 -1.53449197681 -1.21504611077 -1.04784190729 -1.09451740602 -1.46617866662 -1.03071263322 -1.77444415600 -1.90049281875 -1.13040779712 -4.18699100613 -0.823761804919 -2.98464140656 -2.12002256996 -1.81256888194 -1.33543168160 -1.14547156562 -2.04862993054 -2.17670115206 -2.25285241667 -2.50998173507 -1.97451152838 -2.30314174603 -2.98520061968 -2.45201025946 -1.81344947467 -1.82577026216 -1.27408629232 -0.725929227907 -0.659990237620 -0.959947999325 -1.31902810733 -1.23205356489 -0.390825288646 -0.785524947479 -1.09281170192 -3.82829033304 -3.88662300549 -3.10292714922 -2.64606754547 -2.95088523425 -3.16854500050 -2.98240742259 -2.90857174878 -1.80031649159 -2.26790988597 -8.93263473806 -4.19345626117 -2.48216353008 -2.20673823558 -2.57034165224 -2.04650089973 -2.12158235938 -2.23401824340 -1.93595121288 -2.13369848497 -2.76638413981 -2.07901534573 -1.58990359470 -2.52071746905 -3.48049215714 -2.78075081602 -1.95692911191 -2.46227082108 -2.95691676310 -1.85629254551 -2.12081246939 -2.91349925618 -2.66950537637 -3.33699232580 -2.40008031813 -2.59107421078 -3.21880465531 -2.86589220482 -2.71157118773 -2.67620446268 -2.53294142767 -2.45703838944 -2.55449949310 -2.29968798212 -2.08078325683 -2.05918668310 -2.81022576425 -1.45559120673 -2.30200501576 -2.24769256632 -1.98471587563 -3.52253042132
