# Number of parameters = 202 Objective function value = -3552.63199269410  Maximum gradient component = 0.000387179936669236
# theta[1]:
-0.181898698831
# theta[2]:
7.19155912364
# theta[3]:
7.92062734094
# theta[4]:
8.38932525407
# theta[5]:
0.396657111158
# theta[6]:
4.00000000000
# log_rinit_devs:
 0.256695163910 0.136837075242 0.105985894541 -0.0915630810044 -0.407955052689
# log_rbar_devs:
 0.00679079114925 -0.123899937307 -0.258037197251 -0.0647328860986 -0.0922846008701 0.396332343739 0.144010447429 0.237419170328 0.387138860131 0.630711989653 0.648227870773 0.573062712262 0.491242333972 0.584546514739 0.761432165019 0.849423149337 1.17968362953 0.956909374821 1.17785761426 0.902531893327 0.877765567854 0.936008417635 0.828141542441 0.555750607113 0.643408621486 0.662639418553 0.510076794767 0.910342567653 0.361080845407 0.102917015998 -0.123387173529 0.0455465666974 0.0913840651058 -0.402281635353 -0.635052050906 -0.822805672381 -1.10861576573 -1.19574482416 -1.29913406363 -1.46984828456 -1.52629294229 -1.66463459870 -1.69969850654 -1.74969761345 -1.64308576577 -2.19986331627 -2.33779608145 -2.55703319913 -2.06221966923 -0.594052794175 0.958990627441 -0.389534503765 -1.77673986091 -0.764058379760 0.817338203135 0.104273683540 -0.933899200283 -0.0813042642077 1.57697012740 -0.168995699954 -1.84340679957 -0.840008541253 1.70967941904 -0.671129277692 -1.40416041563 -1.11612938256 0.319539730808 0.219683286485 1.24980194711 1.28079596285 -0.120798557254 0.667639673470 1.02562793242 0.575317150075 1.85212413299 -0.162516497541 0.539966496257 0.666440286373 1.02594628853 1.31313807178 0.904236984820 0.859304191684 -0.0450817193935 -0.494778787574 0.468813251099 -1.52595138138 1.72691740027 -0.644261024038 1.08578880759 0.774536300792 0.437700024407
# mat_params[1]:
 7.26941075721 10.1560808359
# mat_params[2]:
 7.06601457711 10.0299159913
# log_m_devs:
 -0.206546149044 0.118651467402 0.0878946816415
# log_slx_pars[1]:
 1.15567340607 -0.258279183010
# log_slx_pars[2]:
 1.63663283792 -0.305598959777
# log_ft_pars:
 -1.40977122832 -1.56441768316 -2.03228305172 -1.99146243505 -1.80928736663 -1.92134956490 -2.14792774060 -2.68661545175 -2.46945024655 -3.44748232054 -3.70277484233 -0.448404358050 -5.83749101208 -0.630195820741 -4.73265559546 -3.97638107716 -2.75469354471 -2.28155824351 -2.13826002213 -3.04351118769 -3.13326571644 -3.15553835536 -3.34049426568 -2.76172138411 -3.03933166713 -3.62592583530 -3.00387006342 -2.31004266494 -2.27230177417 -1.73665920415 -1.25550416133 -1.25535173288 -1.59829053829 -1.98229167901 -1.94505574895 -1.24775561660 -1.82199940108 -2.19407647016 -4.84840543631 -4.75864406923 -3.84643897946 -3.27810208906 -3.46427878666 -3.59430901344 -3.34725899073 -3.21651356800 -2.13078784243 -2.62721735328 -9.30252166563 -4.58452469191 -2.96576038069 -2.71698552574 -3.24292048033 -2.81764309152 -2.75255792132 -2.77295438041 -2.57805444006 -2.85159636072 -3.33780828934 -2.58971112846 -2.28487199048 -3.33061437429 -4.07249663891 -3.22949490119 -2.56597957086 -3.19900019171 -3.56035652928 -2.32637190635 -2.59414123500 -3.37286890002 -3.17070597838 -3.91719169080 -2.94740193842 -3.10527067290 -3.72382851661 -3.33976979750 -3.26583141026 -3.24589510324 -3.02403996577 -2.89779791945 -2.99368624764 -2.78511924328 -2.60020437535 -2.63712829739 -3.39164683220 -1.99988943692 -2.86532855064 -2.80378297443 -2.70651313563 -4.25847837085
