# Number of parameters = 208 Objective function value = -3718.94665580381  Maximum gradient component = 0.000130716853793092
# theta[1]:
-0.276935594111
# theta[2]:
7.34800692780
# theta[3]:
7.01079759475
# theta[4]:
7.43920197311
# theta[5]:
0.738983903618
# theta[6]:
4.00000000000
# log_rinit_devs:
 0.189836342266 0.132889675998 0.111420334918 -0.0712275772821 -0.362918775900
# log_rbar_devs:
 0.874586140239 0.701827693943 0.531914419486 0.595606639904 0.461000129027 0.760916720975 0.420410533694 0.389658681553 0.419050875018 0.556602438482 0.521798480979 0.459373503000 0.505402959601 0.552520767874 0.740141747586 0.716125791759 0.832779263767 0.648771963839 0.818777316516 0.592004456363 0.585739311972 0.652267921990 0.578791220351 0.363539403393 0.448344071438 0.493186322446 0.403497180521 0.765268817904 0.337617813143 0.124952808119 -0.117515274031 -0.0487444336191 -0.0431441259762 -0.460392905138 -0.664003168973 -0.875715640071 -1.17705050902 -1.25089133924 -1.29807267358 -1.38285070329 -1.37414223310 -1.45736292376 -1.46129993717 -1.48959403809 -1.39245454007 -1.90505239640 -2.06593291744 -2.29356586066 -1.76472412863 -0.339014583387 1.14350695496 -0.126146913179 -1.57730617778 -0.553002206828 1.06224760156 0.322118884425 -0.734879123941 0.130973844011 1.85680239204 0.00698921774076 -1.76388165209 -0.650012842389 2.01942494625 -0.486545227749 -1.21872548086 -0.930458654940 0.551039740812 0.413425254616 1.46337721716 1.49587453230 0.0322924994792 0.818405420856 1.17265575146 0.647462984907 2.03698203994 -0.213966794192 0.418722867715 0.352812824397 0.469606424094 0.459056509624 0.0535454958172 0.0193553061529 -0.786813500079 -1.14961244992 -0.108237830549 -1.98762999978 1.29814839930 -1.15727857836 0.599473570641 0.297349498680 0.311896190433
# mat_params[1]:
 7.47590204223 10.3211982525
# mat_params[2]:
 7.59701434207 10.8343758517
# mat_params[3]:
 6.18800107497 9.07802175004
# mat_params[4]:
 5.21844737275 7.72142107583
# log_m_devs:
 -0.0422553598940 0.0612284101246 0.145498315416 -0.251482550044 0.0870111843972
# log_slx_pars[1]:
 1.33471485697 -0.398087598286
# log_slx_pars[2]:
 1.69373457351 -0.246862028544
# log_ft_pars:
 -1.11766592071 -1.20837636574 -1.63459698750 -1.50668048131 -1.21570966885 -1.12700147110 -1.23585140311 -1.66172601616 -1.30779170952 -2.16030739047 -2.35892543374 -0.816333455313 -4.64321400515 -0.765687216417 -3.52404552728 -2.69814464477 -2.43055238359 -1.95749596842 -1.81261819708 -2.72895174810 -2.82780019286 -2.88028951479 -3.10383560307 -2.52876023849 -2.82291663970 -3.46522704644 -2.88525696806 -2.23798457494 -2.21422421922 -1.62470281940 -1.08598099971 -1.09605990366 -1.47884064900 -1.85644214839 -1.77574251319 -1.03712072941 -1.60623280706 -2.01119225612 -4.73974721237 -4.73439957434 -3.90261494484 -3.41005918093 -3.68942611355 -3.86729336756 -3.63515134345 -3.51898952123 -2.41460443831 -2.90106781291 -8.84232679938 -3.94966234371 -2.10419466299 -1.84785469118 -2.42726888878 -2.08310473045 -1.98827348613 -1.97044847253 -1.77845592923 -2.10066449727 -2.57427698162 -1.79643622378 -1.51891232604 -2.64927891573 -3.37941765594 -2.49251984756 -1.85700333030 -2.57978707233 -2.95505803030 -1.63560533522 -1.78385217739 -2.53863825466 -2.35997756341 -3.15588716656 -2.19928457565 -2.31690863854 -2.88528912578 -2.50168774740 -2.43627213404 -2.40933144591 -2.04142137523 -1.64458873104 -1.75237420814 -1.61695403976 -1.52720614191 -1.66904197958 -2.55495334964 -1.23157393254 -1.86921906183 -1.56000208175 -1.31764404640 -2.86383068416
