# Number of parameters = 209 Objective function value = -3688.87287977120  Maximum gradient component = 6.99946691490993e-005
# theta[1]:
-0.398298055856
# theta[2]:
6.69690237549
# theta[3]:
6.70861058832
# theta[4]:
7.27484527021
# theta[5]:
0.520332004685
# theta[6]:
4.00000000000
# log_rinit_devs:
 0.326355501045 0.171500598755 0.108340882310 -0.0879252717950 -0.518271710315
# log_rbar_devs:
 0.745793560640 0.552194673635 0.365650606794 0.471239931295 0.371182607920 0.694086652348 0.343690903116 0.317553079878 0.355280253918 0.494143607245 0.529612940135 0.504088804494 0.501243834997 0.599635420035 0.686224387203 0.747388572106 0.963327945194 0.761880899574 0.928570575535 0.696728315804 0.693838179842 0.766274339417 0.695043380461 0.476909260144 0.570223119849 0.624609595394 0.536164933015 0.913763549694 0.479236476087 0.258015087980 -0.00995361769081 0.0369437092845 0.0275190938488 -0.413059529494 -0.651600091929 -0.928318728063 -1.28357251467 -1.38617680197 -1.43697391763 -1.51987621442 -1.51123057282 -1.59808502323 -1.60269581013 -1.63195645981 -1.52631873963 -2.06745030774 -2.27617580704 -2.55697180503 -2.07831937534 -0.629991058452 0.803559844035 -0.463436408226 -1.90278214319 -0.878771889924 0.716734997301 -0.0114451823109 -1.05554394538 -0.188979270487 1.49616469689 -0.327353602128 -2.06484695491 -0.937956361799 1.71758722257 -0.737741169738 -1.44757111990 -1.13432288731 0.349487674879 0.218649876833 1.27144464074 1.30739015656 -0.122726084010 0.672801116813 1.05538369356 0.588666349309 1.89421364793 -0.152128013675 0.579740285671 0.719496040704 1.08889137925 1.37809522709 0.940780790993 0.890616147000 -0.0401991744928 -0.517942057396 0.434308972411 -1.65885196352 1.55070701303 -0.875559942967 0.946404692838 0.737573719901 0.560128063281
# mat_params[1]:
 6.97185422083 9.99202191549
# mat_params[2]:
 7.21366188704 10.4782244522
# mat_params[3]:
 5.61109934634 8.36187227557
# mat_params[4]:
 5.32275445795 7.87178619973
# log_m_devs:
 -0.116796243299 0.116796243299
# log_slx_pars[1]:
 1.04234906581 -0.711910346603
# log_slx_pars[2]:
 1.32491169728 -0.582877233141
# log_slx_pars[3]:
 1.69444755337 -0.191518753623
# log_slx_pars[4]:
 1.64898724405 -0.387581813451
# log_ft_pars:
 -1.19042540961 -1.26406992632 -1.66539302249 -1.55991131086 -1.28838899757 -1.26547682252 -1.35911656065 -1.78613252375 -1.45795146732 -2.34841100523 -2.58105600615 -0.848953530423 -4.87239096751 -0.674490382051 -3.73281614463 -2.94501115271 -2.32221535811 -1.85545600760 -1.69650112844 -2.61743707601 -2.72037803966 -2.77201998362 -3.00274514999 -2.43803669606 -2.72919890521 -3.37295192324 -2.80232954698 -2.14241103844 -2.14075167916 -1.55836394431 -1.00704609679 -0.976335870821 -1.32130312749 -1.69619400787 -1.60320585101 -0.815820636675 -1.31584869359 -1.67435331012 -4.38834285158 -4.39109822843 -3.55959666179 -3.06511075438 -3.33607582770 -3.51331717092 -3.28408525104 -3.18316487655 -2.04905875888 -2.50327580103 -8.47580709093 -3.60011579953 -1.66985755153 -1.41840133109 -2.02741574979 -1.72102066554 -1.60827891269 -1.57614831079 -1.36890849779 -1.71712503784 -2.17378663116 -1.38032394586 -1.09058099623 -2.27326750549 -3.02884446943 -2.14869402741 -1.51933400656 -2.29692788509 -2.74192046696 -1.43465687128 -1.52707580261 -2.27574488553 -2.12328242698 -2.96271226565 -2.04162803218 -2.19301069360 -2.73997549985 -2.37504655762 -2.34465835938 -2.40498529704 -2.19298484124 -2.01218580786 -2.07125667840 -1.87824102960 -1.72487928595 -1.79161789290 -2.57710148273 -1.17193670931 -1.74343623354 -1.59079039167 -1.48847091128 -3.09121627784
