# Number of parameters = 200 Objective function value = -3366.60633397007  Maximum gradient component = 4504.01326641324
# theta[1]:
-0.641231618202
# theta[2]:
6.76810007336
# theta[3]:
5.85513017404
# theta[4]:
6.37335912318
# theta[5]:
0.474407791345
# theta[6]:
4.00000000000
# log_rinit_devs:
 0.205855652456 0.108109643895 0.120314086969 0.0190037634642 -0.453283146785
# log_rbar_devs:
 1.53516843844 1.34531781323 1.13032121948 1.16447861353 1.06511755921 1.29389679144 0.928484876421 0.813136594209 0.775899186219 0.748394189823 0.700866178923 0.688357061992 0.903340871154 1.02384682491 1.21781450407 1.11528674255 1.15386709705 1.01452906061 1.13243578426 0.856471844052 0.835043812826 0.880404134331 0.809367093785 0.633688026894 0.675206903312 0.695988468535 0.628209613040 0.967880455207 0.587695813100 0.456743010509 0.268037356463 0.222152180296 0.0887444971731 -0.361803221829 -0.556143406512 -0.755475095955 -1.30701428204 -1.59463402083 -1.84591597818 -1.92698878829 -1.93238584405 -2.00471019699 -2.03738322633 -2.06915044915 -1.95046954064 -2.33435191657 -2.43982043716 -2.80376948057 -2.42029539364 -0.874239402386 0.683723653799 -0.577307427932 -1.95475457508 -0.941347962058 0.575737628869 -0.101777745759 -1.08542395183 -0.261020827657 1.30396351416 -0.338633599241 -2.02005704244 -1.07348353684 1.37981418327 -0.860238466673 -1.52436783299 -1.28096513601 0.147969038710 0.0594092083239 1.04689427952 1.05386126856 -0.300577051278 0.429972397803 0.844622313242 0.387839015693 1.61466087719 -0.307896982298 0.388868991985 0.542124360242 0.905507495902 1.17015985739 0.778477014175 0.723484445127 -0.0880998423828 -0.531807962643 0.323807972545 -1.62864126280 1.26717547020 -1.10394160821 0.498404858321 0.224201312279 0.488021720893
# mat_params[1]:
 6.07087221806 9.30833146622
# mat_params[2]:
 4.55258322857 7.27425836854
# mat_params[3]:
 3.71416495136 5.51323206262
# log_m_devs:
 0.00000000000
# log_slx_pars[1]:
 0.980894082388 -1.88932157475
# log_ft_pars:
 -1.52530617201 -1.56629230580 -1.93572917241 -1.79552675674 -1.49400028204 -1.42385511027 -1.42460024649 -1.78469788901 -1.37587427734 -2.15063194691 -2.27299800335 -13.0348758477 -4.83298084036 -28.0345651726 -3.93850224564 -2.99023164739 -2.62633167535 -2.14094958123 -2.00790625967 -2.86836155418 -2.95311453624 -3.00979409557 -3.21616494011 -2.62868869753 -2.93495002431 -3.57726737990 -2.98621209629 -2.37170511634 -2.27082061547 -1.67171898250 -1.14132791736 -1.13603115897 -1.43745338761 -1.69310256112 -1.55919604907 -0.751448373054 -1.15946012020 -1.42943339005 -4.08609699256 -4.07285348785 -3.23279248543 -2.71601912907 -2.97226766541 -3.14340195100 -2.92833589383 -2.76132559227 -1.67144071467 -2.11411823849 -8.92944817509 -4.69021109037 -3.32713281225 -2.52658132390 -2.54446738851 -2.14437652345 -2.73819202152 -2.58122168737 -2.01657979550 -2.36747815499 -3.41639187662 -2.30219663879 -1.47519224639 -2.48304389954 -4.09472393899 -2.92326139302 -1.81468155596 -2.34328145933 -3.30881521734 -2.20786083077 -2.67552970639 -3.34739023162 -2.79457894605 -3.48243637793 -2.71324384511 -2.82413764640 -3.72358125311 -3.02457966565 -2.83038619249 -2.90708496423 -2.86867608037 -2.81729597366 -2.77962130904 -2.48756198148 -2.18957877317 -2.13680222098 -3.06843078936 -1.57349009812 -2.84202952044 -2.30562297062 -2.04621003180 -3.56112531465
