# Number of parameters = 205 Objective function value = -3619.75017151946  Maximum gradient component = 0.000207974275266863
# theta[1]:
-0.226121249069
# theta[2]:
7.58384741741
# theta[3]:
6.72896860464
# theta[4]:
7.25177220823
# theta[5]:
0.595435143905
# theta[6]:
4.00000000000
# log_rinit_devs:
 0.103717031898 0.0894588522728 0.115636427104 -0.0389041584186 -0.269908152857
# log_rbar_devs:
 1.31183108869 1.12970506925 0.937620643456 0.965009877471 0.795150577336 1.08393893899 0.693274395987 0.616496334071 0.600973930431 0.699698880897 0.630416586169 0.568719063075 0.619603122811 0.659856004159 0.841924075255 0.745577912117 0.775861095486 0.571275260121 0.748838533690 0.527894854324 0.539315674016 0.626732311553 0.568369735940 0.366434663072 0.483214987934 0.555907488189 0.478934898927 0.873163827255 0.425547135047 0.184156604071 -0.0906138994830 -0.0286906455556 -0.0301266007722 -0.491561747043 -0.761299727537 -1.04145745807 -1.38609569367 -1.46033638341 -1.48944047111 -1.55514616982 -1.52789782785 -1.59531418825 -1.57935921711 -1.58886687030 -1.47091024837 -2.01464567223 -2.24047710956 -2.55911988129 -2.16810996580 -0.713761229918 0.753632746558 -0.480155829909 -1.89559190819 -0.887061135821 0.686108157047 -0.0329253610789 -1.07927060864 -0.199923116404 1.46710081471 -0.324903102404 -2.06737124387 -0.990894987776 1.59615838386 -0.808839714098 -1.53641790103 -1.23314273632 0.238649637181 0.108674224385 1.13709884524 1.16062968878 -0.261825603510 0.514268227493 0.880131065609 0.391680675924 1.68824104750 -0.392570697529 0.321393190659 0.462859866866 0.875961824802 1.28630938621 0.845523962653 0.811836598294 -0.0732543258527 -0.492374229800 0.523382502998 -1.49202833632 1.79870302653 -0.667630815201 1.13582605471 0.886022524466 0.513776638621
# mat_params[1]:
 7.33891580016 10.1627116103
# mat_params[2]:
 7.39978142751 10.6706865892
# mat_params[3]:
 5.54095199960 8.44469247661
# mat_params[4]:
 5.43359293427 7.77757993956
# log_m_devs:
 -0.0718400008818 0.0718400008818
# log_slx_pars[1]:
 1.42781641473 -0.340509852432
# log_slx_pars[2]:
 1.61295501001 -0.436817029129
# log_ft_pars:
 -1.10416629858 -1.18487707642 -1.61333065793 -1.46900176896 -1.15072816827 -1.01462582511 -1.08981371519 -1.48652389611 -1.08080187954 -1.86897505713 -2.02436277190 -0.962729650753 -4.32079799176 -0.771906320154 -3.16645985520 -2.30385715718 -1.98293841787 -1.51380193456 -1.34844886629 -2.26156219922 -2.38479016770 -2.45339276588 -2.69752440210 -2.14971801073 -2.46495621434 -3.12548353712 -2.56977674851 -1.92464034390 -1.92299978602 -1.36179407944 -0.813218210574 -0.766485559991 -1.09547412592 -1.46617671158 -1.38724400056 -0.587181584979 -1.06046194608 -1.42147081629 -4.15654710639 -4.18316589042 -3.37497434152 -2.89920769684 -3.18597573373 -3.38566531642 -3.18441974031 -3.09349721383 -1.98725846333 -2.45402212623 -9.11208464593 -4.38197815839 -2.70519636112 -2.40261874499 -2.76385788708 -2.25118609819 -2.34814885471 -2.44116018852 -2.14719205997 -2.35541099037 -2.99877231405 -2.28448432812 -1.81187640867 -2.74899565256 -3.70769935705 -2.96146676051 -2.14110968604 -2.64837795858 -3.13354505295 -2.02181545821 -2.30767511923 -3.08856343124 -2.82533229049 -3.49029661433 -2.54850604106 -2.72547095208 -3.36204272822 -2.97713023936 -2.81159502285 -2.75621319827 -2.59580808335 -1.95986153766 -2.08371198158 -1.94634205483 -1.81862778699 -1.90325612468 -2.68785041714 -1.32056745869 -1.97154599377 -1.82397625177 -1.68484874317 -3.20848094471
