# Number of parameters = 205 Objective function value = -3657.58087735453  Maximum gradient component = 0.000474975330846369
# theta[1]:
0.215883634582
# theta[2]:
10.7169364315
# theta[3]:
9.95940774718
# theta[4]:
10.3986307761
# theta[5]:
0.825850112631
# theta[6]:
4.00000000000
# log_rinit_devs:
 -0.221219447078 -0.157854605980 0.0415555938088 0.0423050005358 0.295213458713
# log_rbar_devs:
 0.938440826665 0.750145942831 0.509588407965 0.559151306007 0.409755632388 0.832353810192 0.446968345580 0.386226964847 0.425986890627 0.536197920360 0.456699735916 0.399100532395 0.475883485083 0.520132198174 0.699856248754 0.487036888561 0.480749921188 0.305987214201 0.590164587011 0.338706798681 0.335242027916 0.421160895176 0.337011453591 0.0650116681410 0.172898034694 0.214350871563 0.0911615650914 0.530613654697 0.0378167202479 -0.128059594429 -0.231074038706 0.0914587673057 0.258275777768 -0.136126555071 -0.232312767219 -0.285215341177 -0.483076163033 -0.502236084636 -0.548509008258 -0.686576607241 -0.682506349672 -0.792594473187 -0.786294748945 -0.747821155403 -0.582573397492 -1.19498497766 -1.44145989814 -1.88323858811 -1.74394818774 -0.331312734596 1.27789410561 0.00799512238000 -1.37796578093 -0.374902794596 1.19925817746 0.481951881612 -0.561728849305 0.272005481922 2.00319045782 0.206346585460 -1.56759854678 -0.529494601938 2.03545032899 -0.382473670019 -1.15691307270 -0.918094763437 0.497025688754 0.408503207890 1.40799370716 1.42957367659 -0.00691149103374 0.745552257747 1.03923890326 0.471948099236 1.67657784808 -0.587109935985 -0.0988946225089 -0.130205574562 0.0955566702767 0.304492212207 -0.0627528355983 -0.132365241352 -1.19283398731 -1.63445481907 -0.653217045539 -2.64316953049 0.640003276781 -1.77689109377 -0.0402573730978 -0.344820147770 0.288283665649
# mat_params[1]:
 8.20306375513 10.1853561601
# mat_params[2]:
 8.79396615697 11.0736708658
# mat_params[3]:
 9.99712897909 13.4519940196
# mat_params[4]:
 7.24490077835 9.82773618410
# log_m_devs:
 0.110988507263 0.0440646292210 -0.102825788091 -0.0522273483936
# log_slx_pars[1]:
 1.83069693272 -0.225748367870
# log_ft_pars:
 -1.45939931983 -1.55700906324 -1.97661917072 -1.83288902785 -1.52478563854 -1.47111444145 -1.58302904912 -2.00932482816 -1.65306267208 -2.45075844897 -2.55949276938 -2.97978476961 -4.90826897042 -1.12430133818 -3.77926582139 -2.81738634709 -2.44305895151 -2.02682617093 -1.95565927494 -2.89845298113 -3.00981286862 -3.06974023054 -3.27933599838 -2.70000189329 -3.00483812755 -3.62223878862 -3.00919116940 -2.37626405064 -2.35608333512 -1.83920452932 -1.44072852726 -1.60259355951 -2.11279950859 -2.57847231151 -2.61944366604 -2.05862919100 -2.77226173592 -3.23310062363 -5.94765383304 -5.89385096736 -5.03196241501 -4.51699390465 -4.76994110789 -4.95459734339 -4.75712536097 -4.64905403795 -3.59589351903 -4.07822545406 -10.6319275720 -5.84274717956 -4.17035326140 -3.82336881687 -4.35265511616 -4.08784310040 -4.11006080229 -4.03186992729 -3.79022223267 -4.14381155696 -4.68237823553 -3.83962129053 -3.53391918228 -4.69429690404 -5.43926271472 -4.40874039680 -3.68785806267 -4.46305730413 -4.87472031893 -3.50843297045 -3.64954673133 -4.37840489447 -4.13866214756 -4.92307513721 -3.97742195042 -4.06717292129 -4.56673543470 -4.07739896036 -3.92689763186 -3.88691447694 -3.49558333067 -3.09365031780 -2.98684449347 -2.70794665168 -2.50602202229 -2.54340997406 -3.30291085727 -1.84815922997 -2.67280839245 -2.43187738313 -2.27791955604 -3.85276559986
