# Number of parameters = 204 Objective function value = -3701.49696831953  Maximum gradient component = 0.000121399749084240
# theta[1]:
-0.255502013094
# theta[2]:
8.24915678516
# theta[3]:
7.10857212258
# theta[4]:
7.53472204271
# theta[5]:
0.704271655452
# theta[6]:
4.00000000000
# log_rinit_devs:
 -0.0529585034991 -0.0145492416352 0.0881010920901 0.0367693140718 -0.0573626610276
# log_rbar_devs:
 1.37225632947 1.17724613033 0.960981340830 0.962514725130 0.785923830632 1.04508219778 0.642999284434 0.529075828211 0.456845487581 0.498760670253 0.421013190346 0.385186486990 0.457060003470 0.510209274371 0.696943923260 0.609269849543 0.692305744691 0.497778430374 0.666515555095 0.441148146762 0.442354835358 0.516285561388 0.449443697991 0.239681506894 0.333143008812 0.387230921284 0.305908557675 0.675376270940 0.251186571836 0.0368392257871 -0.208343366328 -0.135681736400 -0.124702670896 -0.539168008922 -0.741278933267 -0.948408816150 -1.24032860243 -1.29997084711 -1.33332965661 -1.40686682485 -1.38533337631 -1.45806326837 -1.45025527848 -1.46652047037 -1.35843056078 -1.86536099955 -2.02167313985 -2.25078612196 -1.74937887797 -0.329861880458 1.16048219206 -0.111184404375 -1.55898274432 -0.537246340702 1.07437983934 0.336820296919 -0.718260623898 0.143794821703 1.86602742675 0.0238855115884 -1.74263382445 -0.637522904104 2.02150616060 -0.476807550871 -1.21050678248 -0.925660189443 0.551321584461 0.417469520807 1.46495225364 1.49795232587 0.0398684269108 0.826502962820 1.18101430543 0.663492359718 2.05672499860 -0.179350103935 0.460240014778 0.396085471380 0.515970911412 0.512346745959 0.0860112542278 0.0300228188802 -0.833513196771 -1.24992700094 -0.264437113842 -2.21410032210 0.977828681173 -1.24617820084 0.638700146684 0.522168994615 0.307918126318
# mat_params[1]:
 7.57790317287 10.6393882488
# mat_params[2]:
 6.32310406627 9.24668204812
# mat_params[3]:
 5.22637621251 7.76359811138
# log_m_devs:
 0.0640225599518 0.141901854564 -0.205924414516
# log_slx_pars[1]:
 1.35520483068 -0.374329525520
# log_slx_pars[2]:
 1.70099090830 -0.246465030950
# log_ft_pars:
 -1.70337119225 -1.76989966136 -2.15672746760 -1.97229457106 -1.63602207790 -1.50080871380 -1.55682652578 -1.90883058066 -1.46480360417 -2.20218904478 -2.29541052558 -3.01395555328 -4.65519433702 -1.91432540398 -3.54416941185 -2.62200093727 -2.27759184176 -1.80979145422 -1.66740625588 -2.58597983543 -2.69105950009 -2.75047627269 -2.98168372949 -2.41137875462 -2.71271998944 -3.36461794769 -2.79319928377 -2.15504060616 -2.13766374301 -1.55055434574 -1.00716233229 -1.01576796504 -1.40447040090 -1.78842619827 -1.71249639615 -0.973706230032 -1.54626098851 -1.96163014707 -4.70427235669 -4.71210426098 -3.89347578805 -3.41343515223 -3.70675894974 -3.89631725163 -3.67431089086 -3.56849602479 -2.47620598639 -2.96944602846 -8.90254144418 -4.00867139983 -2.16663245154 -1.90499367917 -2.48226524048 -2.14147100410 -2.05005157003 -2.02737076460 -1.83398628254 -2.15785505706 -2.63175553606 -1.84950595507 -1.57177082457 -2.70371209864 -3.43172852626 -2.53595785282 -1.89718464293 -2.62243315240 -2.99666359932 -1.67398097344 -1.82646189453 -2.58191315762 -2.40042008268 -3.19627094760 -2.24087278513 -2.35970272370 -2.93611463495 -2.55318134324 -2.49084841883 -2.46985824230 -2.10832928999 -1.72177381730 -1.81377139213 -1.66067645488 -1.54991082182 -1.66410507065 -2.51158957444 -1.13807354811 -1.67872927771 -1.53177633076 -1.47185523550 -3.21611369647
