# Number of parameters = 203 Objective function value = -3648.53789020968  Maximum gradient component = 0.00140423536649642
# theta[1]:
0.198917036496
# theta[2]:
10.7001791061
# theta[3]:
9.78469535717
# theta[4]:
10.2111073171
# theta[5]:
0.815247102745
# theta[6]:
4.00000000000
# log_rinit_devs:
 -0.230412565890 -0.149057650545 0.0558647457473 0.0638684304647 0.259737040224
# log_rbar_devs:
 1.04402887647 0.846587070936 0.597763720567 0.624598692114 0.461589762890 0.844654431009 0.450011062740 0.370536964497 0.382122273456 0.472165576842 0.379852910032 0.294594426823 0.337301157354 0.379102398700 0.587004057677 0.454700337719 0.561280295268 0.376249875832 0.642446676865 0.402624826113 0.396759711866 0.477100833427 0.394473560521 0.130764904139 0.233372500376 0.274094455264 0.154254750318 0.572605039147 0.0875487993022 -0.0850037300537 -0.196347980010 0.106508454212 0.260375689187 -0.127536254858 -0.227630560601 -0.284171065001 -0.476731080477 -0.495243908115 -0.539580071557 -0.672480648508 -0.668661657007 -0.774809382147 -0.767722719059 -0.720325067763 -0.554400456353 -1.15826245102 -1.41983405305 -1.88661193858 -1.79313813863 -0.372166011721 1.23902919339 -0.0308285530490 -1.41949364143 -0.412856370818 1.16229613192 0.446926761613 -0.592582738729 0.240617518473 1.96499578083 0.172941396475 -1.60215104728 -0.560260232612 1.99789149948 -0.416062061677 -1.18701876770 -0.948909296715 0.466931313734 0.377628601754 1.37849847251 1.39936185484 -0.0338351165290 0.715769785528 1.01333339660 0.450273263124 1.66907172262 -0.597640908049 -0.103163422560 -0.134606512840 0.0978712130180 0.317199607068 -0.0534043666979 -0.119453731913 -1.17721618803 -1.62264034055 -0.638272814550 -2.63826659128 0.649846978098 -1.77121176465 -0.0262045900041 -0.325273138778 0.274450788192
# mat_params[1]:
 8.49821925041 10.6956619796
# mat_params[2]:
 9.82285781590 13.3096154282
# mat_params[3]:
 7.07812370534 9.63206950602
# log_m_devs:
 0.0747745282784 0.0735517288590 -0.100171702190 -0.0481545549473
# log_slx_pars[1]:
 1.82061676756 -0.222078289412
# log_ft_pars:
 -1.63015514719 -1.70307797696 -2.11182080841 -1.95502835972 -1.63477696114 -1.54257181452 -1.63513707046 -2.04748869198 -1.67225655162 -2.44291479526 -2.53054778095 -3.41992438105 -4.84070823382 -1.28391608175 -3.67231365968 -2.72664783208 -2.39842918926 -1.96203517144 -1.88335675314 -2.82161111611 -2.92944868637 -2.98684632118 -3.19552470855 -2.61407414734 -2.91804944358 -3.53729371298 -2.92643955091 -2.29458328265 -2.26888300302 -1.74282271220 -1.33200021681 -1.48681639227 -1.99420517132 -2.45296241013 -2.48393167144 -1.91334875743 -2.62204799857 -3.08496625970 -5.80377460128 -5.75385195803 -4.89554585494 -4.38321283435 -4.64240545443 -4.83124412960 -4.63531381354 -4.52870392562 -3.47394475829 -3.94462452679 -10.4843133008 -5.71077062822 -4.04762499664 -3.70609040645 -4.23662497071 -3.96594787509 -3.98518163918 -3.91235719884 -3.67501277408 -4.02640948254 -4.56170884341 -3.72307416455 -3.41879354552 -4.57441932029 -5.31563576393 -4.29176549950 -3.57453243308 -4.34362886010 -4.75122687274 -3.39078617902 -3.53857376443 -4.26880356348 -4.03033711016 -4.81284884586 -3.86511205617 -3.95648782021 -4.46423945955 -3.98000221157 -3.83339478426 -3.79272893979 -3.40193306244 -3.00731642301 -2.90808707077 -2.63238464135 -2.43152986333 -2.46739013544 -3.22681049168 -1.77281981038 -2.59874622267 -2.36053345948 -2.20655045892 -3.78018252726
