# Number of parameters = 203 Objective function value = -3652.01905001324  Maximum gradient component = 0.0122191812419636
# theta[1]:
-0.644633950480
# theta[2]:
7.61499083073
# theta[3]:
6.29917734737
# theta[4]:
6.67917393009
# theta[5]:
1.08015528018
# theta[6]:
4.00000000000
# log_rinit_devs:
 0.0410356504783 0.0334077477970 0.0979426604298 0.0157349331228 -0.188120991828
# log_rbar_devs:
 1.66935923639 1.45725076676 1.23486344920 1.23642451946 1.04977193172 1.29996636000 0.841941174712 0.693763142775 0.563143594224 0.555848085877 0.451581087995 0.427745862360 0.557306411729 0.671829283346 0.913120354508 0.844282995785 0.948185870007 0.741995627504 0.892276416932 0.641962152963 0.652125542436 0.741934228579 0.689817135919 0.486024432764 0.594559880475 0.674329068079 0.618834441867 1.03590283255 0.621163644108 0.431395840934 0.171916112220 0.204732640501 0.179329309518 -0.262881379597 -0.478400319632 -0.761163308929 -1.16546633481 -1.29085039095 -1.34153922557 -1.39564464279 -1.35672911644 -1.42014887223 -1.40356494306 -1.41058924045 -1.27475624462 -1.79613572613 -2.00951946751 -2.32510881588 -1.89892632021 -0.442882421304 1.01223899242 -0.240530904983 -1.67527570309 -0.658361938377 0.926985210620 0.193766465829 -0.859301099999 0.0146805573443 1.70120791810 -0.142417663019 -1.90449506209 -0.788265692160 1.85117914553 -0.605480007288 -1.32884887212 -1.02445262329 0.454501108515 0.304577278622 1.33330766406 1.36010807392 -0.0740028643806 0.708872076022 1.07723571624 0.573615819486 1.97696982378 -0.193376551894 0.467284422690 0.380404085283 0.320949615858 0.157237511269 -0.234672601715 -0.279185002054 -1.20845989406 -1.62149540013 -0.675078540922 -2.61573665264 0.480496650016 -1.88411064773 -0.0999876145659 0.0551898430633 0.00235069377948
# mat_params[1]:
 7.11137061552 10.3039200530
# mat_params[2]:
 5.32204829488 8.12718009106
# mat_params[3]:
 3.00078039794 3.00283324113
# log_m_devs:
 0.305569020381 -0.305569020381
# log_slx_pars[1]:
 1.23060442659 -0.571236106284
# log_slx_pars[2]:
 1.60160082609 -0.177735546329
# log_ft_pars:
 -1.51086554334 -1.57220620237 -1.94836625728 -1.76367592652 -1.41946768497 -1.26879371258 -1.29171259666 -1.59899593928 -1.10685768934 -1.79290637576 -1.86145972409 -3.71186169413 -4.27402435981 -2.88733007156 -3.29289138333 -2.38963819933 -2.05287724421 -1.58121062571 -1.41700883172 -2.32357834849 -2.43207226735 -2.50561738510 -2.75470781635 -2.19403512034 -2.50312428569 -3.18049041445 -2.63529589157 -2.02796320681 -2.03075926259 -1.44510224131 -0.890222707670 -0.864952796607 -1.22109393638 -1.58202039503 -1.48260975376 -0.684332320100 -1.15422081736 -1.50379814835 -4.23664285711 -4.26915854220 -3.46915170637 -3.00127337327 -3.30462263649 -3.50668185053 -3.30091855100 -3.20396871971 -2.08106931036 -2.54011531326 -8.64913076132 -3.82322891829 -1.98900234264 -1.70898663070 -2.22789798927 -1.84401978208 -1.79826233920 -1.81389798523 -1.57830107989 -1.86690565515 -2.38745774777 -1.62153854314 -1.26876916630 -2.35164254732 -3.16487008619 -2.32839127800 -1.63349213210 -2.30401215728 -2.74817799893 -1.49943418055 -1.64572112079 -2.39043392592 -2.19160864154 -2.96529285588 -2.02949502008 -2.17775985013 -2.77741180589 -2.41227909883 -2.34049291712 -2.31664098737 -1.99039181157 -1.58933644059 -1.66140478346 -1.47695322874 -1.33941162017 -1.43612461292 -2.30469027749 -0.953616839755 -1.40670998646 -1.17501704172 -0.972096266839 -2.64997809726
