# Number of parameters = 202 Objective function value = -3512.70094874948  Maximum gradient component = 0.000130536303045152
# theta[1]:
-0.135083691358
# theta[2]:
8.32879463517
# theta[3]:
7.63767084718
# theta[4]:
8.02573024611
# theta[5]:
0.434781954279
# theta[6]:
4.00000000000
# log_rinit_devs:
 -0.0353498514928 -0.0117036935040 0.0946144855813 -0.00401840290531 -0.0435425376792
# log_rbar_devs:
 1.05435136460 0.875628546943 0.667710345198 0.714025075242 0.561662149716 0.941424061849 0.565046147918 0.526240143642 0.554882110701 0.695659899299 0.676245410372 0.707991438025 0.859930146468 0.958191569588 1.16164524919 0.994555554252 1.01027833372 0.804150758157 1.02963391542 0.757977572245 0.738151680040 0.803918905206 0.703276403271 0.438234076765 0.531738864207 0.562004831800 0.421907169145 0.836504516245 0.298587076212 0.0488307741861 -0.184380029034 -0.0307674794894 0.0102862041904 -0.477321736930 -0.710391710918 -0.909998581724 -1.21005740270 -1.30175184408 -1.40116890715 -1.56150334019 -1.61210604135 -1.74390545630 -1.77506281535 -1.82086006048 -1.70652687949 -2.24826634689 -2.38591491820 -2.60839356262 -2.11706085765 -0.643009308686 0.904243215890 -0.429158220060 -1.80334946464 -0.796941072484 0.769859422329 0.0633075457246 -0.971737928697 -0.115869837644 1.52176681221 -0.213405848320 -1.88052245234 -0.890753812227 1.63016482739 -0.725609697255 -1.45853216085 -1.16961804898 0.260552516855 0.159161779228 1.17945377868 1.20294198379 -0.191049917738 0.586542543134 0.943963646146 0.489134298425 1.75803430068 -0.246545691880 0.453711932995 0.586345882693 0.952723584239 1.24307898585 0.813621759297 0.748938520903 -0.186581364852 -0.675541606468 0.229731598041 -1.80414032232 1.33331187365 -0.976636019503 0.754371064581 0.502596191082 0.386212387867
# mat_params[1]:
 7.44404877015 10.0733217090
# mat_params[2]:
 6.88853992929 9.98254061198
# mat_params[3]:
 6.14294972920 8.94342028943
# log_m_devs:
 0.00000000000
# log_slx_pars[1]:
 1.55023097176 -0.265497937102
# log_slx_pars[2]:
 1.71484739566 -0.376727831600
# log_ft_pars:
 -1.26962303634 -1.36683853529 -1.81367213725 -1.67735117525 -1.37271766726 -1.27603411907 -1.39683792120 -1.84071552855 -1.47846336760 -2.29269173448 -2.45798052940 -2.04291656414 -4.92110050478 -2.02840387201 -3.94136814695 -3.04808647654 -2.71563535731 -2.25435279881 -2.11432113961 -3.02055269764 -3.11079498929 -3.13925662153 -3.33520321696 -2.75735519296 -3.03642671530 -3.63761327219 -3.02972243406 -2.35876935445 -2.32745470405 -1.77634149693 -1.27655758674 -1.28255902167 -1.64230142858 -2.02313422025 -1.96437047470 -1.24814361656 -1.81811709554 -2.19007393334 -4.85209448753 -4.77255160805 -3.86916897012 -3.30905761664 -3.51156893768 -3.64726355192 -3.40162277360 -3.27388595107 -2.18408182546 -2.67630911718 -9.37671944741 -4.75030685742 -3.20342652659 -2.89667745236 -3.31423216110 -2.83387819815 -2.87945980782 -2.92809941046 -2.67305801773 -2.91104427390 -3.49124578631 -2.74029965286 -2.34094989307 -3.32189917848 -4.18857546226 -3.36784484326 -2.60646610652 -3.16104901900 -3.59544925653 -2.43894103724 -2.74648127405 -3.51902793755 -3.26137890329 -3.95564083633 -3.00355124786 -3.17458040541 -3.82554874345 -3.42010309409 -3.29406984089 -3.25767074443 -3.08048514452 -2.98861249301 -3.07752261048 -2.83567217978 -2.61770416028 -2.61389014663 -3.34590452867 -1.93079685422 -2.01209261122 -1.81752211586 -1.70784304299 -3.33634296261
