# Number of parameters = 202 Objective function value = -3512.41234485665  Maximum gradient component = 0.000562463479286242
# theta[1]:
0.119928015391
# theta[2]:
10.5301682006
# theta[3]:
9.33168779536
# theta[4]:
9.66242937190
# theta[5]:
0.563955124451
# theta[6]:
4.00000000000
# log_rinit_devs:
 -0.283464646311 -0.169354319219 0.0642916285502 0.103901186503 0.284626150477
# log_rbar_devs:
 1.24627694624 1.02728677955 0.756966369969 0.756505263065 0.581848332483 0.976651077808 0.548316392461 0.462542923253 0.443351265759 0.526296375589 0.434468474533 0.374234107716 0.443351543443 0.502184702870 0.718870658958 0.578318431806 0.692892837821 0.491618338415 0.757718288852 0.490203977839 0.472123644596 0.541536573286 0.435593328216 0.147171425498 0.237379899997 0.257500330684 0.109818345763 0.536346605373 0.0108386358215 -0.189348183107 -0.337203881414 -0.0702257826125 0.0478932618452 -0.393576572999 -0.543206864634 -0.650924347324 -0.896533426018 -0.962872527635 -1.05497648950 -1.22575994794 -1.26367931072 -1.39804054779 -1.42247690942 -1.46083171072 -1.34016630530 -1.89144078790 -2.00059492263 -2.21267779046 -1.73772999256 -0.279260607900 1.34690582014 -0.0333382602891 -1.38615727456 -0.401786723664 1.17103989878 0.451294052719 -0.584930007584 0.242027679118 1.92180531767 0.180224493473 -1.49040854973 -0.550031995774 1.96270187342 -0.397068240061 -1.15205786150 -0.898044981633 0.506805824649 0.425809101249 1.43938512489 1.46500777157 0.0634245288060 0.827864872832 1.14157535647 0.652239951086 1.94826322888 -0.221527475752 0.326055709872 0.295146601285 0.500644899045 0.667186490094 0.251512581892 0.172151206228 -0.890065871575 -1.38696427238 -0.420113014755 -2.46818367114 0.827166047485 -1.49886037354 0.293831869082 0.113619433038 0.311270609239
# mat_params[1]:
 8.43961007594 11.2333369791
# mat_params[2]:
 6.69731977458 9.10319280101
# mat_params[3]:
 6.59602366726 8.90266470425
# log_m_devs:
 0.00000000000
# log_slx_pars[1]:
 1.74439636401 -0.207758883105
# log_slx_pars[2]:
 1.77878138464 -0.500754631247
# log_ft_pars:
 -2.22159326935 -2.26299996961 -2.65555164835 -2.47679108091 -2.14092667426 -2.01666369213 -2.09806821245 -2.50412778222 -2.11438481018 -2.85783757171 -2.92974096976 -6.42679658646 -5.24193129126 -6.17558769471 -4.12346763662 -3.17514842500 -2.84662153086 -2.41496202103 -2.32611270908 -3.25869225594 -3.35974171067 -3.40124627113 -3.59450907124 -3.00786482870 -3.29152314567 -3.88417320417 -3.25496181464 -2.59018970476 -2.55559006001 -2.02493439048 -1.59459454070 -1.69894787102 -2.14681100217 -2.57901852428 -2.58370946180 -1.97170410424 -2.63601526215 -3.05110728874 -5.72021622409 -5.62755771948 -4.72298635275 -4.16832394060 -4.37803511491 -4.51981923941 -4.27986179448 -4.14876309577 -3.09016398686 -3.61242801225 -10.3105118022 -5.69609674567 -4.22578975813 -3.82811787439 -4.25606811343 -3.85319729252 -3.90822321914 -3.86431729134 -3.59817675992 -3.88663292002 -4.48933741697 -3.65256279220 -3.27667994500 -4.32373922537 -5.16645381442 -4.20335909069 -3.44758771748 -4.08671959888 -4.49419003585 -3.25108969532 -3.56974095987 -4.32469925274 -4.03616163403 -4.75898772566 -3.80837112940 -3.92345308888 -4.58272279529 -4.10707716226 -3.95632697136 -3.87975336056 -3.52247936009 -3.22076949526 -3.16169814733 -2.85864859100 -2.59947700089 -2.56686024521 -3.28026582610 -1.80217022457 -2.01061781278 -1.86975279419 -1.83607844447 -3.53153742927
