# Number of parameters = 205 Objective function value = -3668.58595339712  Maximum gradient component = 0.000152469326193258
# theta[1]:
0.0860755875674
# theta[2]:
9.94328935110
# theta[3]:
9.05578990600
# theta[4]:
9.41821999016
# theta[5]:
1.17363122311
# theta[6]:
4.00000000000
# log_rinit_devs:
 -0.186153195027 -0.124707909719 0.0620876147100 0.0376598697764 0.211113620259
# log_rbar_devs:
 1.09616593236 0.908868108010 0.669992921514 0.702690982812 0.542684462540 0.940797397629 0.552148847130 0.490669846292 0.522978666040 0.639895307376 0.577564410225 0.531883355290 0.615182222140 0.672702456688 0.869383374115 0.687050480069 0.705909938786 0.520997969281 0.788638378574 0.543813710548 0.539425079361 0.620961312067 0.536462725272 0.273163368717 0.379651474650 0.421546194564 0.299063619531 0.722471452747 0.216951114405 0.0224240283577 -0.113192478134 0.172227682913 0.313742283540 -0.0946359784487 -0.212783474779 -0.284432926458 -0.486700610543 -0.506237718886 -0.551945488103 -0.685350627617 -0.684921059798 -0.796244163740 -0.798039890904 -0.790940505936 -0.656619234053 -1.25874538908 -1.49107160465 -1.89220434341 -1.69850406709 -0.302033645642 1.27502819021 0.0199046255977 -1.37589550054 -0.383138064543 1.18798636416 0.466865420826 -0.583289815126 0.252911333942 1.98214849525 0.169213949842 -1.60864772441 -0.575111244833 2.00945680741 -0.435809602124 -1.20931291552 -0.970157920064 0.455015837906 0.362681374846 1.36679076958 1.38878315240 -0.0477263822922 0.712326456803 1.01923962614 0.455943732402 1.80159557264 -0.570896260906 -0.0993460793575 -0.251066188564 -0.176922920521 -0.164007612358 -0.527944080657 -0.588068880400 -1.59011597874 -2.03416446899 -1.05805976406 -3.02003183076 0.199451059154 -2.05352073018 -0.222198644220 -0.400949742957 0.0275336867456
# mat_params[1]:
 8.13697877579 10.2764297658
# mat_params[2]:
 8.52456676455 10.9533828058
# mat_params[3]:
 8.90981772280 12.3336091022
# mat_params[4]:
 6.39876164570 9.15946020414
# log_m_devs:
 0.135510840645 0.0947680841541 -0.00716210558142 -0.223116819218
# log_slx_pars[1]:
 1.77230383924 -0.203720104530
# log_ft_pars:
 -1.30086716515 -1.39572914618 -1.81998527735 -1.67159154334 -1.35269048511 -1.27342484468 -1.37785602958 -1.80160959445 -1.43564585163 -2.22997675124 -2.35119118263 -2.48119222000 -4.72348192215 -1.10877323877 -3.61046132290 -2.67451188451 -2.32281226404 -1.88923050948 -1.79840390440 -2.73216983030 -2.84213259264 -2.89825191857 -3.10820537902 -2.53113791283 -2.83357496915 -3.45193694026 -2.84411107506 -2.20521140390 -2.18085362663 -1.65106324699 -1.21823907435 -1.33777671566 -1.82109463265 -2.27403918411 -2.29720862106 -1.70697342127 -2.39854772334 -2.85484393881 -5.57112291778 -5.52228960450 -4.66230919021 -4.14732258011 -4.39896889569 -4.57433092476 -4.35981086719 -4.24275829587 -3.17554196993 -3.65061578443 -10.2200106402 -5.42736951104 -3.76372329297 -3.40235810625 -3.88554822759 -3.55183993904 -3.58493634340 -3.53537724624 -3.29123134459 -3.60754561255 -4.17543555387 -3.34442181561 -3.01229412067 -4.10956037825 -4.88636429878 -3.89964720791 -3.17141680635 -3.87083303086 -4.25292859150 -2.93113901555 -3.14603264161 -3.88487976258 -3.62381607469 -4.37424565713 -3.41698744491 -3.51158872690 -4.10329861843 -3.63136970893 -3.48015617039 -3.39267479086 -2.93471905272 -2.44362562372 -2.41967890494 -2.19112970595 -2.03576146321 -2.11405652056 -2.90965920335 -1.48242861863 -2.13190703125 -1.96700393374 -1.89158379835 -3.58527440625
