# Number of parameters = 204 Objective function value = -3391.87002560767  Maximum gradient component = 7.15150421692888e-005
# theta[1]:
-0.605361829087
# theta[2]:
6.75832086504
# theta[3]:
5.86566659669
# theta[4]:
6.39713869774
# theta[5]:
0.477352376278
# theta[6]:
4.00000000000
# log_rinit_devs:
 0.156153456747 0.0948171082150 0.136597549083 0.0889314210877 -0.476499535133
# log_rbar_devs:
 1.39403350321 1.21164371561 1.00556765692 1.01860746896 0.909522713580 1.06515141339 0.705430824970 0.548983634009 0.468736000642 0.359802181291 0.266185171000 0.197749641737 0.321271334179 0.446980668838 0.538583993577 0.540324171976 0.638927970919 0.528559512787 0.594994770368 0.316996929898 0.313669355982 0.368116857958 0.332811978765 0.221538155720 0.269715312699 0.315055511191 0.305661444670 0.617099552618 0.333576829110 0.249433000359 0.0921889455798 -0.00938345536721 -0.191881523620 -0.608254426950 -0.777934377523 -0.956016549744 -1.58793273874 -1.94274240177 -2.24607637927 -2.24802239597 -2.18153693935 -2.18444064825 -2.16413845992 -2.14487132313 -1.99348097003 -2.26804474136 -2.28814424097 -2.51907690133 -2.01456788736 -0.504298394507 1.09093896992 -0.185797319014 -1.60583549191 -0.578563163821 0.990063320185 0.285535628737 -0.722004532997 0.116870441083 1.73603043278 0.0282689134577 -1.71255067487 -0.698272567199 1.82460098739 -0.513811909608 -1.19109440966 -0.944127106848 0.512857271499 0.413158886118 1.43803615812 1.44376260274 0.0437422015672 0.782830959714 1.19322504411 0.704218852595 1.98453359239 -0.0473084898380 0.639986756152 0.742105969104 1.09836718300 1.45993478944 1.06012060119 1.02695400963 0.171917181823 -0.263740323106 0.679664306326 -1.38013929332 1.57277424787 -0.886474462545 0.868267200875 0.681290654986 0.473587114567
# mat_params[1]:
 5.10060199768 8.19807731228
# mat_params[2]:
 4.59366550440 6.63621381681
# mat_params[3]:
 4.39892550357 6.69985171456
# log_m_devs:
 -0.168324060977 0.131006105113 0.0373179558644
# log_slx_pars[1]:
 0.678810753604 -3.08741072356
# log_slx_pars[2]:
 1.62731853041 -0.216850727996
# log_ft_pars:
 -1.57244637812 -1.59540734611 -1.95990628482 -1.80783149030 -1.49223255066 -1.36064462026 -1.33101993854 -1.65004202669 -1.18924596500 -1.89363333130 -1.96466539091 -3.95894269231 -4.41877057387 -1.92935779624 -3.34951443939 -2.41734393053 -2.07508980425 -1.58710639647 -1.41342089434 -2.28462963058 -2.40189643400 -2.48650677402 -2.73178281640 -2.17705217597 -2.51717599572 -3.20762475573 -2.66045982677 -2.04261095112 -1.97664770159 -1.39197674888 -0.852799979878 -0.815766541301 -1.09310870890 -1.35894761207 -1.24798213905 -0.411413354615 -0.745051086400 -0.955406100905 -3.63250547865 -3.70416378899 -2.94375650634 -2.49863327317 -2.82744759007 -3.06472951719 -2.90578205417 -2.81178651539 -1.81159326800 -2.36872751953 -9.29973607869 -5.04741382807 -3.73055676096 -2.87743722710 -2.83107687666 -2.42041032540 -3.11309702634 -2.91996913238 -2.31826059316 -2.67648367135 -3.81164490190 -2.64223767525 -1.78006451480 -2.76327908373 -4.50043210894 -3.25842503759 -2.10279766321 -2.58652501148 -3.59758553534 -2.49558400506 -3.02744383066 -3.68895942144 -3.07717911765 -3.73855192485 -2.98137896160 -3.05671003506 -4.02394165680 -3.25093591207 -3.01086732504 -3.04767003139 -2.98902187179 -2.97276748487 -2.92708749476 -2.64010493956 -2.31537751265 -2.23393175668 -3.21645815012 -1.68449412804 -1.50132789119 -1.31691319049 -1.14002825678 -2.75031058667
