# Number of parameters = 203 Objective function value = -3514.85708350976  Maximum gradient component = 0.000173307804411982
# theta[1]:
-0.0891190892796
# theta[2]:
8.32120281716
# theta[3]:
7.63975710723
# theta[4]:
8.03039448463
# theta[5]:
0.430333658031
# theta[6]:
4.00000000000
# log_rinit_devs:
 -0.0334953293760 -0.0103715818876 0.0950741497270 -0.00473739193846 -0.0464698465250
# log_rbar_devs:
 1.04688407429 0.868584338880 0.661233617679 0.708434229118 0.556676892086 0.936985578505 0.561642654706 0.523964621514 0.553757525099 0.695170023123 0.675613977945 0.706566815620 0.857530863455 0.955244596136 1.15856858904 0.991850741076 1.00736970009 0.801589701950 1.02706999499 0.755567957436 0.735667714682 0.801251309252 0.700476350125 0.435414783268 0.528602353553 0.558539492901 0.418167164072 0.831942290302 0.294141899080 0.0442129411686 -0.189076908359 -0.0358232427173 0.00506734365319 -0.482265952874 -0.715279257409 -0.914785794231 -1.21459015330 -1.30608394561 -1.40525069656 -1.56528363881 -1.61568195138 -1.74723740350 -1.77825799094 -1.82398147746 -1.70969773383 -2.25075489355 -2.38798500264 -2.61013778672 -2.11913618572 -0.645285762315 0.901275299265 -0.431094629131 -1.80491586307 -0.798618542326 0.767582549000 0.0615404214403 -0.973001202224 -0.117293394717 1.51947595092 -0.214618812787 -1.88137266493 -0.891872480555 1.62754027966 -0.726744200372 -1.45957602315 -1.17072717633 0.258937461330 0.157805706454 1.17775571114 1.20115437635 -0.192122190270 0.585075878156 0.942373521788 0.487799369931 1.75576883916 -0.247550834881 0.452499106615 0.585311835877 0.951678391044 1.24205398770 0.815271416066 0.753762435771 -0.180767635342 -0.666754533314 0.258022948184 -1.75901152607 1.43775535740 -0.944923877644 0.766445906373 0.477730336891 0.389154143727
# mat_params[1]:
 7.44668661594 10.0764033717
# mat_params[2]:
 6.89562047005 9.99566783289
# mat_params[3]:
 6.03634168412 8.66060386739
# log_m_devs:
 -0.0470449734662 0.0470449734662
# log_slx_pars[1]:
 1.55010137984 -0.265297579533
# log_slx_pars[2]:
 1.71450909349 -0.404453194582
# log_ft_pars:
 -1.26504293557 -1.36258038409 -1.80983455649 -1.67412991718 -1.37013052712 -1.27416733409 -1.39574644500 -1.84055315908 -1.47939388606 -2.29482705134 -2.46095936234 -2.00790442188 -4.92273247185 -1.98409358700 -3.94122444364 -3.04866534551 -2.71668274243 -2.25571187523 -2.11585709211 -3.02235089019 -3.11271280780 -3.14120886905 -3.33712288391 -2.75919391756 -3.03820614863 -3.63923294980 -3.03103416388 -2.35943387491 -2.32774172968 -1.77623451808 -1.27608990634 -1.28185695834 -1.64141172142 -2.02220471681 -1.96347433942 -1.24711371215 -1.81737927625 -2.18962745206 -4.85204663099 -4.77279220324 -3.86966611208 -3.30979860885 -3.51252045282 -3.64841377134 -3.40296331677 -3.27536372877 -2.18575403096 -2.67845363218 -9.37907864336 -4.75213955119 -3.20419416269 -2.89778616370 -3.31580883520 -2.83610162321 -2.88151407928 -2.93020868712 -2.67544314685 -2.91381258460 -3.49336479928 -2.74246132563 -2.34349199020 -3.32504860870 -4.19073105066 -3.36974404848 -2.60859771449 -3.16385157372 -3.59850219134 -2.44188170862 -2.74892822430 -3.52134496954 -3.26394383222 -3.95850403217 -3.00645780627 -3.17759132977 -3.82795032229 -3.42253520384 -3.29670534800 -3.26069840326 -3.08371783072 -2.99185293745 -3.08114430728 -2.84041657725 -2.62405980542 -2.62216923978 -3.35875027008 -1.95054484021 -2.02877032115 -1.77468758748 -1.61659071133 -3.18867174659
