# Number of parameters = 208 Objective function value = -3724.36984709023  Maximum gradient component = 0.000842639661367941
# theta[1]:
-0.274158541232
# theta[2]:
8.27514707396
# theta[3]:
7.22897309240
# theta[4]:
7.61735069867
# theta[5]:
0.796166078390
# theta[6]:
4.00000000000
# log_rinit_devs:
 -0.0631464707008 -0.0399784306153 0.0697355134434 0.0267670156497 0.00662237222304
# log_rbar_devs:
 1.30634553656 1.10834672212 0.883654719012 0.904558738645 0.745820307941 1.04835726822 0.651444168929 0.555053975966 0.512135531489 0.563789961282 0.496624983940 0.474443738691 0.592361672086 0.698776396645 0.928060713650 0.826708640739 0.905648305869 0.699408906474 0.892478550416 0.662602886715 0.662301271988 0.738611463854 0.662998683256 0.435957482756 0.535455361493 0.586738832970 0.488505721901 0.875729874469 0.416657972542 0.183633331390 -0.0628317215591 0.0469559969713 0.0828004725624 -0.348492229379 -0.562104083540 -0.761223659800 -1.03695856967 -1.08982144447 -1.13080947714 -1.23006194266 -1.22791257993 -1.32374643825 -1.33185540540 -1.36263487152 -1.26769886533 -1.82937392853 -2.03082451112 -2.31336115030 -1.89171254480 -0.469792583384 1.00847375564 -0.248712160288 -1.68517849487 -0.667008665559 0.935609688732 0.205063204659 -0.847458820222 0.0139439365730 1.72854479913 -0.103798403405 -1.86137770188 -0.769690342355 1.87188693775 -0.608362089880 -1.34588897779 -1.06270084910 0.404847865872 0.274003235007 1.31179779816 1.34179822542 -0.108350544461 0.673613061579 1.02215845386 0.501577177216 1.88393421921 -0.358492406473 0.264627400736 0.192937420478 0.309107723586 0.302980996500 -0.101451048887 -0.138111548924 -0.956715588339 -1.32826405845 -0.293569809710 -2.17839810937 1.09913917274 -1.34563369692 0.417302388014 0.125112639120 0.218951032164
# mat_params[1]:
 7.52475744854 10.3345607340
# mat_params[2]:
 7.69329375235 10.7044699850
# mat_params[3]:
 6.35181904252 9.33791924599
# mat_params[4]:
 5.23980811216 7.74757044985
# log_m_devs:
 0.147378830211 -0.233362215490 0.0859833852782
# log_slx_pars[1]:
 1.26383749801 -0.0351881283746
# log_slx_pars[2]:
 1.43815846890 -0.458007968183
# log_slx_pars[3]:
 1.70405605931 -0.234192923641
# log_ft_pars:
 -1.83456791639 -1.90062217719 -2.26355137992 -2.08775126417 -1.75828355214 -1.69933309826 -1.74514103368 -2.09995932944 -1.68497452691 -2.46461392563 -2.56833699639 -5.15791830599 -4.97424944980 -5.13723338404 -4.00962043376 -3.07213966300 -2.33333303425 -1.87785108282 -1.73792730458 -2.65947790246 -2.76701975501 -2.81553972990 -3.04169835014 -2.47900385107 -2.77079555820 -3.40427660819 -2.82917991679 -2.17473604635 -2.17280178575 -1.61050265649 -1.07921343421 -1.07924880797 -1.46046805686 -1.86506093718 -1.80403777891 -1.07309793557 -1.65088446626 -2.05836637811 -4.77875302052 -4.76500161652 -3.92299923512 -3.42176945089 -3.68764983204 -3.85799496635 -3.62119286910 -3.51525500043 -2.40293960874 -2.85939752588 -8.88483946912 -4.00576945958 -2.15691107812 -1.89293832027 -2.47072680016 -2.13929578628 -2.05590264470 -2.03320744535 -1.83804475583 -2.16731253193 -2.64175237687 -1.85548065821 -1.57680659371 -2.71631609677 -3.44158414899 -2.53539993866 -1.88971230708 -2.62218378837 -3.00581279601 -1.68102959747 -1.82068324180 -2.57004152718 -2.38636414584 -3.18470446046 -2.23181728675 -2.35028275465 -2.91737275783 -2.52897829803 -2.46160910713 -2.44006460165 -2.07358504069 -1.67334716325 -1.77034443622 -1.62860189210 -1.53673560295 -1.67569523937 -2.55803822422 -1.22654899784 -1.85426442655 -1.54243041989 -1.30262297505 -2.85873428480
