# Number of parameters = 203 Objective function value = -3669.80877752418  Maximum gradient component = 0.000147446476598091
# theta[1]:
-0.414110455295
# theta[2]:
7.02529759765
# theta[3]:
6.56790162553
# theta[4]:
7.13282288390
# theta[5]:
0.509240226153
# theta[6]:
4.00000000000
# log_rinit_devs:
 0.240773012499 0.153884355735 0.122085584376 -0.0472280385237 -0.469514914087
# log_rbar_devs:
 1.03377779083 0.852283239873 0.681860978441 0.750244650139 0.621699599206 0.895885167564 0.543234869552 0.499014041249 0.495645000064 0.616579575348 0.590254677538 0.495982321712 0.506144502283 0.502235014721 0.651676900416 0.689397509499 0.884589590071 0.698208224815 0.840104089244 0.608089576570 0.605026384412 0.673624489216 0.610841135846 0.408937141762 0.492881820741 0.547448515786 0.476867959745 0.839315880240 0.441163984622 0.249665760731 -0.00422577788018 0.00976290254653 -0.0287365325707 -0.453372925657 -0.667174216747 -0.943213728307 -1.33093464203 -1.46268426913 -1.52666667800 -1.59342602480 -1.57407819007 -1.64849818945 -1.64911742819 -1.67200608770 -1.56350415452 -2.07054393736 -2.27546495174 -2.57043906295 -2.09652594509 -0.642291698592 0.789538098215 -0.475116799372 -1.92176028516 -0.893603883669 0.703415829954 -0.0274040675510 -1.06892751691 -0.200558786574 1.48087485467 -0.349219336500 -2.09852931131 -0.953190689820 1.70490948735 -0.751801639842 -1.45563790171 -1.13958428528 0.347864529810 0.211637784126 1.26728158568 1.30355875269 -0.126769925875 0.665034246714 1.05206557257 0.584217774355 1.89096106059 -0.154502844767 0.579418813292 0.721504896644 1.09130973471 1.37949925674 0.939882279306 0.885196105138 -0.0360167401841 -0.509336582432 0.438988266898 -1.65357427540 1.53341799582 -0.907126716806 0.890689036626 0.662826918869 0.559029854354
# mat_params[1]:
 7.03710800509 10.2650576291
# mat_params[2]:
 5.44456119256 8.15696067482
# mat_params[3]:
 5.16630462974 7.72825591863
# log_m_devs:
 -0.0932485023644 0.0932485023644
# log_slx_pars[1]:
 1.22020199222 -0.603142602056
# log_slx_pars[2]:
 1.67538388505 -0.206701403975
# log_ft_pars:
 -1.21963262450 -1.29710963563 -1.71368538404 -1.58561346384 -1.29942035966 -1.19901661773 -1.29326279176 -1.70194960891 -1.33333777917 -2.16694805815 -2.35996715434 -0.827177713092 -4.59493495449 -0.625604361967 -3.36097237081 -2.54891282943 -2.31238584895 -1.83582883320 -1.67735834913 -2.59018309349 -2.68919425227 -2.74933085564 -2.98215930380 -2.41008446408 -2.70909258791 -3.36724277408 -2.79976069105 -2.16106385922 -2.14317595715 -1.54538293246 -0.993031444194 -0.976127706657 -1.32801577481 -1.68078631979 -1.57622312362 -0.786097344738 -1.27551480233 -1.62941538829 -4.35101782813 -4.36460080129 -3.54679516855 -3.06303202666 -3.35073043944 -3.53651710995 -3.31150244393 -3.19849606761 -2.06641067403 -2.52381910180 -8.43357300087 -3.55430226672 -1.60864608101 -1.37208947474 -1.99061732261 -1.67796967860 -1.55115112751 -1.52699572758 -1.32596895566 -1.66997186259 -2.11655811188 -1.33286113721 -1.04550700213 -2.22328235508 -2.97030364012 -2.10717367843 -1.48824119551 -2.26172638753 -2.70481093634 -1.40266065728 -1.48930094736 -2.23915881270 -2.09670088616 -2.93859662132 -2.01491077218 -2.16879674137 -2.71057628931 -2.35324069231 -2.32740545059 -2.38585819402 -2.17425998645 -1.99424263690 -2.05527788113 -1.86197358330 -1.70730217547 -1.77340549548 -2.55914509854 -1.15808748649 -1.72548400270 -1.53431135090 -1.37179675337 -2.97797735827
