# Number of parameters = 199 Objective function value = -3530.41217781432  Maximum gradient component = 0.000320587443488498
# theta[1]:
-0.0156535848646
# theta[2]:
10.1649366265
# theta[3]:
8.88619713090
# theta[4]:
9.15856034898
# theta[5]:
0.838465412347
# theta[6]:
4.00000000000
# log_rinit_devs:
 -0.302955631019 -0.184060171437 0.0619370087069 0.105978910749 0.319099883000
# log_rbar_devs:
 1.33042982981 1.10173247335 0.816710720888 0.803825465921 0.613495315899 1.02732061947 0.563518207040 0.467233806806 0.443345694216 0.532434447007 0.442664473461 0.390062840803 0.475911259109 0.549474126656 0.788863468321 0.645416507723 0.770034491920 0.557656001906 0.844970613515 0.568805531927 0.561370123076 0.647335298233 0.547754185067 0.254791989271 0.364866403307 0.402860353023 0.261131948085 0.732814419247 0.177034783680 -0.0341936582301 -0.195404251255 0.0876204805848 0.213419259551 -0.256607277535 -0.417659934096 -0.534678379629 -0.794074450765 -0.859356692394 -0.951766807785 -1.12638893493 -1.16189134628 -1.29947849609 -1.32072498065 -1.35605645889 -1.21931920408 -1.79491295554 -1.90852128182 -2.11859134779 -1.62722704659 -0.158694663515 1.45346543083 0.0628411474496 -1.28785280496 -0.307193505845 1.26873739301 0.541734739705 -0.508196799212 0.323128485521 2.01463866351 0.249720255223 -1.41564108640 -0.490241880840 2.04776314476 -0.339018438204 -1.09910460969 -0.840878135160 0.569927256429 0.485772463478 1.50366968923 1.52795112974 0.112143361341 0.885638254160 1.19883188114 0.689256121557 2.05298431486 -0.206975074898 0.286615127578 0.129326128621 0.136758692636 0.0298286991680 -0.360878508622 -0.446165787183 -1.42195583342 -1.87561994776 -0.929019038845 -2.86987552304 0.273657440244 -1.94200356294 -0.174857395085 -0.331164167453 0.152895308363
# mat_params[1]:
 8.05236115792 10.7926357582
# mat_params[2]:
 6.30862140209 9.08987540266
# log_m_devs:
 0.121658056549 -0.121658056549
# log_slx_pars[1]:
 1.71884236324 -0.216980618906
# log_ft_pars:
 -1.97870932918 -2.01662291241 -2.40644793625 -2.22103213285 -1.87194288072 -1.74051157299 -1.81424508413 -2.21043981919 -1.80837771568 -2.53995132686 -2.61391590452 -6.76869811852 -4.94018311125 -6.60940637083 -3.85213977359 -2.91769565601 -2.59859623896 -2.16890621916 -2.08331090614 -3.01533353528 -3.12268206914 -3.17087362942 -3.37310808651 -2.79394412780 -3.08276017543 -3.68514339956 -3.06996289371 -2.42920554051 -2.40718179985 -1.88173441844 -1.44004008479 -1.53075454033 -1.98034851560 -2.41480540391 -2.41501382235 -1.78872435838 -2.43474743488 -2.84246107669 -5.50871170712 -5.41609715809 -4.51124954824 -3.95518158349 -4.16573182295 -4.30780528378 -4.06974836168 -3.94211313257 -2.88126342572 -3.39481553126 -10.0944270765 -5.49880540719 -4.03259433664 -3.64060740347 -4.06095482228 -3.63403352029 -3.68602539818 -3.65301312966 -3.38665889531 -3.65937308989 -4.26545736297 -3.43712222806 -3.05595211787 -4.08076203453 -4.92779572190 -3.98210488019 -3.22395370539 -3.83677534633 -4.23199549902 -2.99882500684 -3.32735002416 -4.08534879400 -3.79525850855 -4.50777612574 -3.55018798285 -3.66459406402 -4.34758736087 -3.88018761968 -3.71996706004 -3.59930624322 -3.15266935806 -2.69727341837 -2.70131653599 -2.45120701518 -2.25452137261 -2.29466698186 -3.05561504900 -1.61709113258 -2.30073581849 -2.14166372301 -2.04746730624 -3.70473946010
