# Number of parameters = 205 Objective function value = -3659.69326751866  Maximum gradient component = 3.99355054015119e-005
# theta[1]:
0.192942199892
# theta[2]:
10.5020545596
# theta[3]:
9.68443890911
# theta[4]:
10.1078688812
# theta[5]:
0.763212567588
# theta[6]:
4.00000000000
# log_rinit_devs:
 -0.218192252911 -0.138882362683 0.0626480062053 0.0595066005440 0.234920008845
# log_rbar_devs:
 0.967700159178 0.771794590736 0.524786705164 0.561766661416 0.401844973153 0.798996131324 0.402701669653 0.329180741649 0.344329020910 0.440055562858 0.346484988177 0.255183430360 0.294216641178 0.335855012413 0.552156010965 0.425305139725 0.540205767482 0.352142994192 0.622760087638 0.377445210005 0.371289348875 0.452762368436 0.366743620616 0.0973540144078 0.200709426519 0.241759058259 0.120337429310 0.550262225198 0.0594012176309 -0.113335374695 -0.226218039521 0.0820833616477 0.240721557144 -0.153098266044 -0.254406315848 -0.312488802136 -0.510309983946 -0.530311677677 -0.576598011594 -0.712025069859 -0.708783260117 -0.816539567494 -0.809345587497 -0.767795844431 -0.599780745559 -1.20391947083 -1.45458883101 -1.90526204111 -1.78353936588 -0.363784519597 1.24363448657 -0.0257346577812 -1.41365446738 -0.409673087489 1.16478993210 0.447258655155 -0.597814736548 0.240142351188 1.96800251306 0.169652890600 -1.60641132113 -0.564268552103 2.00130138735 -0.419720849240 -1.19220353970 -0.950794518472 0.467717605163 0.376903649724 1.37868724137 1.39854199179 -0.0402802055243 0.710881987964 1.00778385995 0.440952239446 1.66176082690 -0.626091989751 -0.123836749268 -0.134267250643 0.135532406896 0.395372978897 0.0232357359721 -0.0260744830281 -1.03262267478 -1.45509298981 -0.457881824250 -2.42678708128 0.878089094312 -1.54130533016 0.188567726303 -0.140446708439 0.259949104698
# mat_params[1]:
 8.53708338293 10.7977460198
# mat_params[2]:
 9.78357031306 13.3131173242
# mat_params[3]:
 7.05980244533 9.54801913898
# log_m_devs:
 0.0504278566183 0.0537089110334 -0.103319880322 -0.000816887329926
# log_slx_pars[1]:
 1.79521305299 -0.207537290063
# log_slx_pars[2]:
 1.88570292344 -0.311467739794
# log_ft_pars:
 -1.67724129048 -1.75646476927 -2.16916805957 -2.01448206064 -1.69735811257 -1.61518494473 -1.71542017963 -2.13324666765 -1.76028552038 -2.53674540971 -2.62981979958 -3.02456320672 -4.93741180241 -1.15819844119 -3.76243397555 -2.82422785981 -2.50269879756 -2.06510830399 -1.98752981517 -2.92608313611 -3.03299917077 -3.08903848041 -3.29683488925 -2.71326600568 -3.01402702429 -3.63152746776 -3.02055357682 -2.39266229968 -2.36810419340 -1.84052405937 -1.42466208739 -1.58186276971 -2.09607796803 -2.55736867375 -2.58583705252 -2.01074262649 -2.71762279915 -3.17874584787 -5.89541309737 -5.84361856559 -4.98365339363 -4.46954895159 -4.72905671517 -4.91575453396 -4.71748856105 -4.61041815826 -3.55476799756 -4.02295822233 -10.5708006360 -5.81235958935 -4.17884253003 -3.82497791018 -4.32732329192 -4.02211863662 -4.05553429399 -3.99712303452 -3.75642824925 -4.08878605938 -4.64676647906 -3.81314738404 -3.49337089496 -4.61590524224 -5.37986777906 -4.37704867116 -3.65359556571 -4.38426716951 -4.78005604658 -3.44564886579 -3.63618925688 -4.37032316606 -4.11624513430 -4.87786282895 -3.92120841355 -4.01113574980 -4.53910590077 -4.04698955454 -3.88682649732 -3.82388872460 -3.43183361330 -2.53805852004 -2.37708866737 -2.12162600621 -1.98429116182 -2.09587305327 -2.90695532869 -1.48203508166 -2.10952728219 -1.81912721591 -1.64034972121 -3.25592146341
