# Number of parameters = 94 Objective function value = 102.544445247089  Maximum gradient component = 5.84776616052055e-005
# theta[1]:
-0.419284564398
# theta[2]:
3.89845377537
# theta[3]:
5.96424112285
# theta[4]:
6.23618408133
# theta[5]:
0.930566824106
# theta[6]:
4.00000000000
# log_rinit_devs:
 2.92865199366 1.94243049885 -0.130294142294 -2.28630156650 -2.45448678371
# log_rbar_devs:
 -0.427118048895 -1.35931954621 -0.505757285603 0.758529047995 0.0691391373890 -1.28071734422 -0.153679999232 1.56587057487 -0.364551420007 -1.64677203476 -1.06859964661 1.68558728513 -0.560650590491 -1.51824430411 -0.986491744999 0.296042618189 0.0328308211166 0.606800155249 0.623819338942 -0.868358640693 0.177898704866 0.288623718751 0.0783779723336 1.18336520684 -0.451568808319 0.0315671458228 0.298122136332 0.637959706432 0.810569161368 0.698100832828 0.754367740198 -0.299061489624 -0.634752156244 0.272769634626 -1.45536114232 1.38201004733 -0.680773166873 0.868502543437 0.903271479973 0.237652359183
# mat_params[1]:
 3.75000000000 4.12500000000
# log_m_devs:
 0.101518669015 -0.215712400246 0.114193731230
# log_slx_pars[1]:
 1.68252180760 -0.142378766613
# log_ft_pars:
 -0.962042672467 -1.50048119792 -1.16640118584 -1.06270605786 -1.02727621325 -0.753857135620 -1.01175937761 -1.52779112473 -0.747257776639 -0.418441232445 -1.46450591112 -2.30106937578 -1.46109365406 -0.794430730797 -1.49065668443 -1.94226737780 -0.627530528804 -0.551864189416 -1.11600054835 -0.800898413132 -1.73381532169 -0.888484637614 -1.10472160460 -1.69712617949 -1.39850167206 -1.42551982279 -1.56271022893 -1.40894509472 -1.22534274221 -1.30272834131 -1.16035468285 -1.09019445234 -1.25986406012 -2.17195324940 -0.818020745918 -1.36479759346 -0.956656939682 -0.632024667783 -2.24196338439
