# Number of parameters = 208 Objective function value = -3686.30741709223  Maximum gradient component = 0.000749096633758804
# theta[1]:
0.142327069583
# theta[2]:
10.1688705339
# theta[3]:
9.46820846359
# theta[4]:
9.87684837276
# theta[5]:
0.733283164944
# theta[6]:
4.00000000000
# log_rinit_devs:
 -0.201057959823 -0.133532694618 0.0538572607155 0.0402713667903 0.240462026935
# log_rbar_devs:
 0.888278508953 0.694240420692 0.452753642485 0.522245754567 0.379237274698 0.820996304641 0.423175591653 0.366370126457 0.388441592772 0.485725652138 0.373333121530 0.256042294014 0.276886615772 0.305487135632 0.517117989219 0.390829667348 0.520079980731 0.323133499117 0.612193086361 0.349139760204 0.347024298481 0.436077518930 0.346810256092 0.0668619504268 0.180466209897 0.224404207430 0.0962793509238 0.553996319139 0.0325607996007 -0.153969245180 -0.277329003232 0.0448862258610 0.211454482824 -0.206627481213 -0.315553113479 -0.377377095240 -0.584943902973 -0.602973080358 -0.649494460224 -0.788632528257 -0.782829405387 -0.893280633287 -0.884131533338 -0.855265902226 -0.681200565171 -1.29308854818 -1.51817129182 -1.92989353921 -1.74162469701 -0.326554726172 1.26972408213 -0.00379220788645 -1.39354261967 -0.387860653138 1.18754586185 0.466829291102 -0.585290423960 0.257669833716 1.99064248498 0.186048800078 -1.58421992745 -0.542932485870 2.03316657848 -0.392542953093 -1.16721243192 -0.917989896959 0.502333051302 0.409193621475 1.41142231454 1.43129366790 -0.00946266633345 0.748907875506 1.04605362155 0.486395623576 1.72332874489 -0.562170416102 -0.0539529675319 -0.0613118270570 0.209167344354 0.465933173588 0.0882955430360 0.0380429356818 -0.969261111865 -1.40167798908 -0.410339729670 -2.39152819744 0.903019868755 -1.50103631025 0.242849225664 -0.0616787275813 0.276351112065
# mat_params[1]:
 8.18594510398 10.4650760278
# mat_params[2]:
 8.66603144974 11.0830651304
# mat_params[3]:
 9.68405129734 13.2777719710
# mat_params[4]:
 6.93059883408 9.42041595604
# log_m_devs:
 0.0517370710887 -0.0700448074753 0.0183077363866
# log_slx_pars[1]:
 1.76185784216 0.118853893767
# log_slx_pars[2]:
 1.76546786133 -0.272357528464
# log_slx_pars[3]:
 1.87322228533 -0.306919851087
# log_ft_pars:
 -2.08154285830 -2.17895934614 -2.55966382466 -2.40485523727 -2.10306650651 -2.12130753124 -2.21732464866 -2.61852250295 -2.25380148405 -3.06832988767 -3.16061379023 -2.10177767387 -5.40954933105 -0.788773674418 -4.24208311161 -3.29633884940 -2.42102353554 -1.99855246332 -1.92170339340 -2.86810410044 -2.98423628987 -3.04048039792 -3.24871455739 -2.67431761500 -2.97518933118 -3.58621404414 -2.97442785501 -2.33340350394 -2.32092628529 -1.80758374822 -1.38778348069 -1.51260208898 -2.00520640105 -2.47952104274 -2.52342520028 -1.94566116708 -2.64455275166 -3.09997408985 -5.81166619771 -5.75895080172 -4.89655738100 -4.38112456505 -4.63111790997 -4.81303030563 -4.61357943223 -4.51936550950 -3.47477505135 -3.96460618518 -10.5282244077 -5.71053882046 -4.01557923203 -3.71855020236 -4.27535892748 -3.97273398761 -3.94172953833 -3.89060245969 -3.68804668968 -4.02223860662 -4.51849140535 -3.71112952263 -3.43865975687 -4.57021763042 -5.26180181842 -4.27954885195 -3.60838510862 -4.35277145895 -4.70477840229 -3.35087703808 -3.52548661960 -4.26784881951 -4.04884878283 -4.82455580936 -3.85256886906 -3.94282613355 -4.45906677766 -3.99565340101 -3.86187489100 -3.80410747597 -3.39549963517 -2.51088041492 -2.36083257936 -2.10651667139 -1.96540336495 -2.07022830232 -2.87533225933 -1.44514136711 -2.06249169755 -1.78880589184 -1.62350663366 -3.25149573821
