# Number of parameters = 203 Objective function value = -3702.74123555942  Maximum gradient component = 0.000146908562883379
# theta[1]:
-0.348001688128
# theta[2]:
7.21280298313
# theta[3]:
6.78389352842
# theta[4]:
7.23303468840
# theta[5]:
0.606712705649
# theta[6]:
4.00000000000
# log_rinit_devs:
 0.206924659405 0.141584351900 0.117248568165 -0.0465575395067 -0.419200039964
# log_rbar_devs:
 0.952425044616 0.782146517780 0.619165310853 0.679084017752 0.551032869868 0.816629549113 0.483114985011 0.442902571817 0.448342401742 0.568756014062 0.538181632542 0.466695616075 0.501102165877 0.544551252620 0.742927849746 0.786946373353 0.991417148984 0.806826780861 0.950335846132 0.726711675528 0.716212125230 0.774535455376 0.703442052032 0.498102913090 0.572539018829 0.613954361573 0.531785206183 0.870981647114 0.470522807676 0.269548198155 0.0234891334773 0.0548750441724 0.0321295586912 -0.377072220383 -0.586148263465 -0.827186154413 -1.15971184229 -1.26248233521 -1.32233179949 -1.40486705849 -1.40189823861 -1.48804437080 -1.50047222138 -1.53217991079 -1.44601277576 -1.96789799704 -2.18902286337 -2.49529369532 -2.03719543787 -0.593449598156 0.860031986870 -0.396643345752 -1.85866182160 -0.826349628445 0.789608588982 0.0487681793091 -1.00261220714 -0.129421531722 1.58553992715 -0.270344004708 -2.04867777993 -0.893044802178 1.78959386712 -0.711316995436 -1.42635868291 -1.12259494787 0.371913330016 0.225896929491 1.28420063444 1.31688641371 -0.146279070681 0.637229506095 1.00382739187 0.484814211025 1.81545074860 -0.370757679556 0.300549492848 0.339354900979 0.583761878465 0.701643978334 0.302609252004 0.283086239193 -0.485622509729 -0.816829755962 0.246954796344 -1.59585577875 1.72181030996 -0.694393255910 1.04871529008 0.705374637986 0.407994944322
# mat_params[1]:
 7.26411635547 10.4137188871
# mat_params[2]:
 5.60861802641 8.33697699964
# log_m_devs:
 -0.0844745615718 0.114860347791 -0.185712834771 0.155327048551
# log_slx_pars[1]:
 1.27377007405 -0.501457436082
# log_slx_pars[2]:
 1.67693882546 -0.231424111552
# log_ft_pars:
 -1.22515299570 -1.30486443077 -1.72627856486 -1.59795665375 -1.31148065231 -1.20919576206 -1.30757612069 -1.72352778243 -1.36000828537 -2.19482676450 -2.38360197391 -0.927085071135 -4.65873262943 -0.847698323879 -3.52122852141 -2.71151160676 -2.48537111509 -2.00764465029 -1.85569187118 -2.76635605818 -2.85774443894 -2.90698662081 -3.12798549982 -2.54986377185 -2.84194663775 -3.48606016692 -2.90709284125 -2.25868479996 -2.23212691401 -1.63692078728 -1.09800739411 -1.10111509719 -1.46743511381 -1.82738433489 -1.72999012587 -0.971622285462 -1.50976175437 -1.89201964714 -4.61134725067 -4.60565562384 -3.77171282221 -3.27526398552 -3.55147632868 -3.72407242614 -3.48302590303 -3.35670764336 -2.22101491368 -2.66628657297 -8.57207190906 -3.68643285026 -1.78612334208 -1.54572789575 -2.14476852093 -1.81055634190 -1.69709981745 -1.68444504249 -1.49277254864 -1.82255606031 -2.28482855702 -1.51349136874 -1.23452164578 -2.38236438034 -3.12301833925 -2.26050295261 -1.63975918246 -2.38105824310 -2.78623076209 -1.47908532327 -1.59423623584 -2.34471598044 -2.18572849265 -3.00001405772 -2.05418327322 -2.18082316382 -2.71542991425 -2.33516661831 -2.27586806175 -2.27345865156 -1.96462193363 -1.65329020011 -1.78338465924 -1.66136628100 -1.58111215846 -1.73504532826 -2.63724398657 -1.34150574601 -2.07492084216 -1.81566829032 -1.60496588952 -3.15583893417
