# Number of parameters = 203 Objective function value = -3634.00941105103  Maximum gradient component = 0.000195549488128260
# theta[1]:
-0.429006024215
# theta[2]:
6.72423801408
# theta[3]:
6.46224770291
# theta[4]:
7.00458389676
# theta[5]:
0.580547255223
# theta[6]:
4.00000000000
# log_rinit_devs:
 0.241851584191 0.118611074165 0.102385384396 -0.0384747826927 -0.424373260059
# log_rbar_devs:
 0.969911137611 0.771230867180 0.546376022450 0.626588614047 0.525541618151 0.804081167641 0.424690381156 0.319017856816 0.307697321900 0.310480524942 0.281991115034 0.285937065810 0.386750586176 0.600447455489 0.791208585388 0.821845348130 0.982141137775 0.759764859763 0.920080275315 0.708177147042 0.722839673535 0.809257020140 0.756391039558 0.569971610448 0.691798025402 0.769415513112 0.695766144400 1.07271387179 0.634484555144 0.380649642091 0.0916172785354 0.131494957320 0.117646121145 -0.350432322058 -0.665949396834 -0.997627054320 -1.36469232969 -1.44933875187 -1.47393771630 -1.53509460502 -1.51232380227 -1.57722890109 -1.56104311447 -1.56970937689 -1.45942242955 -2.00203298452 -2.24347561278 -2.56201252818 -2.13560898782 -0.662191875549 0.772706294709 -0.469741122221 -1.90315177133 -0.885866213501 0.696177941468 -0.0350337787176 -1.08257289255 -0.197070594122 1.47640655143 -0.341381285449 -2.09539647318 -0.982838664732 1.64276628970 -0.786468672698 -1.50204200833 -1.18357233526 0.303581415414 0.158938364530 1.20125615111 1.23278788720 -0.194611985939 0.591570915990 0.971352893523 0.495188592147 1.80416405322 -0.239280744758 0.494748366955 0.643870584966 1.01942075895 1.31760457420 0.887229037756 0.826863555936 -0.101590574603 -0.558726532116 0.416361136307 -1.65902196421 1.58320406466 -0.890538210076 0.901113157281 0.668650555125 0.537059929980
# mat_params[1]:
 6.78402240726 9.92498990852
# mat_params[2]:
 7.16891757478 10.4723364221
# mat_params[3]:
 5.16022518475 7.73983011772
# log_m_devs:
 -0.0806737294476 0.0806737294476
# log_slx_pars[1]:
 -0.365511015283 -7.49706610877
# log_slx_pars[2]:
 1.46403634547 -0.409965286465
# log_ft_pars:
 -1.42711981435 -1.46539182444 -1.82555069314 -1.70503014852 -1.40583495061 -1.38705470074 -1.39180952285 -1.75968967756 -1.36924024563 -2.18187629722 -2.33216770034 -2.19490460221 -4.80153728130 -1.78272555386 -3.89662750301 -3.04430707237 -1.88483313286 -1.41721602215 -1.24315521800 -2.15106120020 -2.28122556112 -2.34898641823 -2.59585314657 -2.06092497710 -2.38305978545 -3.04493445176 -2.49696736958 -1.83716328280 -1.84243901530 -1.30295809944 -0.764386182125 -0.693307132636 -0.979840087165 -1.34016544133 -1.26437405569 -0.435937984695 -0.844901034627 -1.16069366748 -3.88357947187 -3.91944999510 -3.11404731460 -2.63660454230 -2.91491191052 -3.11721210546 -2.92378116796 -2.84182756120 -1.73167791770 -2.19665764138 -8.84986808469 -4.04256963485 -2.25455978530 -2.04759902273 -2.50931874036 -2.00939788086 -1.97240234898 -2.08607751351 -1.85055572702 -2.06192140327 -2.59557833606 -1.93478019058 -1.53938775558 -2.50546317634 -3.33668048658 -2.65288247745 -1.92842401675 -2.47471527174 -2.90020441030 -1.75343849122 -1.98018884514 -2.77410989463 -2.58671006020 -3.29423329288 -2.33129080711 -2.52035846554 -3.11366607528 -2.78475631864 -2.68137635673 -2.64082158001 -2.46535635208 -2.36427443204 -2.46932419883 -2.23611730472 -2.03204383356 -2.03422828380 -2.77395784064 -1.41156261137 -2.16706603672 -2.12705106461 -1.91646591281 -3.44898923254
