# Number of parameters = 205 Objective function value = -3534.10707898265  Maximum gradient component = 0.000438761036845221
# theta[1]:
-0.120858175362
# theta[2]:
8.34395907186
# theta[3]:
7.99518893523
# theta[4]:
8.35832015136
# theta[5]:
0.464953886071
# theta[6]:
4.00000000000
# log_rinit_devs:
 -0.00911701218060 0.00692367602356 0.105759474858 -0.0165144538597 -0.0870516848416
# log_rbar_devs:
 0.751328459426 0.590569708579 0.399862393104 0.467640303348 0.337195698552 0.738666599003 0.402151150218 0.401105150523 0.470639235192 0.635318776349 0.627411453015 0.654226900790 0.793474328670 0.893848384269 1.11914379703 0.996111617892 1.05791762075 0.850053828607 1.07105753170 0.792199065797 0.766742117455 0.827465894992 0.725178653276 0.457662816273 0.548882719909 0.576463503243 0.436753585531 0.851074277086 0.318460973110 0.0816810041629 -0.129637406536 0.0476157130456 0.101389374841 -0.376339683984 -0.591802742008 -0.770456371263 -1.05760274775 -1.15187170827 -1.26150347816 -1.43580857311 -1.49694288183 -1.63943767625 -1.68042486848 -1.73405774170 -1.63129039369 -2.17963130813 -2.31938756653 -2.54489145338 -2.05361301123 -0.584646171312 0.982111123889 -0.354645751095 -1.73565040592 -0.727809263212 0.853588240777 0.138646760105 -0.902650186498 -0.0487202691257 1.61683905475 -0.138084316721 -1.82395995032 -0.828833849071 1.71388966420 -0.672307177892 -1.41311051504 -1.13371200693 0.299936967699 0.198986885233 1.22361426350 1.24762444514 -0.167455549940 0.606578702415 0.948526624016 0.460950996391 1.73444354980 -0.369506384248 0.269873483649 0.324671761588 0.587870872125 0.729459909799 0.364558242746 0.357318298072 -0.378511163825 -0.701646975929 0.314700672837 -1.52470164511 1.70158267534 -0.699094038788 0.933509258204 0.505972649846 0.355197495436
# mat_params[1]:
 7.62351207413 10.1855519435
# mat_params[2]:
 7.16041466462 10.1637416489
# mat_params[3]:
 7.73943533806 11.4313448457
# log_m_devs:
 0.00801900566498 0.0712990192630 -0.136133392721 0.0568153677933
# log_slx_pars[1]:
 1.60668268623 -0.234930106745
# log_slx_pars[2]:
 1.73590308937 -0.320075447106
# log_ft_pars:
 -1.09776005220 -1.20343637135 -1.66784274082 -1.55533101395 -1.27121403176 -1.19557664083 -1.34065603696 -1.81975115692 -1.49797914720 -2.34796939363 -2.53864034723 -1.54395597142 -5.00282829580 -1.29331192742 -4.00181503898 -3.14009882221 -2.84774739142 -2.37526070697 -2.23034831882 -3.12734365028 -3.20713921832 -3.22806707956 -3.41516130319 -2.83144720578 -3.10916172985 -3.70629239364 -3.09420799698 -2.42983525698 -2.39799052571 -1.85658251913 -1.38083613120 -1.41424568339 -1.79367544288 -2.18194960393 -2.13446083628 -1.44635708907 -2.03698324445 -2.41353775197 -5.06477910278 -4.96847337165 -4.05198951204 -3.48126824817 -3.67359063157 -3.79931166594 -3.54322911058 -3.40425190705 -2.31495227324 -2.80543577178 -9.49942029468 -4.88086901287 -3.36037253317 -3.02391055585 -3.44086783963 -2.97391137917 -3.03245476992 -3.05958905734 -2.80369547140 -3.05236133313 -3.65228627886 -2.87733999624 -2.48501921007 -3.47446097135 -4.34784557868 -3.48970288698 -2.73211947829 -3.29723488456 -3.71450543443 -2.53521226020 -2.85639005182 -3.62401624821 -3.35306644674 -4.04872921666 -3.08873620984 -3.23463694900 -3.88090334786 -3.44273641816 -3.29512214335 -3.21607793435 -2.94368591268 -2.73180822070 -2.89071691600 -2.73386563377 -2.61098437043 -2.72593388409 -3.59186523696 -2.31093319939 -2.65809323509 -2.43728578634 -2.26655229494 -3.82180849015
