# Number of parameters = 205 Objective function value = -3585.21773698347  Maximum gradient component = 0.000531649036634757
# theta[1]:
0.180312382228
# theta[2]:
9.80171537488
# theta[3]:
10.0299303886
# theta[4]:
10.3679078430
# theta[5]:
0.641017398922
# theta[6]:
4.00000000000
# log_rinit_devs:
 -0.0732996221554 -0.0669904823062 0.0668903281933 -0.0120114142488 0.0854111905170
# log_rbar_devs:
 0.153410940848 0.0321982492549 -0.130719761971 0.00731223645425 -0.0615439460822 0.432447608796 0.143341813021 0.177115754587 0.292317515941 0.470625030163 0.456892430756 0.475325221264 0.615750005078 0.698410379780 0.887782671754 0.668399353955 0.612181744012 0.440778392921 0.702113789706 0.437973279094 0.410841270782 0.469498339945 0.358733031095 0.0715227678794 0.150409272925 0.160750176919 0.0123170463985 0.426598197659 -0.0646705940554 -0.233880107011 -0.349594693040 -0.0699537349259 0.0624861094786 -0.349570177383 -0.477851851326 -0.569704752172 -0.805567025805 -0.874295444847 -0.967820568510 -1.13796004778 -1.17668562141 -1.30871488031 -1.33350357543 -1.36846631460 -1.24569059234 -1.75676733125 -1.83704778919 -2.02657222649 -1.51356725004 -0.0907853641299 1.54527951687 0.204171611158 -1.18147226391 -0.192374162626 1.39898736367 0.660060922866 -0.395347130382 0.441547119794 2.18671433719 0.382435392528 -1.37661525772 -0.361630179775 2.22264862172 -0.218621331045 -0.990036426973 -0.745141653391 0.676841043559 0.588701304024 1.61239679757 1.64207533159 0.190661869852 0.953234522896 1.24984138187 0.699003447529 1.95368927784 -0.343764658918 0.166271072138 0.145800702224 0.388223769166 0.611311007417 0.219027957038 0.160857216203 -0.847628317286 -1.29374203817 -0.323657610252 -2.30999181229 0.963507355948 -1.40034029615 0.325875376302 0.0326124657589 0.281987373782
# mat_params[1]:
 8.18171674254 10.3103401742
# mat_params[2]:
 9.39310797576 12.3281641657
# mat_params[3]:
 7.20949593380 9.56238245306
# log_m_devs:
 0.00813873442820 -0.0633708693074 0.00498482956094 0.0502473053183
# log_slx_pars[1]:
 1.77144483756 -0.212950985996
# log_slx_pars[2]:
 1.91882978123 -0.342428637415
# log_ft_pars:
 -1.29426473068 -1.44932968134 -1.93933261341 -1.86757692273 -1.63784627821 -1.66213574434 -1.86439331218 -2.38282639737 -2.11163878231 -2.99314374654 -3.18046402033 -2.02068302671 -5.65693667567 -1.01713187741 -4.62659826019 -3.71180781131 -3.35651835596 -2.94928940364 -2.85983402164 -3.79293732335 -3.88961244119 -3.92698417710 -4.11405631973 -3.52486933496 -3.80682497098 -4.39181928438 -3.75267223783 -3.07206083340 -3.03936650913 -2.52340161848 -2.12883168105 -2.26754876317 -2.72762128923 -3.17264136067 -3.19794807527 -2.61685643377 -3.31073432659 -3.73449463366 -6.40283834462 -6.30616952402 -5.39862922672 -4.84364700702 -5.04807142286 -5.19047534881 -4.95585983689 -4.82984358204 -3.78705355041 -4.33764790211 -11.0560139589 -6.38342843721 -4.90316847176 -4.47179262310 -4.87062391074 -4.46856857337 -4.56712218903 -4.51282318390 -4.22974363124 -4.51540853812 -5.17758379465 -4.32344856526 -3.92994139101 -4.96510511852 -5.85551629209 -4.87290730053 -4.09732900823 -4.72505049199 -5.11869377038 -3.85654671798 -4.18772446859 -4.93982061806 -4.62646985856 -5.33412667676 -4.37318316120 -4.45877359831 -5.08361501980 -4.56107483635 -4.36318171835 -4.24839279155 -3.84971692587 -2.59923863209 -2.41388932885 -2.14496520912 -1.99183653196 -2.09122681734 -2.88639170513 -1.44602129658 -2.05683422844 -1.79520056841 -1.64903340924 -3.30439779730
