# Number of parameters = 204 Objective function value = -3524.02436643479  Maximum gradient component = 0.000179319256088890
# theta[1]:
0.0633071761161
# theta[2]:
9.55012672783
# theta[3]:
9.10794334794
# theta[4]:
9.43579187853
# theta[5]:
0.586791095670
# theta[6]:
4.00000000000
# log_rinit_devs:
 -0.122904255197 -0.0711477733572 0.0856783384045 0.0494663420515 0.0589073480980
# log_rbar_devs:
 0.674319473531 0.516465016806 0.317844314284 0.384323896224 0.263531761646 0.646609418517 0.309939575430 0.281178882735 0.311745921513 0.438761355504 0.398786021035 0.375115667359 0.467934502125 0.564316022211 0.819723370268 0.771432147525 0.952984156331 0.743646967299 0.953052767900 0.688362275518 0.652290331195 0.696294802331 0.585196507926 0.312367940179 0.381210037031 0.388174829801 0.242893056511 0.616134798814 0.123568840801 -0.0781210591756 -0.235474812886 -0.0192875699302 0.0665079607536 -0.354668216110 -0.513909261167 -0.634864209433 -0.875962789508 -0.952178881247 -1.05030981076 -1.21797844913 -1.26729991506 -1.40178577117 -1.43747208333 -1.48607197158 -1.39200379713 -1.91734488185 -2.03498004991 -2.25371903401 -1.78704241391 -0.324365075743 1.30105516613 -0.0634337484436 -1.43624350984 -0.438226443595 1.14737944078 0.426583598847 -0.605798830121 0.225571583678 1.90830674586 0.160289653113 -1.53576165126 -0.563797415064 1.95931736052 -0.419175938647 -1.16959484747 -0.916460661302 0.499315754497 0.413948458214 1.43708637761 1.46318944996 0.0547666309849 0.815943842789 1.13799754903 0.646507671685 1.95326664545 -0.222034483315 0.347484764968 0.326698887986 0.551855394766 0.745315584624 0.320284955213 0.245618885249 -0.784101880740 -1.27652183913 -0.307178879178 -2.37297126131 0.920431850519 -1.43798292623 0.359333075625 0.157574558183 0.314287863279
# mat_params[1]:
 8.29156935216 11.1481563012
# mat_params[2]:
 6.57855975656 8.95398107037
# mat_params[3]:
 6.54941753286 8.89522337083
# log_m_devs:
 -0.0748432616304 0.0389702290337 0.0358730325967
# log_slx_pars[1]:
 1.71894030593 -0.208412090782
# log_slx_pars[2]:
 1.76841774564 -0.494857422750
# log_ft_pars:
 -1.69954063168 -1.78437524859 -2.23401047681 -2.11697269583 -1.84120890243 -1.75695521417 -1.88962297410 -2.35381003532 -2.01968392741 -2.82370714540 -2.95320920056 -3.29890042386 -5.35841694227 -1.90989538414 -4.28034484872 -3.39382303364 -3.12972593405 -2.65711619058 -2.52727370230 -3.43181334792 -3.50721888471 -3.52555504409 -3.70164327952 -3.10418002856 -3.37769034414 -3.96213293067 -3.32776926413 -2.64694881209 -2.60181961067 -2.06230069824 -1.62467993708 -1.71825272161 -2.14586220955 -2.56155047869 -2.54984978383 -1.92444528945 -2.58042745671 -2.99130383454 -5.65721849855 -5.56311684322 -4.65518197090 -4.09684045891 -4.30273103152 -4.43776400667 -4.18597752381 -4.04760459327 -2.98085186228 -3.49624256968 -10.1937425131 -5.58685827756 -4.12342378279 -3.73013018566 -4.14702548670 -3.72497388968 -3.79618137261 -3.76886290589 -3.50393348896 -3.78316964395 -4.40032011369 -3.57323568319 -3.18936227769 -4.21680311448 -5.07789993712 -4.13357827934 -3.37338755314 -3.98767840683 -4.39329215912 -3.16670074202 -3.50062449761 -4.25951468398 -3.96799797878 -4.67960683063 -3.72532507373 -3.84365330492 -4.51382281782 -4.04119886854 -3.88764357750 -3.80290878471 -3.45786983955 -3.18337882284 -3.14337520733 -2.84702311022 -2.58991653446 -2.55669284623 -3.27632831819 -1.81269113556 -1.99943282617 -1.86502515435 -1.82950756993 -3.50823593410
