# Number of parameters = 202 Objective function value = -3539.02777960774  Maximum gradient component = 0.000257012902276714
# theta[1]:
0.0199931493961
# theta[2]:
10.1567480196
# theta[3]:
8.90471342071
# theta[4]:
9.19301616589
# theta[5]:
0.690158742528
# theta[6]:
4.00000000000
# log_rinit_devs:
 -0.299700885398 -0.180744865079 0.0634543082949 0.106379616082 0.310611826100
# log_rbar_devs:
 1.30411677029 1.07577218537 0.792588805551 0.784113182477 0.596341519344 1.01084434432 0.550730803820 0.456904819727 0.432723538928 0.521051574391 0.428864701341 0.373446272695 0.456448502946 0.527885189988 0.765593814077 0.622896390037 0.747606375398 0.535673088157 0.820537386983 0.542825546456 0.532820817775 0.615740167986 0.512794048186 0.217453887426 0.323160849345 0.357491078116 0.213504495610 0.681140808486 0.128162991616 -0.0820670934544 -0.243700146143 0.0358560026773 0.160585560361 -0.307513925396 -0.468614132697 -0.586704793815 -0.847707469555 -0.915064985290 -1.00910139545 -1.18448368374 -1.22167568689 -1.36009336499 -1.38271824984 -1.41929193134 -1.28335080245 -1.85715285913 -1.97118592536 -2.18311524123 -1.69300296663 -0.223726614589 1.38646906491 0.00200664928067 -1.34820750654 -0.366265781252 1.20822898425 0.483436394946 -0.565304484008 0.269095678445 1.95649255628 0.196615584198 -1.46894835384 -0.539024564278 1.99394895631 -0.386760371334 -1.14572188708 -0.885256062380 0.525336927806 0.440664111768 1.45746076857 1.48065634890 0.0651294102125 0.835969388862 1.14880543509 0.641466670908 1.97514957529 -0.266521598474 0.251158851641 0.150271631308 0.245798990684 0.246463683090 -0.145095478811 -0.207019207705 -1.12997133825 -1.55244582485 -0.571280760697 -2.48742794644 0.729189049429 -1.61393162082 0.0882182833038 -0.187341389284 0.203086928662
# mat_params[1]:
 8.08088490466 10.8648397085
# mat_params[2]:
 6.48492933013 9.12459355373
# log_m_devs:
 0.0746959409276 -0.109770919862 0.0350749789344
# log_slx_pars[1]:
 1.69982614773 -0.216468389414
# log_slx_pars[2]:
 1.81668113416 -0.258805557318
# log_ft_pars:
 -2.07721202211 -2.11839369541 -2.50824878775 -2.32086036544 -1.97285217667 -1.84677770686 -1.92471681978 -2.32222322823 -1.91935641590 -2.65393287149 -2.72878187067 -6.76814809779 -5.05093822727 -6.61345164674 -3.95983195987 -3.02426840183 -2.70384082437 -2.27264924188 -2.18693427903 -3.11899286522 -3.22394020502 -3.26913356116 -3.46917021726 -2.88675533806 -3.17157525383 -3.77083035674 -3.15316539568 -2.51000998168 -2.48602616937 -1.95645100936 -1.51030321818 -1.60318072152 -2.05608449557 -2.49078364685 -2.48723701047 -1.85745584175 -2.50406295523 -2.91115505046 -5.57626871564 -5.48251073761 -4.57644865074 -4.01924422678 -4.23025534985 -4.37095618327 -4.13073423084 -4.00276924625 -2.94077560944 -3.45145455841 -10.1527591437 -5.56761671487 -4.10869673715 -3.71605299052 -4.12434273406 -3.68307532148 -3.74831150814 -3.72544622371 -3.45618703079 -3.72075671401 -4.33746287456 -3.51490995487 -3.12503694367 -4.13432707348 -4.99713948641 -4.06375548081 -3.29871578998 -3.89290895102 -4.29384049063 -3.07848951443 -3.41777363821 -4.17590376039 -3.88067046128 -4.58329877230 -3.62355767502 -3.74079523203 -4.41794832309 -3.94531935817 -3.77715966925 -3.65410637752 -3.23976521849 -2.34175799349 -2.31976157969 -2.10419635693 -1.96228803156 -2.06160420894 -2.87323702514 -1.46230444179 -2.08183844927 -1.78694055044 -1.59184598990 -3.19226106348
