# Number of parameters = 206 Objective function value = -3686.75071800612  Maximum gradient component = 2.87706327921802e-005
# theta[1]:
-0.293174854046
# theta[2]:
7.65736591413
# theta[3]:
6.73108846225
# theta[4]:
7.27091980185
# theta[5]:
0.479581869784
# theta[6]:
4.00000000000
# log_rinit_devs:
 0.0358920617397 0.00840750977828 0.0763074007448 0.0126668645440 -0.133273836807
# log_rbar_devs:
 1.30440461070 1.10385933900 0.887847438410 0.926226380099 0.780114318853 1.05959971914 0.662907061127 0.563602693193 0.507907335122 0.537351144170 0.465758249770 0.434993167815 0.545178705549 0.654493024015 0.866135299743 0.787180298573 0.859254703542 0.656594617628 0.817095441788 0.588855559036 0.590673991387 0.666811939700 0.601311770093 0.390237159027 0.487068766538 0.546665881618 0.464859796023 0.840982135612 0.415236333746 0.196247685689 -0.0737672951958 -0.0349701235513 -0.0488457755365 -0.485440073759 -0.725688172549 -1.00988616216 -1.36962536920 -1.47262884673 -1.51802283885 -1.59258233905 -1.57749927101 -1.65743643510 -1.65642836833 -1.67973166601 -1.56980736875 -2.09845740044 -2.30365105432 -2.58826927987 -2.12952753995 -0.688735356291 0.748086948940 -0.508485653586 -1.95078033609 -0.925072183278 0.668630755376 -0.0580668901738 -1.10063228726 -0.232953446219 1.45277298214 -0.371041144784 -2.11942095085 -0.979955345221 1.66916367297 -0.781350712298 -1.49142373366 -1.17914709562 0.301278217730 0.168219001277 1.21778717490 1.25229141659 -0.178495664121 0.610757067911 0.987616170561 0.511546048779 1.81572649178 -0.258923720056 0.453087748597 0.580815393714 0.962104225403 1.30167559327 0.864239342060 0.817787089961 -0.0904688653441 -0.538289905963 0.454497460037 -1.59036618472 1.65644377149 -0.703599020143 1.14812642055 0.952154880435 0.535211434878
# mat_params[1]:
 7.05988669825 10.0571506372
# mat_params[2]:
 7.23400293711 10.5035166931
# mat_params[3]:
 5.62955035624 8.49934031067
# mat_params[4]:
 5.46784406058 7.92065415889
# log_m_devs:
 0.00000000000
# log_slx_pars[1]:
 1.04333083052 -0.523729398245
# log_slx_pars[2]:
 1.32226710164 -0.587125551419
# log_slx_pars[3]:
 1.68473642561 -0.215361460168
# log_ft_pars:
 -1.75005754196 -1.81071660079 -2.17430859042 -2.01055360330 -1.69036258671 -1.62576074538 -1.66250160248 -2.01171712216 -1.59033643811 -2.36652280308 -2.47395196077 -3.08979671230 -4.87731460109 -2.77203365761 -3.89832525317 -2.97353843488 -2.23615855359 -1.77535308166 -1.61589099650 -2.53649609263 -2.64382658240 -2.70055182092 -2.93690361076 -2.37705817413 -2.67341305625 -3.32378801072 -2.75929133394 -2.10279498290 -2.10441201533 -1.52393907639 -0.971338362164 -0.936559078401 -1.27737421824 -1.65126403012 -1.55845104523 -0.764843849665 -1.25632847084 -1.61301012529 -4.33283092581 -4.34449376883 -3.52101870587 -3.03377182301 -3.31199955285 -3.49596864257 -3.27284770160 -3.17846079686 -2.05080315353 -2.51194747523 -8.50340410614 -3.60934642354 -1.65245266562 -1.41788091265 -2.04197826952 -1.73763800097 -1.61089657594 -1.58368357693 -1.38876116298 -1.73743276599 -2.17872215381 -1.39439911019 -1.11941341013 -2.30258110276 -3.03522434949 -2.15966643258 -1.54391964363 -2.32332733400 -2.75869761664 -1.44757190558 -1.53039347968 -2.27705422403 -2.13380140323 -2.97551696494 -2.04777356096 -2.19502444734 -2.72823867300 -2.36430628225 -2.33245367583 -2.38170431033 -2.15031148968 -1.95802855394 -2.02281666201 -1.84035900879 -1.69693009149 -1.77193185028 -2.57149889256 -1.18471985474 -1.83171002160 -1.69475869530 -1.59807019226 -3.25510451698
