# Number of parameters = 209 Objective function value = -3728.56353142600  Maximum gradient component = 1.75092323712964e-005
# theta[1]:
-0.236705566468
# theta[2]:
7.98948336863
# theta[3]:
7.14911857389
# theta[4]:
7.56751377108
# theta[5]:
0.690360587192
# theta[6]:
4.00000000000
# log_rinit_devs:
 -0.00698886269345 -0.00722150974937 0.0759499567015 0.0110741919084 -0.0728137761672
# log_rbar_devs:
 1.16531338640 0.972468993496 0.757832270875 0.793036735833 0.644071411490 0.941208084998 0.555412669834 0.467120470760 0.431314637731 0.487022665051 0.425741686832 0.399378623263 0.498047465573 0.591772038433 0.788324950985 0.696966750821 0.768806326880 0.565999226611 0.747503308734 0.522963812652 0.525074672691 0.601878140763 0.531319003607 0.313660952871 0.413082137613 0.467500637000 0.375862939052 0.753608472873 0.309568920594 0.0791945332918 -0.175483803867 -0.0899667795888 -0.0678826077840 -0.493750291873 -0.712340546845 -0.927941838149 -1.21381255746 -1.26842621260 -1.30072111317 -1.38381047328 -1.36961276199 -1.45032763502 -1.44646662050 -1.46740476626 -1.36087489704 -1.88325297634 -2.04041326362 -2.26225888241 -1.75049843340 -0.331700368953 1.15152232445 -0.117773961149 -1.56450449946 -0.544069516815 1.06868527155 0.329643278886 -0.728923047088 0.134669000748 1.86353813709 0.0161231501906 -1.75078656942 -0.647428147553 2.01944307620 -0.485496498058 -1.22200715005 -0.936577817115 0.541275976150 0.407383238342 1.45475801570 1.48736903817 0.0244057716467 0.812023090316 1.16238933112 0.637324393265 2.02958188811 -0.229054785700 0.396634093354 0.322732689121 0.433675931587 0.418705810945 0.0149669288324 -0.0174105256711 -0.827853593867 -1.19316024514 -0.151989939395 -2.03371796899 1.25431417932 -1.20445679766 0.548263509296 0.239299628018 0.292374213257
# mat_params[1]:
 7.45501017003 10.3365160625
# mat_params[2]:
 7.66673417956 10.8036769257
# mat_params[3]:
 6.33403302275 9.24333500720
# mat_params[4]:
 5.30634815981 7.82386193514
# log_m_devs:
 0.0496424652453 0.131768613415 -0.258159555163 0.0767484765025
# log_slx_pars[1]:
 1.19617683732 -0.109291643858
# log_slx_pars[2]:
 1.40564952182 -0.482258770199
# log_slx_pars[3]:
 1.70612143541 -0.246915584557
# log_ft_pars:
 -1.74006121277 -1.80845617324 -2.17838759809 -2.01427279737 -1.69428815759 -1.63824211379 -1.68891643951 -2.05232748555 -1.64570583991 -2.43669096408 -2.55197726848 -2.81768106839 -4.94314325895 -2.25461680716 -3.92832756803 -3.00056017885 -2.26999068872 -1.81264029159 -1.66571308380 -2.58926055179 -2.69974504393 -2.75302081419 -2.98456863290 -2.42448738068 -2.72067915666 -3.36180347202 -2.79088172647 -2.13287604768 -2.13150642221 -1.56268500424 -1.02196994473 -1.01042242878 -1.38023204081 -1.77893348947 -1.71301452197 -0.967629250548 -1.53269094613 -1.93891311547 -4.67077771174 -4.67265605552 -3.84457005490 -3.35682897638 -3.63613634823 -3.81977733601 -3.59608503459 -3.50434573596 -2.40963478679 -2.90068109878 -8.90754932130 -4.01086563585 -2.16371000592 -1.89981869093 -2.47744477466 -2.13934712105 -2.04825584517 -2.02345886921 -1.83002661219 -2.15577553043 -2.63104781143 -1.84698886978 -1.57113128612 -2.70590480974 -3.43381210004 -2.53450794038 -1.89651845610 -2.62492053771 -2.99747461072 -1.67049434071 -1.82043486421 -2.57475046737 -2.39235284671 -3.18882105175 -2.23272346641 -2.34766025924 -2.91876692552 -2.53130313170 -2.46431259462 -2.43817203620 -2.06343491130 -1.65780520392 -1.76263696164 -1.62782358360 -1.54028852544 -1.68378295837 -2.56827888971 -1.24148295488 -1.87674734565 -1.55848838938 -1.31251740149 -2.85688575615
