# Number of parameters = 202 Objective function value = -2992.77289717078  Maximum gradient component = 6069.50555732715
# theta[1]:
-0.730823483569
# theta[2]:
5.39812455230
# theta[3]:
6.27475838234
# theta[4]:
6.61044638945
# theta[5]:
1.24692267178
# theta[6]:
4.00000000000
# log_rinit_devs:
 0.742610337259 0.594262454387 0.514970461957 0.448935045593 -2.30077829920
# log_rbar_devs:
 1.47063897005 0.895204069559 0.577705327374 0.592063010897 0.504358124428 1.24779879220 0.580189733318 0.555004814669 0.512661952381 0.804805181033 0.799192097487 0.692527169693 0.662006975387 0.691913919922 0.875755333110 0.661653998281 0.900393774034 0.539185000283 0.867040806413 0.405020816255 0.384596812815 0.455277700084 0.283132707312 -0.0713054808948 0.0320582224291 0.111839126068 -0.0627195106166 0.760035824745 -0.0192803412303 -0.248936526685 -0.567859784421 -0.291164514705 -0.204954010556 -0.918239399367 -1.15480438585 -1.30160787762 -1.68679598778 -1.75592079157 -1.81848827614 -1.87802181404 -1.78846594148 -1.78208963734 -1.64649259278 -1.55674601542 -1.24215472185 -1.64732542604 -1.63568800328 -1.71620745058 -1.19261783455 0.221965444831 1.61380364840 0.524594735990 -0.623677216114 0.244066080034 1.53943582120 0.970791316654 -0.00634247363584 0.842750057298 2.25432467692 0.696775757269 -0.633861620859 0.175666303070 2.23465369524 0.334059011816 -0.310981882753 -0.0286464084302 1.07369736998 0.923791055326 1.73431636053 1.70427535213 0.307219505262 0.990354133160 1.23341039575 0.631919121398 2.13400273826 -0.405321401303 0.118078451083 0.145532062405 0.330883687620 0.457207762880 0.245987987016 0.287267320972 -1.90179389996 -2.37600452921 -1.31127462378 -3.17844782417 0.555044411286 -2.81715780422 -0.861861159487 -1.13665293453 0.391975579237
# mat_params[1]:
 6.13627027892 10.1242039157
# mat_params[2]:
 11.8328404369 22.1897088064
# mat_params[3]:
 0.895933846469 0.896354110310
# log_m_devs:
 -0.0851917711444 0.0338324175204 0.0513593536240
# log_slx_pars[1]:
 1.49308783095 0.617002251405
# log_ft_pars:
 -0.466484180990 -0.700040312293 -1.14860927140 -1.05392441606 -0.771711311188 -0.874700201041 -1.01348326187 -1.50113729665 -1.16168531837 -2.03466100951 -2.27456066082 -0.465346787802 -4.59881936811 0.216874596852 -3.15239635008 -2.29980603004 -2.04820255917 -1.63334260158 -1.54236598003 -2.47760120214 -2.60025549346 -2.67395813175 -2.90540840470 -2.29937206919 -2.58729741454 -3.24348813043 -2.57151201142 -1.87056664342 -1.79690375012 -1.17796848525 -0.607484211445 -0.572601842303 -0.917780291058 -1.26780035302 -1.17896643358 -0.412975928449 -0.914257975354 -1.28450746669 -3.99933881489 -4.02075941744 -3.23272463032 -2.77341497471 -3.08568418550 -3.35856811753 -3.30879888738 -3.24456221280 -2.31217904082 -2.96973692372 -9.87407712840 -5.27950420322 -3.55431045673 -3.04304738120 -3.39774032724 -3.16318541426 -3.40791919192 -3.39099038563 -3.09924590079 -3.43688838687 -4.10028640434 -3.24879324774 -2.77776651824 -3.83462489655 -4.86123523355 -3.84485728161 -3.00280196836 -3.67198057533 -4.30272724665 -3.16471199756 -3.27134068209 -3.87986829031 -3.49901169310 -4.14882363790 -3.18879999199 -3.28653885624 -4.11419478381 -3.57863471689 -3.36082040654 -3.29112184283 -2.94732044614 -2.59669864451 -2.42350246036 -2.06564924930 -1.72952300236 -1.65497031704 -2.27459770654 -0.747815542575 -1.55238559710 -1.29223518532 -0.945398219864 -2.30188307453
