# Number of parameters = 203 Objective function value = -3601.26761135467  Maximum gradient component = 0.000736687801244540
# theta[1]:
-0.374918136455
# theta[2]:
7.37378121395
# theta[3]:
6.43194577625
# theta[4]:
6.94504615252
# theta[5]:
0.679849254055
# theta[6]:
4.00000000000
# log_rinit_devs:
 0.152755920594 0.124025202866 0.123057824595 -0.0472532010330 -0.352585747022
# log_rbar_devs:
 1.43133662432 1.25221998286 1.07094690171 1.09056434199 0.919733837560 1.17589617363 0.785746815679 0.695923641947 0.661931805161 0.748737184171 0.679460127758 0.620095096821 0.679381775456 0.725691261378 0.906644308483 0.820897422632 0.844427060486 0.637646010023 0.791410786818 0.579567210690 0.595379428833 0.684912038110 0.637325481606 0.453809522845 0.574886917936 0.658111677301 0.596302244641 0.980307783264 0.559211344198 0.324326374420 0.0413064266509 0.0703208212280 0.0486843077576 -0.406513048158 -0.699281298028 -1.03001352323 -1.41801058671 -1.51924285679 -1.54802502615 -1.59858989282 -1.56582084195 -1.62351273486 -1.60302842683 -1.60788092255 -1.49051079424 -2.02002865659 -2.26197204684 -2.59056777748 -2.17714661659 -0.698874812113 0.743389321291 -0.487956670380 -1.90986049977 -0.898754397618 0.674211857413 -0.0490912506527 -1.09271468854 -0.211331142429 1.45001661097 -0.349681496116 -2.10023335780 -1.00964382313 1.58887114197 -0.817499992624 -1.53717643545 -1.22714369905 0.253951024683 0.113563345073 1.14543647702 1.17176067330 -0.249026021808 0.529063542971 0.905617805771 0.425383531240 1.72422930445 -0.305307014714 0.428502629200 0.581351541848 0.964143419295 1.27182216505 0.842037415125 0.785136010894 -0.148410767251 -0.626537999623 0.295345416480 -1.83014744423 1.29660091582 -1.20552340414 0.550172459470 0.339422755988 0.491887863567
# mat_params[1]:
 7.22572847007 10.1200747908
# mat_params[2]:
 7.19599140319 10.5326977510
# mat_params[3]:
 5.08580718287 7.66511783481
# mat_params[4]:
 4.55709269210 6.79319771447
# log_m_devs:
 0.00461666795761 -0.00461666795761
# log_slx_pars[1]:
 1.40523012158 -0.387742815713
# log_ft_pars:
 -1.04710799949 -1.11998813426 -1.54892445472 -1.40796418305 -1.09023494955 -0.937336490367 -0.997884272520 -1.38308007448 -0.963104607528 -1.73593499630 -1.88982718261 -0.899685293116 -4.18583761271 -0.798106853653 -3.05100983923 -2.19597504464 -1.87626508007 -1.40437741280 -1.22242593941 -2.12743273238 -2.25529717510 -2.32934446842 -2.58229641885 -2.04517583670 -2.36902627523 -3.04186134280 -2.50057896827 -1.85742229793 -1.86445630059 -1.31169630748 -0.764995086149 -0.701817930759 -1.00451078920 -1.36399354661 -1.27829296794 -0.446897985421 -0.859996945631 -1.17869813488 -3.90863391554 -3.95316095923 -3.15744068931 -2.68988028536 -2.98247859217 -3.19068236037 -2.99806464547 -2.91558954308 -1.80249536955 -2.26629743642 -8.93004975948 -4.19197888318 -2.47894631309 -2.20442276133 -2.57926917747 -2.06300876999 -2.13002817803 -2.23810772069 -1.94714606343 -2.15020040727 -2.77269908182 -2.08081377797 -1.60436807290 -2.54382088282 -3.48707177533 -2.77726457323 -1.96379427964 -2.47748820170 -2.96497073375 -1.85471884724 -2.11439811302 -2.90313382718 -2.66141518903 -3.33470036228 -2.39480544380 -2.58273809836 -3.20628095348 -2.84982792111 -2.70160081968 -2.66792956788 -2.52313927704 -2.44755506078 -2.54754177989 -2.29791601847 -2.08239147429 -2.06344778631 -2.80340170725 -1.42522461797 -2.15702062336 -2.04297963891 -1.74322014876 -3.25850853280
