# Number of parameters = 205 Objective function value = -3605.39805210940  Maximum gradient component = 0.00116800193196446
# theta[1]:
0.118144362906
# theta[2]:
9.80727963766
# theta[3]:
9.53554645258
# theta[4]:
9.85781428417
# theta[5]:
0.584660457257
# theta[6]:
4.00000000000
# log_rinit_devs:
 -0.121929943276 -0.0908579726820 0.0545196797229 0.0174259750780 0.140842261157
# log_rbar_devs:
 0.547775123724 0.393631133170 0.198961931194 0.306932608248 0.206739475871 0.656121796436 0.311741699386 0.295027872686 0.337651964389 0.457339131143 0.379994788741 0.310855304156 0.366524251395 0.415951711025 0.611953456525 0.478222167954 0.569670931563 0.380515737466 0.639384259494 0.380454243498 0.360444510202 0.424474313532 0.318054731140 0.0367999180197 0.121807515929 0.135917961691 -0.0132491861893 0.396650561416 -0.110353677110 -0.300099848889 -0.434632006262 -0.167389522230 -0.0426567246562 -0.463502209077 -0.599831814064 -0.695065454595 -0.926972479898 -0.986352546308 -1.07091290449 -1.23202461761 -1.26321555966 -1.38800873898 -1.40575281453 -1.43593485796 -1.30583913852 -1.81651990323 -1.89346523277 -2.07562736254 -1.55337565159 -0.123919095463 1.49974921037 0.155220269043 -1.23625139843 -0.239625560779 1.35604317343 0.617365372490 -0.438764051898 0.401875862566 2.14243397598 0.339643665004 -1.41215173018 -0.395506344147 2.19252426190 -0.249664439811 -1.01805271536 -0.765906109881 0.660518123913 0.570023744556 1.59695731986 1.62639559383 0.180738468618 0.950028533972 1.25537083167 0.725640580164 2.01781390460 -0.256520577897 0.287778031348 0.278784109009 0.535903912898 0.771310844930 0.365145550061 0.314797073077 -0.692396993312 -1.16395082809 -0.201992370846 -2.22896830143 1.03195731334 -1.29684693089 0.472588127795 0.224479909231 0.290612835923
# mat_params[1]:
 7.98351323654 10.4339545175
# mat_params[2]:
 8.95435395623 11.9204997239
# mat_params[3]:
 6.93760720034 9.28004346663
# log_m_devs:
 -0.0368770332824 0.0368770332824
# log_slx_pars[1]:
 1.64194727433 0.129549488606
# log_slx_pars[2]:
 1.73763778354 -0.285398310328
# log_slx_pars[3]:
 1.88694218731 -0.342786647765
# log_ft_pars:
 -2.36587921838 -2.49465646488 -2.91050038901 -2.79222654040 -2.53347987201 -2.58187736578 -2.71721773462 -3.15519660966 -2.82308348007 -3.66694996213 -3.78932758576 -1.93355115881 -6.09496206446 -1.19758684062 -4.98443546380 -4.04580278585 -2.95736384860 -2.54128453967 -2.44757201369 -3.38772092942 -3.49573336244 -3.53754689777 -3.72974445573 -3.15150121861 -3.43853652381 -4.02492904311 -3.39063523548 -2.69982550548 -2.66998271751 -2.15594886057 -1.74389981727 -1.84545923263 -2.28068881181 -2.72882779170 -2.76047616503 -2.16956798828 -2.85412592133 -3.28085396120 -5.95713912205 -5.87117086340 -4.97242850589 -4.42499885556 -4.63268070128 -4.78201871503 -4.55440484343 -4.44136836378 -3.40373822191 -3.95889087896 -10.6672960528 -5.93678563114 -4.39879690779 -4.04584487727 -4.51499751030 -4.11403923601 -4.12531749045 -4.09229560914 -3.86063986337 -4.14570851592 -4.72179183833 -3.91250739321 -3.58033264090 -4.62592588826 -5.41257783489 -4.47206101237 -3.76237060486 -4.40537662446 -4.74200547551 -3.46155564287 -3.76822053878 -4.53332009370 -4.27027916093 -4.99599586546 -4.01673476347 -4.11362309788 -4.73018125837 -4.25986572626 -4.10845168108 -4.00864893038 -3.60979246713 -2.48776832017 -2.35156346574 -2.10063438934 -1.94907442998 -2.03749775258 -2.82127942284 -1.37018265940 -1.95835935383 -1.75437647372 -1.65342239931 -3.34844745504
