# Number of parameters = 205 Objective function value = -3707.48680580148  Maximum gradient component = 9.95571798606001e-005
# theta[1]:
-0.304354937388
# theta[2]:
7.51240389837
# theta[3]:
6.73879618221
# theta[4]:
7.22739550483
# theta[5]:
0.556951949285
# theta[6]:
4.00000000000
# log_rinit_devs:
 0.125199602969 0.0804723002233 0.0910893604661 -0.0347663417771 -0.261994921881
# log_rbar_devs:
 1.21843739311 1.03617891816 0.854488263035 0.892785765262 0.745499708919 1.00668971797 0.639802616467 0.565605022914 0.534046306946 0.614738698409 0.560383135340 0.500316195579 0.565006151742 0.620407701363 0.781661595911 0.700879869665 0.745599666930 0.564500463950 0.712088905042 0.490224753857 0.491191449592 0.562857450768 0.502608326003 0.305492832413 0.393779452294 0.449862018092 0.378087830088 0.734478636915 0.333997848735 0.132421071959 -0.122813746688 -0.100671086900 -0.129717343870 -0.549123941064 -0.768669066593 -1.03261025052 -1.39089318454 -1.49832215206 -1.54804694707 -1.61172508558 -1.58973126470 -1.65835418633 -1.65276660037 -1.66951185711 -1.56195098178 -2.05643159074 -2.23133751533 -2.47603771581 -1.93206129980 -0.494616247246 0.958518020107 -0.301414940009 -1.76360835775 -0.733242914610 0.883722546934 0.139902199719 -0.915950327854 -0.0415964794528 1.67987825067 -0.182300977788 -1.95990144721 -0.807632445513 1.88381528483 -0.625528333438 -1.34303722170 -1.03856719084 0.457845719397 0.310744465741 1.36944818518 1.40259827877 -0.0649366895973 0.722126216464 1.08730122283 0.566703127166 1.90264986767 -0.292095231544 0.378412690485 0.415200720650 0.657401406490 0.773259333617 0.376319633603 0.359868648725 -0.409009139741 -0.738268401614 0.329233790074 -1.51280234677 1.81378377887 -0.620985297994 1.11381972111 0.757610265970 0.451988665023
# mat_params[1]:
 7.26395552059 10.1707845216
# mat_params[2]:
 7.31485461302 10.6517681594
# mat_params[3]:
 5.63748568888 8.35390555019
# log_m_devs:
 -0.00445610311585 0.0858337244456 -0.218938092602 0.137560471272
# log_slx_pars[1]:
 1.27065495050 -0.498407167467
# log_slx_pars[2]:
 1.67591241208 -0.240613026071
# log_ft_pars:
 -1.34661283491 -1.42695570860 -1.83251249534 -1.68201315037 -1.37385824502 -1.26404475565 -1.34131197958 -1.72237111984 -1.31948028595 -2.11527212772 -2.26584579488 -1.20076957794 -4.56342468383 -1.28522065434 -3.48017461615 -2.59559368344 -2.25856706218 -1.78740458535 -1.63120113777 -2.54496227428 -2.65100676256 -2.71387798903 -2.94976069570 -2.38479031733 -2.68866255265 -3.34681140014 -2.78122713557 -2.13808514323 -2.12136810494 -1.53089186420 -0.981604235331 -0.964780356069 -1.31611644862 -1.67539702864 -1.57937006192 -0.797443672799 -1.30495886609 -1.67685028419 -4.40785035574 -4.42440942258 -3.61012454746 -3.13131398437 -3.42290837759 -3.61438399490 -3.39570230325 -3.29147520411 -2.18123663546 -2.66607646364 -8.62914297735 -3.72511338300 -1.82055308625 -1.58034249066 -2.17784854166 -1.83859709452 -1.72215229799 -1.71003430325 -1.51992204369 -1.84568775982 -2.30702357675 -1.53843967812 -1.26203030841 -2.40375201802 -3.14183501274 -2.28260825471 -1.66482876254 -2.40052927881 -2.79722707508 -1.48945022408 -1.61057883952 -2.36258167640 -2.20297221563 -3.01388388726 -2.06474338279 -2.18964267980 -2.72739280393 -2.34785258367 -2.28820055026 -2.28117061266 -1.96699147149 -1.65354314828 -1.78860940794 -1.67021986476 -1.59206978354 -1.74728333011 -2.64907021647 -1.35500921594 -2.09508045396 -1.82711693951 -1.60616905067 -3.14178041588
