# Number of parameters = 207 Objective function value = -3648.52262868054  Maximum gradient component = 0.000172857080326287
# theta[1]:
-0.312911328920
# theta[2]:
7.02869073644
# theta[3]:
6.67693549245
# theta[4]:
7.14593204740
# theta[5]:
0.629184619309
# theta[6]:
4.00000000000
# log_rinit_devs:
 0.159545725787 0.0720958614052 0.0923657710386 -0.0175514207362 -0.306455937494
# log_rbar_devs:
 0.950211500614 0.755091418365 0.532088310129 0.609215901974 0.502667048617 0.799657398965 0.423714845748 0.331369583309 0.321458052363 0.344516905956 0.304134048162 0.292201848067 0.442003150900 0.634990779819 0.961146443970 1.00985612434 1.24169945443 1.02041629865 1.19875279091 0.974372622194 0.976935738213 1.05331994148 0.983631719517 0.773125340297 0.882044141224 0.940544153324 0.845996360783 1.22635178784 0.757925759709 0.499623592278 0.226496431664 0.303574190615 0.307725131564 -0.165629521706 -0.450506051784 -0.721635707941 -1.04272438628 -1.11478420585 -1.15987581656 -1.25682440273 -1.26114416268 -1.35766994457 -1.36874321047 -1.40139868064 -1.31862179058 -1.92201650235 -2.21857858233 -2.61506852216 -2.31342405399 -0.847786871048 0.590060522705 -0.641338653819 -2.06771286506 -1.04939501780 0.524334040282 -0.196641908228 -1.23741473174 -0.355000179094 1.30819084405 -0.494320121498 -2.24084031893 -1.12961674680 1.47127313251 -0.936277426148 -1.65222231175 -1.33669843910 0.135824890475 -0.00262240160977 1.03106199411 1.05996581213 -0.358018037592 0.419858667160 0.790411493885 0.310537561985 1.60701480194 -0.450341846608 0.257437126654 0.386584868265 0.768344688744 1.11760606191 0.689808862271 0.635556958568 -0.267578984357 -0.701845695756 0.296746045859 -1.73564768221 1.52490633603 -0.939018145113 0.866809875638 0.647804910647 0.461985615069
# mat_params[1]:
 6.90159633666 10.0152756935
# mat_params[2]:
 7.29118975466 10.4085792205
# mat_params[3]:
 5.32736661815 8.14015986429
# mat_params[4]:
 5.13934757292 7.45392537160
# log_m_devs:
 -0.111717039483 0.0948216354743 -0.0381401861821 0.0550355901912
# log_slx_pars[1]:
 0.568736453490 -4.34300589426
# log_slx_pars[2]:
 1.50142254609 -0.372297877120
# log_ft_pars:
 -1.61880758953 -1.66358126408 -2.02049075764 -1.89551605026 -1.59648807453 -1.59535816672 -1.60948009797 -1.98248811598 -1.59992045816 -2.41910235707 -2.55619260282 -3.64794248347 -5.05096184875 -3.66498744959 -4.24805314236 -3.39913637451 -2.12728765444 -1.65755276404 -1.50269714731 -2.41263576450 -2.52807802741 -2.57999346284 -2.80710009039 -2.25681247707 -2.56201568179 -3.19986794173 -2.63076870851 -1.96809663996 -1.96098757401 -1.41821513940 -0.891265304926 -0.844938437066 -1.15835022507 -1.52626319552 -1.45406285821 -0.669277055943 -1.14838132366 -1.50194834889 -4.20898974124 -4.20307164772 -3.36304655921 -2.85612134735 -3.10589760498 -3.27710757061 -3.05050145235 -2.93592719358 -1.79793621184 -2.21477154724 -8.79766827876 -3.97824250050 -2.15675223820 -1.95862391835 -2.46575484597 -2.00339441966 -1.93698490070 -2.03181056035 -1.82077492890 -2.05908925968 -2.55720529583 -1.87984388572 -1.52661278170 -2.53427543447 -3.31474584814 -2.59374984952 -1.90722509455 -2.49748088241 -2.91197381598 -1.73070785079 -1.93223809035 -2.71399184788 -2.54127282904 -3.27617803027 -2.30907369672 -2.48742664629 -3.05993556816 -2.72000921360 -2.63316161851 -2.59373757446 -2.38776819876 -2.26422350527 -2.37223171544 -2.16006847496 -1.97424568534 -1.99915142289 -2.76344938253 -1.41090374890 -2.19354812969 -2.09608096677 -1.88356913994 -3.41411699992
