# Number of parameters = 205 Objective function value = -3658.40328200070  Maximum gradient component = 6.88509480198527e-005
# theta[1]:
-0.187416927299
# theta[2]:
8.59090883298
# theta[3]:
7.63107039867
# theta[4]:
8.00220611654
# theta[5]:
1.07415995037
# theta[6]:
4.00000000000
# log_rinit_devs:
 -0.0615402574566 -0.0106649256371 0.105699873176 0.0269178421246 -0.0604125322068
# log_rbar_devs:
 1.20947515632 1.03843475194 0.833046088747 0.836006570708 0.665144714726 0.945178119974 0.577184827579 0.497424392120 0.484276757910 0.570752009210 0.513626251398 0.463166557437 0.514201499270 0.575043212668 0.788695164843 0.723830504180 0.833002933596 0.640838319312 0.833512445922 0.624670497329 0.625972832343 0.696995933369 0.628855025811 0.421129165024 0.521317401392 0.569491633954 0.474143265392 0.825060943474 0.367191695869 0.126361631457 -0.0939795546193 0.0416205591738 0.0893148529200 -0.322747311127 -0.512818300398 -0.658701958154 -0.872094191768 -0.889735787011 -0.913297910887 -1.00173151056 -0.989715395867 -1.07106215384 -1.06807059866 -1.08110724192 -0.994294444543 -1.53293933947 -1.73790628571 -2.04868964322 -1.71867527490 -0.319243839124 1.20294852431 -0.0442200592372 -1.47485319160 -0.472202892970 1.12155587254 0.388397000264 -0.667380134882 0.189007146811 1.90880516289 0.0750099410834 -1.70566281149 -0.646012980449 1.96773495984 -0.516714045328 -1.27085015440 -1.00928517706 0.451500092162 0.331665055937 1.35977230787 1.38455706457 -0.0648102726346 0.704911738161 1.04361889398 0.502031637666 1.92628669860 -0.401882272102 0.177745649038 0.0292570358142 0.0636628542192 -0.0136053718292 -0.406840735574 -0.450870980096 -1.29780104027 -1.68332396162 -0.661000691075 -2.55264433607 0.725397675374 -1.74863358806 0.0158457788211 -0.275080051711 0.0658086849183
# mat_params[1]:
 7.99381081404 10.7757286923
# mat_params[2]:
 6.95513691537 10.0663488076
# mat_params[3]:
 5.20413131487 7.65769688689
# log_m_devs:
 0.0988018863978 0.153056921559 -0.284111359256 0.0322525512987
# log_slx_pars[1]:
 1.60794914819 -0.222739656614
# log_slx_pars[2]:
 1.60898713007 -0.356384468358
# log_ft_pars:
 -1.27573137211 -1.34417407327 -1.76864320271 -1.61699078680 -1.29329478181 -1.15100614316 -1.22196541457 -1.62487076399 -1.22600262100 -1.99313041928 -2.11493827871 -1.71120095372 -4.46637304419 -1.03871513287 -3.31528285151 -2.42679649368 -2.12757273240 -1.66253448538 -1.52729883514 -2.44748973663 -2.56115594791 -2.61727085502 -2.84033821989 -2.27946620977 -2.59012557259 -3.22863256315 -2.64725477814 -1.99175735357 -1.96771310859 -1.41359319934 -0.908311525805 -0.927925239662 -1.31881768865 -1.72314364582 -1.69050704231 -1.00481894642 -1.62613188633 -2.07218640780 -4.81599375412 -4.81003725718 -3.98142429941 -3.49298258020 -3.76894242713 -3.95531364508 -3.73569788029 -3.62670034435 -2.54566220895 -3.02684257508 -9.65987471855 -4.89564824760 -3.25642790112 -2.89547643650 -3.28848353925 -2.81908431855 -2.90923957002 -2.93565944041 -2.66621596396 -2.90556323692 -3.54819905674 -2.76524686461 -2.35570899895 -3.32205351496 -4.21923122402 -3.35068604031 -2.57258258442 -3.11182273837 -3.50945315103 -2.31307628021 -2.62515329753 -3.38502936607 -3.09741693439 -3.77803978629 -2.81417228988 -2.93917323818 -3.62863607448 -3.19160172245 -3.02181701121 -2.87187106858 -2.45020413232 -1.96284550214 -2.08207509226 -1.92363840496 -1.80020088367 -1.90370704880 -2.74070679664 -1.39628533810 -2.07254247280 -1.81647961666 -1.58032728493 -3.07077018169
