# Number of parameters = 203 Objective function value = -3666.97629306261  Maximum gradient component = 5.81401619823868e-005
# theta[1]:
-0.309392906447
# theta[2]:
7.76597356844
# theta[3]:
6.55337838238
# theta[4]:
7.12272923855
# theta[5]:
0.475446429315
# theta[6]:
4.00000000000
# log_rinit_devs:
 0.0194586826713 0.0189896839553 0.0918093741502 0.0311999135082 -0.161457654285
# log_rbar_devs:
 1.52052040758 1.32204939616 1.11423726971 1.12570041236 0.957426294369 1.19716435418 0.791507345440 0.676216307404 0.584770936515 0.609506265801 0.522546256097 0.476685277773 0.551547897652 0.597941178037 0.772108249673 0.703773028977 0.793729192494 0.602659025973 0.740680781174 0.507376342344 0.510635834083 0.586151238867 0.530151305394 0.333951428079 0.425615258088 0.489429223948 0.427168646329 0.798340788548 0.404386837663 0.214141059154 -0.0435372948448 -0.0337934547279 -0.0747394397624 -0.501340614724 -0.719846623102 -1.00821091265 -1.40907594474 -1.54445663069 -1.60335157679 -1.66057269609 -1.63214497447 -1.69913841758 -1.69227037917 -1.70809660297 -1.59212447680 -2.09542590365 -2.29993132223 -2.59604433465 -2.12908095150 -0.675931898358 0.748876408212 -0.509690761513 -1.95455937175 -0.927862166082 0.664994096698 -0.0638406493461 -1.10389045513 -0.235592723219 1.44149542431 -0.386145745257 -2.13431385238 -0.988585832087 1.66455028409 -0.785583661945 -1.48858612076 -1.17150914131 0.314362218689 0.178287232933 1.23172959038 1.26780129081 -0.159306371813 0.631193855908 1.01810700171 0.551524228906 1.85473492316 -0.185004814953 0.547685629509 0.690873989462 1.06095022454 1.34769691612 0.910275551476 0.855377870380 -0.0603723237159 -0.527461168974 0.431786977533 -1.64478745997 1.56945606498 -0.904812834963 0.880512344742 0.636281664992 0.564348275240
# mat_params[1]:
 7.04234611461 10.2564146286
# mat_params[2]:
 5.39205496661 8.09878648898
# mat_params[3]:
 5.12793794630 7.63053403673
# log_m_devs:
 -0.0273568555708 0.0273568555708
# log_slx_pars[1]:
 1.22570501184 -0.592200124934
# log_slx_pars[2]:
 1.67247202719 -0.202464202364
# log_ft_pars:
 -1.65750500181 -1.72133982706 -2.10307182183 -1.92405477345 -1.59448238898 -1.45644041976 -1.50328322657 -1.84237519847 -1.39102017580 -2.12272902323 -2.21544630127 -2.44129003374 -4.56430145595 -1.72272185530 -3.44354930312 -2.52937044498 -2.18461094679 -1.71315057967 -1.55178723325 -2.46389177512 -2.56909799308 -2.63588037478 -2.87665557589 -2.31125491961 -2.61678655133 -3.28391991818 -2.72572290960 -2.09379399607 -2.08314377263 -1.48985985376 -0.934571283522 -0.910023420973 -1.25667831008 -1.60999295268 -1.50615704456 -0.704712811394 -1.17606056539 -1.52214215359 -4.24888094408 -4.27416307307 -3.46653066121 -2.99141430738 -3.28724396400 -3.48137590257 -3.26474215515 -3.15991196504 -2.03215238664 -2.49366318396 -8.42814154459 -3.54761288026 -1.58962786132 -1.35156365229 -1.96969267322 -1.65804919466 -1.53189926152 -1.50884814625 -1.30622594738 -1.65062385923 -2.09738585774 -1.31351695211 -1.02348423239 -2.20224739828 -2.95112485578 -2.08932620451 -1.46874118443 -2.24327835624 -2.69148204117 -1.39199953109 -1.47491508561 -2.22341120750 -2.08164578094 -2.92501150072 -2.00298709938 -2.15873834923 -2.69873947770 -2.34182875507 -2.31615840080 -2.37612541737 -2.16710095296 -1.98748605518 -2.04791264010 -1.85445081264 -1.70074530532 -1.76888331032 -2.55925527010 -1.16456337637 -1.75199160585 -1.53640053295 -1.34689765358 -2.92508877723
