# Number of parameters = 208 Objective function value = -3686.71951727836  Maximum gradient component = 7.84315078492953e-005
# theta[1]:
-0.311536361473
# theta[2]:
7.43113798974
# theta[3]:
6.52356679031
# theta[4]:
7.08447384606
# theta[5]:
0.458603143540
# theta[6]:
4.00000000000
# log_rinit_devs:
 0.0471526433761 0.0113663240771 0.0798678315735 0.0278255209734 -0.166212320000
# log_rbar_devs:
 1.32448583966 1.12762186974 0.901478210091 0.941568074810 0.815476263042 1.07599272369 0.692692391893 0.575845126898 0.529651530044 0.511224713309 0.428209743781 0.372100930766 0.494275457717 0.611741757897 0.855645331694 0.801281929116 0.874076482833 0.674513200727 0.812351483496 0.588944969564 0.592607080329 0.667633782538 0.610451544211 0.413674863296 0.508277542733 0.572536209274 0.503025614781 0.865210273476 0.465223822791 0.258805515290 -0.0129475946862 -0.00632731469744 -0.0436722503665 -0.471734877410 -0.713873101138 -1.03100144490 -1.42784546488 -1.56100893456 -1.61118273330 -1.67211856366 -1.65089960582 -1.72184109573 -1.71693392652 -1.73441721763 -1.62108534691 -2.12381991707 -2.33184298251 -2.62408670087 -2.15492193348 -0.703038500060 0.722702386565 -0.531053555033 -1.98244328758 -0.952747572334 0.644452375355 -0.0881838605936 -1.13175312698 -0.259924894355 1.42733948505 -0.412089932305 -2.17692729111 -1.01128128162 1.65386226131 -0.805294704245 -1.50864923152 -1.18934011639 0.300929112354 0.162423814940 1.21796918704 1.25242021940 -0.181293483708 0.606671634231 0.990172510703 0.512683660293 1.81312181181 -0.259948450925 0.454524676844 0.594639179319 0.987137437465 1.33343385901 0.902173910378 0.858062898128 -0.0233768947733 -0.447469481299 0.565690594145 -1.44698657666 1.83462483429 -0.618165802586 1.18324218081 0.922473257289 0.554153484009
# mat_params[1]:
 6.85127811960 9.97745749502
# mat_params[2]:
 7.03874957805 10.3781695104
# mat_params[3]:
 5.34492550431 8.11411105628
# mat_params[4]:
 5.35973066246 7.79495518542
# log_m_devs:
 -0.0458265980983 -0.0391414043900 0.0849680024883
# log_slx_pars[1]:
 -0.607589018681 -7.03251679711
# log_slx_pars[2]:
 1.28208115544 -0.651175653120
# log_slx_pars[3]:
 1.66950093372 -0.206160838080
# log_ft_pars:
 -1.87675249797 -1.91173146818 -2.25433787440 -2.10202779559 -1.78262981210 -1.75013378519 -1.74286758597 -2.08612645629 -1.66887431686 -2.44231543956 -2.53069204873 -5.60145393341 -4.95200653363 -5.60736834459 -4.02562535485 -3.08155414983 -2.17619246032 -1.71343593059 -1.54523229324 -2.46243370865 -2.57100030562 -2.63244176664 -2.87393546400 -2.31832285768 -2.62052479508 -3.28030570130 -2.72310715236 -2.06805015943 -2.07038926947 -1.48853051064 -0.935660873508 -0.891674366886 -1.21513458312 -1.57570958477 -1.47462229273 -0.660422738061 -1.11379655547 -1.44443241291 -4.16182474421 -4.18604112695 -3.37256907582 -2.89267060961 -3.17755853649 -3.36902399795 -3.15295354659 -3.06430555500 -1.93447622768 -2.39940305124 -8.41377338981 -3.52503666400 -1.55143165354 -1.31800415077 -1.94115478737 -1.63134162720 -1.50050451595 -1.47949856648 -1.27956437407 -1.62418516118 -2.06897156737 -1.28958877075 -1.00426230108 -2.18391182154 -2.92982900166 -2.07250615197 -1.45810094430 -2.23489302024 -2.68289613485 -1.38324851108 -1.45798261951 -2.20346263144 -2.06526906234 -2.91027434514 -1.98690689940 -2.13918516860 -2.66756102721 -2.30712929720 -2.27569679575 -2.32635316327 -2.10344813609 -1.91745662423 -1.98745245246 -1.80879724978 -1.67050688038 -1.75443135578 -2.57061112188 -1.20644071755 -1.89478697180 -1.69455147898 -1.52124417398 -3.10088649406
