# Number of parameters = 204 Objective function value = -3698.53912982968  Maximum gradient component = 0.000127112775609569
# theta[1]:
-0.404645014894
# theta[2]:
6.95763448098
# theta[3]:
6.69996517748
# theta[4]:
7.15977311665
# theta[5]:
0.658495703534
# theta[6]:
4.00000000000
# log_rinit_devs:
 0.288838609239 0.184160042417 0.116970135348 -0.0914484354767 -0.498520351528
# log_rbar_devs:
 0.896217140968 0.717602355540 0.556503490188 0.627721061202 0.500679061396 0.780128061900 0.440046885985 0.410602577775 0.435230162971 0.581774214776 0.573154724341 0.506254227464 0.560575823987 0.621554681605 0.818132253942 0.844720809318 1.01157516021 0.829883495516 0.981855523986 0.753301358965 0.743032986825 0.804054071859 0.731701627632 0.521337722255 0.598632853404 0.641650642132 0.557049960655 0.908862132388 0.497606510173 0.295471767796 0.0472752076436 0.0822960354658 0.0600434729318 -0.360426090727 -0.573449208138 -0.821972387056 -1.16818782847 -1.27879479199 -1.34385019784 -1.42995512183 -1.42876765423 -1.51832713237 -1.53270913135 -1.56810392616 -1.47869115842 -2.00786842093 -2.22948357085 -2.53600370142 -2.06595929843 -0.617418961276 0.829690250998 -0.425992443125 -1.88295722891 -0.851931466517 0.758466271533 0.0191621678206 -1.03209194828 -0.157161980948 1.55167024973 -0.301631095242 -2.07481345332 -0.920962329139 1.75658358679 -0.733260758483 -1.44726633418 -1.13922723875 0.353427540098 0.207895507826 1.26279722546 1.29534219555 -0.160318164476 0.624876243634 0.994333398522 0.485660197389 1.81157732913 -0.343851436514 0.340858768443 0.402795748912 0.675036183628 0.827971128920 0.407171547724 0.364598328186 -0.455894072211 -0.837731526494 0.171337097354 -1.74076287436 1.48872606826 -0.707742662160 1.17187543225 1.01100747593 0.424177587305
# mat_params[1]:
 7.20072074375 10.1377777434
# mat_params[2]:
 7.26190488073 10.5441881276
# mat_params[3]:
 5.51284861394 8.24153322633
# log_m_devs:
 -0.0465901747818 0.140474770584 -0.0938845958027
# log_slx_pars[1]:
 1.26428490658 -0.520176032270
# log_slx_pars[2]:
 1.66587427813 -0.228606453668
# log_ft_pars:
 -1.03821447325 -1.11971220618 -1.54400607073 -1.42488087543 -1.14069256089 -1.04622317591 -1.14838308598 -1.57189584977 -1.22117502817 -2.08332784839 -2.30546205652 -0.715649458042 -4.58765841830 -0.766964991997 -3.50397204051 -2.71294564947 -2.48417633446 -2.00652888587 -1.85387807864 -2.76454708512 -2.85677872765 -2.90661665447 -3.12835397630 -2.55119161003 -2.84206595279 -3.48540660211 -2.90666121157 -2.25908075203 -2.23437715427 -1.63977469337 -1.09972198960 -1.09802983073 -1.46015927195 -1.81845869427 -1.71897326810 -0.954932229055 -1.48244389441 -1.85561542674 -4.56905628521 -4.56086927883 -3.72382152621 -3.22391679666 -3.49499170894 -3.66505800689 -3.42434576422 -3.29725847874 -2.15660878477 -2.59962048140 -8.54381268000 -3.66188610416 -1.75654490394 -1.51950366721 -2.11821510549 -1.78109606733 -1.66655288678 -1.65842202662 -1.46475955590 -1.79163016187 -2.25283265859 -1.48497837298 -1.20187340423 -2.34700843528 -3.09057148628 -2.23623230193 -1.61422318206 -2.35312781580 -2.76548657326 -1.46593171295 -1.57782075451 -2.32767852851 -2.17118645120 -2.98669393569 -2.04366000515 -2.17720168752 -2.71438404765 -2.34030680083 -2.28652919487 -2.29270501174 -2.00586745159 -1.72596284566 -1.84072720004 -1.69746539807 -1.59134123244 -1.71290234871 -2.57586808461 -1.23379023197 -1.88282469820 -1.79945751625 -1.77230121576 -3.51288371353
