# Number of parameters = 202 Objective function value = -3594.17294710553  Maximum gradient component = 0.00209524752056396
# theta[1]:
-0.0989319381073
# theta[2]:
8.50475877803
# theta[3]:
8.16177336477
# theta[4]:
8.43628784837
# theta[5]:
1.00356275388
# theta[6]:
4.00000000000
# log_rinit_devs:
 -0.00900309246377 0.0150647109063 0.112106174390 -0.0119899219300 -0.106177870902
# log_rbar_devs:
 0.708092845369 0.558296670073 0.376589495062 0.427626462412 0.295798242151 0.654561000726 0.340388912020 0.334637952271 0.401230512959 0.547272380964 0.530933919688 0.539148042277 0.650791670703 0.729265266460 0.922547557449 0.781098176381 0.787618533689 0.608945934622 0.821768420673 0.587920731978 0.573825536349 0.635348962352 0.548368812680 0.312003879608 0.399388366085 0.426724999464 0.301003065760 0.664831527961 0.180442472182 -0.0424905832922 -0.232153228429 -0.0612330301560 0.00221448903642 -0.416801927062 -0.593624414198 -0.730044304656 -0.962222384823 -1.02079619166 -1.09439235177 -1.23018549436 -1.25972806938 -1.36695429604 -1.38221704963 -1.41134667484 -1.29890364605 -1.76082024194 -1.83594512120 -1.99791506273 -1.45799316059 -0.0254287626133 1.56478022253 0.238694853784 -1.17628796528 -0.172923203291 1.43189189306 0.689020748977 -0.370949321588 0.478148182461 2.21155458551 0.384528350083 -1.38482255410 -0.350662751325 2.26136892149 -0.220889841201 -0.981858417556 -0.725584771472 0.723368276663 0.619962984605 1.65945461184 1.68584098648 0.228349019206 0.999231016323 1.32467528088 0.777914424773 2.20641758929 -0.160707939107 0.346234723414 0.146422706440 0.116203313862 -0.0208465688391 -0.416602022852 -0.494354994208 -1.43673966139 -1.88362469290 -0.920658292955 -2.88076428141 0.291382317674 -1.95723403234 -0.120106963115 -0.256092192457 0.0787766140672
# mat_params[1]:
 7.96096045051 10.4625493792
# mat_params[2]:
 7.84075430812 10.8983199864
# mat_params[3]:
 5.57131188587 8.21607500864
# log_m_devs:
 0.0491625120478 0.158470916170 -0.207633428218
# log_slx_pars[1]:
 1.64020277720 -0.231586295146
# log_ft_pars:
 -1.02411861049 -1.12502448067 -1.58441181776 -1.46883742302 -1.17982277960 -1.09222886277 -1.22417859743 -1.69455580257 -1.36861387121 -2.21389955085 -2.39741465732 -1.31821743475 -4.83019200310 -0.957268689963 -3.77365937221 -2.89718209630 -2.58114229105 -2.13330179220 -2.00260638260 -2.91962381124 -3.02147953917 -3.06173963953 -3.26469183004 -2.69554115287 -2.99041757345 -3.60018399549 -2.99398182446 -2.31654718708 -2.28379002498 -1.74548883499 -1.27979343738 -1.32704528582 -1.72021186090 -2.13000307641 -2.11303983036 -1.45986592438 -2.10214994421 -2.52486879763 -5.21887689448 -5.15775399809 -4.27687494013 -3.74290333312 -3.97005382245 -4.12787728613 -3.90010808157 -3.79160859649 -2.74896342488 -3.30230270408 -10.0502559891 -5.39075477907 -3.88738227124 -3.50034514773 -3.87540052658 -3.39126943071 -3.49685749315 -3.50534339398 -3.22637286051 -3.46130567090 -4.12758987585 -3.32657059214 -2.91002033909 -3.86479770348 -4.78463416954 -3.89354088874 -3.10631716890 -3.63559501268 -4.02396645656 -2.83148055558 -3.18758864729 -3.95240117432 -3.64657239458 -4.31782801377 -3.34782982888 -3.46316478713 -4.17414342027 -3.71188627444 -3.52103906549 -3.33912306323 -2.86039377088 -2.37835229658 -2.42618463731 -2.19976077131 -2.01994150028 -2.06872531988 -2.84864573825 -1.43657701207 -2.10691960658 -1.97884178995 -1.88720510510 -3.55113931309
