# Number of parameters = 206 Objective function value = -3635.78977172544  Maximum gradient component = 0.000178788781269902
# theta[1]:
-0.367063096031
# theta[2]:
7.35832795472
# theta[3]:
6.44478036766
# theta[4]:
6.97144757730
# theta[5]:
0.560173046826
# theta[6]:
4.00000000000
# log_rinit_devs:
 0.0576489970581 0.0163939044518 0.0826807084187 0.0222290300940 -0.178952640023
# log_rbar_devs:
 1.35966410282 1.15633003175 0.922335378062 0.963394631564 0.833850130909 1.10545276591 0.706700837095 0.584277743625 0.535761562430 0.512571294312 0.425370419628 0.364928755724 0.496213879428 0.632104366335 0.903175580731 0.843006139450 0.907319435698 0.680183374119 0.838855065561 0.622942940525 0.640934884142 0.732251502089 0.682463654820 0.496239602799 0.622686059863 0.706580439075 0.638136079237 1.02613736257 0.590471263597 0.341342534955 0.0505197572589 0.0883640921331 0.0743455012333 -0.393634434969 -0.708072457965 -1.05006719102 -1.43351753037 -1.52569399926 -1.54889199509 -1.60453949206 -1.57588837135 -1.63705435474 -1.61636757418 -1.62075358424 -1.50137677866 -2.04084030453 -2.28070262074 -2.60092913722 -2.17626090456 -0.697854474088 0.733090704743 -0.505050862984 -1.93355195306 -0.918224493287 0.659664346756 -0.0690117959551 -1.11600748042 -0.230117841154 1.43950075792 -0.372651057363 -2.12506313877 -1.01789441140 1.60070575382 -0.818934389402 -1.53564031865 -1.21676535147 0.268500048381 0.125349249833 1.16465536802 1.19469877449 -0.228971956679 0.555793204837 0.934720638114 0.459133729389 1.76332635136 -0.272798178337 0.458853502787 0.609662869816 0.985904313698 1.28360123210 0.857178073363 0.800331508446 -0.130478206836 -0.592608308684 0.370108029492 -1.74523224379 1.47410138263 -0.995716675525 0.833476640155 0.658410085231 0.521486133984
# mat_params[1]:
 6.83644922040 9.95367611203
# mat_params[2]:
 7.14515555581 10.4568515384
# mat_params[3]:
 5.11388829029 7.69501980295
# mat_params[4]:
 4.90651354149 7.27358821631
# log_m_devs:
 0.00000000000
# log_slx_pars[1]:
 0.482358925531 -4.30233981975
# log_slx_pars[2]:
 1.44429926338 -0.422274589866
# log_slx_pars[3]:
 1.61419704508 -0.380918768106
# log_ft_pars:
 -1.82427804729 -1.85783616108 -2.19737813726 -2.04375637240 -1.72041369098 -1.69057762658 -1.67683271202 -2.01424933402 -1.59112341978 -2.36026446314 -2.44729326588 -5.71301240302 -4.87544385486 -5.74906250144 -3.98073234428 -3.04360775721 -1.83349501036 -1.37141787655 -1.19605492931 -2.10205297421 -2.23404377162 -2.30544642187 -2.55742579947 -2.02471155626 -2.34875862296 -3.01667802090 -2.47469050876 -1.82171647508 -1.83284703674 -1.29255141598 -0.749948502257 -0.676871411065 -0.965308369228 -1.32725642978 -1.24947191403 -0.413688319391 -0.810813993754 -1.11832574676 -3.84220987526 -3.88494244291 -3.08545057160 -2.61311496760 -2.89769783395 -3.10459435447 -2.91515275619 -2.83837981985 -1.72907888425 -2.19544664001 -8.85375287916 -4.06064456000 -2.28348845429 -2.07142665130 -2.51482326108 -2.00761819393 -1.98830326258 -2.10849877653 -1.86161590858 -2.06756319995 -2.61608067000 -1.95808788011 -1.54385169038 -2.50142441784 -3.35160027099 -2.67481171659 -1.93036549871 -2.46741419825 -2.90625024925 -1.77184778178 -2.00180535230 -2.79730293418 -2.60236590538 -3.30135706816 -2.34266039930 -2.53533636165 -3.13033775129 -2.80182289022 -2.68792756134 -2.64760365373 -2.47956472061 -2.38339462173 -2.48852053645 -2.25160397393 -2.04691527495 -2.04634143321 -2.78602849050 -1.42371590073 -1.64780222041 -1.50218228980 -1.38187463849 -2.96765992115
