# Number of parameters = 203 Objective function value = -3571.18696171450  Maximum gradient component = 0.000830617010489444
# theta[1]:
-0.0933573965735
# theta[2]:
8.83480470065
# theta[3]:
8.17005773792
# theta[4]:
8.43673678470
# theta[5]:
0.871197613886
# theta[6]:
4.00000000000
# log_rinit_devs:
 -0.0981087975320 -0.0418603035785 0.0906870937019 0.0535011109653 -0.00421910355668
# log_rbar_devs:
 0.859039001787 0.698885509580 0.505668337213 0.516767367915 0.368469432353 0.647428849501 0.312468457651 0.250775751104 0.245682505436 0.345616598714 0.317327579427 0.311701164110 0.401685045803 0.489451972407 0.705787231144 0.652867203657 0.782038337886 0.599254038294 0.776605963208 0.563118218032 0.547377915815 0.597624278715 0.514556376237 0.298286213323 0.371453469902 0.390998010886 0.273065844481 0.585724196966 0.139471130564 -0.0828177295021 -0.277455083274 -0.146539457327 -0.105525709090 -0.496378178376 -0.673648596229 -0.812133386956 -1.02807502266 -1.08124040738 -1.14522587957 -1.26481395445 -1.28882397962 -1.38319968651 -1.39465545893 -1.42002321938 -1.32126873794 -1.75207607616 -1.82267285737 -1.97533913421 -1.43375055291 0.00278145031751 1.60616780378 0.268057395760 -1.16091623431 -0.149954437116 1.46952085931 0.721713065923 -0.334320046393 0.513882165628 2.25053897911 0.422842523374 -1.35607302102 -0.309184593360 2.31009348213 -0.185555413931 -0.940548765028 -0.685620335875 0.771353252435 0.666243440098 1.71859718310 1.74706794195 0.282053240647 1.05084659222 1.38029218588 0.834139564406 2.27009658249 -0.0946658048804 0.421733088743 0.215882793846 0.173230929416 0.0156196134009 -0.390304248352 -0.471438083073 -1.37815071210 -1.80016486254 -0.815124727700 -2.75359729134 0.440909383751 -1.82999226860 -0.0159899956470 -0.190384714911 0.144789144201
# mat_params[1]:
 7.72288415490 10.6553131398
# mat_params[2]:
 5.56355242607 8.14324512135
# mat_params[3]:
 5.91115502148 8.81457352711
# log_m_devs:
 -0.0270082216889 0.0547212854608 0.174275964533 -0.201989028305
# log_slx_pars[1]:
 1.62605660860 -0.246454347909
# log_ft_pars:
 -1.50260988674 -1.56384648016 -1.99386036547 -1.85238042466 -1.54731194160 -1.41138669029 -1.49811264787 -1.92158712482 -1.54523811009 -2.31998084628 -2.44378568826 -3.24113328789 -4.86321447934 -2.02829787858 -3.78714373640 -2.89062852613 -2.59909995419 -2.13680312610 -2.00199375806 -2.91783792278 -3.01687741996 -3.05451374928 -3.25649592186 -2.68695284553 -2.98239037560 -3.59349183161 -2.98755783396 -2.30042447444 -2.26032378644 -1.71253749620 -1.23871433887 -1.28073500416 -1.66476910057 -2.06642138121 -2.04084377426 -1.38076011100 -2.02449546944 -2.45496833941 -5.16084513433 -5.11291161230 -4.24415793479 -3.72196348155 -3.96291390943 -4.12884402486 -3.90189673967 -3.79899545730 -2.76212823283 -3.32128513769 -10.0831469412 -5.44596977630 -3.97290247253 -3.57479520381 -3.92509535255 -3.41417706464 -3.54595521593 -3.56205429614 -3.27260958789 -3.49547149434 -4.19037990709 -3.39009270015 -2.95273828517 -3.88170010032 -4.84443124330 -3.96422537534 -3.15943782557 -3.65688766893 -4.05354699894 -2.88496954169 -3.27022696193 -4.04105307615 -3.72390582624 -4.37923076518 -3.40830145600 -3.52497385581 -4.25635923779 -3.79008848624 -3.58674129655 -3.38781816100 -2.90807920498 -2.42968381548 -2.48664715757 -2.25766607493 -2.07135927521 -2.11677616513 -2.90005647679 -1.50722331826 -2.24275959512 -2.14866916500 -2.06479796096 -3.70958676709
