# Number of parameters = 204 Objective function value = -3538.45910635406  Maximum gradient component = 3.14066659430894e-005
# theta[1]:
0.0898174143949
# theta[2]:
9.63293083594
# theta[3]:
9.26674610994
# theta[4]:
9.59149481551
# theta[5]:
0.550122997165
# theta[6]:
4.00000000000
# log_rinit_devs:
 -0.122657269596 -0.0737591099848 0.0844219509296 0.0440175512075 0.0679768774439
# log_rbar_devs:
 0.617097060063 0.459190258062 0.259529850062 0.339979365519 0.223366544545 0.631648486076 0.289013170177 0.264990629161 0.301054926982 0.432196592241 0.386280166308 0.354037320471 0.443197504709 0.538478686588 0.803408119479 0.754750745612 0.946667890841 0.731028382647 0.950798579851 0.674730531005 0.636702296112 0.682438425487 0.566202957484 0.280549088881 0.350926829904 0.358318059908 0.209282551577 0.602416965008 0.0989546150547 -0.0991218755082 -0.251887366521 -0.0167919402194 0.0806004477999 -0.349186043825 -0.506115821444 -0.625328986631 -0.873713139807 -0.952794522903 -1.05516852547 -1.23017727166 -1.28104841859 -1.42106097709 -1.45765635002 -1.50595186305 -1.40411854982 -1.94355584717 -2.06266268054 -2.28355513311 -1.81123620396 -0.346723906987 1.27796713692 -0.0861105114921 -1.45405877605 -0.459857255995 1.12531138990 0.402347161291 -0.634940354953 0.199011410441 1.88956078798 0.136343372733 -1.55968970197 -0.591702931650 1.93749827409 -0.445174529528 -1.19918385143 -0.945452801417 0.469831724669 0.384818654280 1.40615465866 1.43238441214 0.0183346450664 0.780626464269 1.09698486197 0.598408579928 1.88409568759 -0.309182723903 0.266356696354 0.277267407539 0.554910971791 0.807706556735 0.398985320193 0.357806240893 -0.596617921033 -1.04553059379 -0.0739482345343 -2.08966062969 1.15863334511 -1.21537799162 0.515891671898 0.232789084773 0.306480668541
# mat_params[1]:
 8.33939948181 11.1596870803
# mat_params[2]:
 6.77413964106 9.08325076338
# mat_params[3]:
 6.97172076395 9.43675772640
# log_m_devs:
 -0.0855656701296 0.0303615787508 0.0552040913788
# log_slx_pars[1]:
 1.71176509665 -0.214079751222
# log_slx_pars[2]:
 1.87071833396 -0.338205806902
# log_ft_pars:
 -1.77633719890 -1.87091701670 -2.32601291601 -2.21249662658 -1.94151753498 -1.87171253055 -2.01529499674 -2.48600464661 -2.15567800151 -2.96417266638 -3.09554406327 -3.02034663034 -5.49153238721 -1.75036263987 -4.40677748147 -3.52496338704 -3.26680013519 -2.79355974500 -2.66700379633 -3.57117959446 -3.64373496572 -3.65949111803 -3.83283398853 -3.23034425827 -3.49915456857 -4.07999788832 -3.44294964798 -2.76862490647 -2.72539681275 -2.18600450685 -1.74900103341 -1.85217682799 -2.29356064700 -2.71490305133 -2.70346692265 -2.07830611512 -2.73437498193 -3.14192305965 -5.80267583068 -5.70258456305 -4.78993829684 -4.22721811469 -4.43178416630 -4.56394639541 -4.30979776291 -4.17038339028 -3.10300880905 -3.61290278840 -10.3116773827 -5.72627321608 -4.28096844883 -3.87631937145 -4.27477132622 -3.83678368268 -3.92641286294 -3.90323687302 -3.63095655344 -3.90113255856 -4.53941735047 -3.71097410082 -3.31435037291 -4.32373903299 -5.20824605252 -4.26797158121 -3.49679875162 -4.09010453471 -4.49698012179 -3.28443904622 -3.63600694001 -4.39470804129 -4.09188055941 -4.79176393459 -3.83468464484 -3.94997974216 -4.61963582454 -4.13362919927 -3.96439946235 -3.86751963979 -3.53555267325 -2.38036482790 -2.28876838522 -2.06045225278 -1.92166847942 -2.01854202929 -2.81533818371 -1.38404609259 -1.99825741835 -1.78722055833 -1.65998761791 -3.32150950175
