# Number of parameters = 205 Objective function value = -3615.91766744675  Maximum gradient component = 0.000353608247395100
# theta[1]:
-0.124636894490
# theta[2]:
7.50993231106
# theta[3]:
8.34798193035
# theta[4]:
8.65675825584
# theta[5]:
0.915900847616
# theta[6]:
4.00000000000
# log_rinit_devs:
 0.191830384840 0.116006163456 0.123603763543 -0.0925159151581 -0.338924396682
# log_rbar_devs:
 -0.146238564377 -0.283873282390 -0.439374959684 -0.245690992241 -0.288663590348 0.252471419481 -0.0247345761785 0.0716389036557 0.232610049803 0.466273958997 0.450694734245 0.389964638044 0.383779032662 0.481905900917 0.723156277106 0.795126647322 1.13335323819 0.897259887970 1.15490222916 0.855927985807 0.838054073004 0.915759674137 0.811897531843 0.519849720587 0.634051060771 0.675640539273 0.532851252157 1.01660455611 0.443062350372 0.215005901572 0.0305338287248 0.293643288083 0.401993382345 -0.0944222153425 -0.282604612927 -0.425570762227 -0.703175487322 -0.779663583670 -0.881755072097 -1.06429316197 -1.11123569041 -1.25804716147 -1.28915390480 -1.33426595601 -1.20176327806 -1.78849273722 -1.91402767126 -2.13446366869 -1.63109908237 -0.155106912798 1.43122181340 0.0668546898529 -1.30567091538 -0.306461555359 1.28338686229 0.552486359816 -0.504776459883 0.340711810445 2.04771169832 0.258870840801 -1.43482094705 -0.466879706473 2.10644582517 -0.314013341894 -1.07498841616 -0.807904048545 0.617300754936 0.523027100891 1.54727979566 1.57238882648 0.141186942840 0.919834794790 1.23842359563 0.721932637040 2.09847448823 -0.177835961751 0.336311429870 0.187862158824 0.209304527753 0.115831456923 -0.273155593605 -0.342352946636 -1.25177775024 -1.67355582283 -0.692694216318 -2.60782983349 0.599330561541 -1.75585389743 -0.0139753726818 -0.256219276978 0.204291952700
# mat_params[1]:
 7.91932195040 10.6471653528
# mat_params[2]:
 7.78140246669 10.6887427650
# mat_params[3]:
 5.93321014906 8.61390247877
# log_m_devs:
 -0.109821271502 0.176883802848 -0.114953059397 0.0478905280515
# log_slx_pars[1]:
 1.42052844868 0.111723315463
# log_slx_pars[2]:
 1.68837194958 -0.289024832295
# log_ft_pars:
 -1.16661317302 -1.32294172671 -1.78659631276 -1.73871372139 -1.54025725437 -1.66642109043 -1.88884855648 -2.43182270533 -2.21597414224 -3.18965617547 -3.42826929440 -0.504345250854 -5.67628328759 -0.333328383790 -4.57530864574 -3.81881208643 -2.70385361062 -2.22974513215 -2.09467742398 -2.99920784867 -3.08767750096 -3.11391958148 -3.30140201356 -2.72299995546 -3.00612569754 -3.60053032685 -2.98833292771 -2.33741501644 -2.32473153361 -1.81630010585 -1.37219343674 -1.42300144582 -1.82899689496 -2.25412050433 -2.25206177386 -1.60657060633 -2.22074604260 -2.60931562411 -5.26065937492 -5.16053275083 -4.24520483481 -3.67760382137 -3.86845201614 -3.99947793570 -3.75423608082 -3.62613359043 -2.55624471516 -3.06069128087 -9.73560975434 -5.06065391009 -3.51445457346 -3.21453420888 -3.71404790222 -3.29865593404 -3.26927863784 -3.26217873779 -3.05039284763 -3.32652490282 -3.85191629721 -3.07139733876 -2.75606814090 -3.79770380067 -4.54462815849 -3.64326331037 -2.95445080889 -3.58821470350 -3.92606206797 -2.66032448080 -2.94240301457 -3.71070705182 -3.47528512010 -4.20825679797 -3.22672387086 -3.34451373647 -3.97996575774 -3.55788933850 -3.43739445212 -3.32592286509 -2.87249594065 -2.41621196046 -2.45692900296 -2.24285692941 -2.07900434948 -2.15200901589 -2.94423929223 -1.54212328312 -2.20701475930 -1.96793536116 -1.78783855400 -3.35043289913
