# Number of parameters = 204 Objective function value = -3569.69380923548  Maximum gradient component = 0.000159875100744710
# theta[1]:
-0.0961331274384
# theta[2]:
9.18374462281
# theta[3]:
8.12021480439
# theta[4]:
8.40827801732
# theta[5]:
0.773808799608
# theta[6]:
4.00000000000
# log_rinit_devs:
 -0.172395586259 -0.0893194869737 0.0758083223659 0.0821924183260 0.103714332541
# log_rbar_devs:
 1.15811146739 0.978395546360 0.761204597063 0.737705143822 0.568475838596 0.835119508142 0.464087255774 0.368605257990 0.326680657846 0.391632087235 0.334941652852 0.316324807947 0.401304349707 0.473001953501 0.654206636995 0.544245496177 0.614298174477 0.436951048697 0.625780230286 0.419179645111 0.411774558830 0.469565396096 0.391049803535 0.177841695622 0.256267419633 0.279972174665 0.163899584268 0.479328821195 0.0293310925809 -0.199828888387 -0.402489039747 -0.274475788763 -0.232966193503 -0.626547215340 -0.805844999865 -0.944336720117 -1.15665404337 -1.19911877955 -1.25096964719 -1.35857040943 -1.36990029720 -1.45320359150 -1.45300622526 -1.46804687477 -1.35609845356 -1.77666806126 -1.83347659999 -1.97220897550 -1.41816233412 0.0152940321142 1.61652476355 0.278081372105 -1.14976443578 -0.140301951444 1.47754165376 0.729840761836 -0.327648929638 0.522258220130 2.25766792974 0.431073476464 -1.34535812959 -0.298724616480 2.32058251693 -0.172856370737 -0.927781674429 -0.670143103032 0.787092208853 0.681730099399 1.73427849969 1.76199939040 0.296832736511 1.06647704669 1.39601223183 0.851719179371 2.28289134975 -0.0736928655909 0.444406013706 0.246383029034 0.212764571419 0.0660582993533 -0.343489730947 -0.427231821447 -1.34012169008 -1.76172865746 -0.757835468156 -2.68836544147 0.581518181573 -1.65725143953 0.210285809680 0.0878625772777 0.208411610670
# mat_params[1]:
 7.72485567237 10.6843289723
# mat_params[2]:
 5.53994986136 8.10326265573
# mat_params[3]:
 5.94480405793 8.69095474331
# log_m_devs:
 0.0280876455187 0.168046916981 -0.196134562500
# log_slx_pars[1]:
 1.61505012800 -0.243858410077
# log_slx_pars[2]:
 1.70492775042 -0.383364402462
# log_ft_pars:
 -1.76076613884 -1.80718956465 -2.21224422127 -2.04135536201 -1.71146564915 -1.55737952446 -1.62021844081 -2.00990240082 -1.60052348714 -2.33541070474 -2.42260851097 -6.06785831269 -4.79343999937 -5.76212212782 -3.71457687580 -2.77341962752 -2.43051451187 -1.98418892521 -1.86072941946 -2.78676966873 -2.89850232387 -2.94695823506 -3.15873482208 -2.59547482057 -2.89650905316 -3.51404391747 -2.91233190823 -2.22492272964 -2.18584720133 -1.63321371404 -1.14698382154 -1.17849673006 -1.55987137501 -1.96341888617 -1.93884401140 -1.27210005538 -1.91546411451 -2.35322390460 -5.07226014490 -5.03801710381 -4.18209804783 -3.67204732554 -3.92544345725 -4.10307335096 -3.88802149762 -3.79670365975 -2.77067549366 -3.34230719697 -10.1179062707 -5.47887773657 -4.00500630786 -3.60287088107 -3.94348738941 -3.42661001136 -3.56787178042 -3.58579819300 -3.29031027937 -3.50933034066 -4.21290697650 -3.41275370842 -2.96663632513 -3.88887942672 -4.86742192642 -3.99063839090 -3.17716838432 -3.66649195766 -4.07267441935 -2.91289540924 -3.30187095573 -4.07241734241 -3.75077384721 -4.40122899875 -3.43234025779 -3.55113168608 -4.28486523004 -3.81699048092 -3.60820427871 -3.40746017047 -2.93577225693 -2.46785285249 -2.52111910648 -2.28516018124 -2.09139445116 -2.12930008148 -2.90951760615 -1.51962324343 -1.82867893863 -1.72444540361 -1.72819214238 -3.46624623086
