# Number of parameters = 209 Objective function value = -3701.03402097927  Maximum gradient component = 6.10796865925851e-005
# theta[1]:
-0.114617635173
# theta[2]:
7.75933946846
# theta[3]:
7.98580207504
# theta[4]:
8.33293561834
# theta[5]:
1.21483507365
# theta[6]:
4.00000000000
# log_rinit_devs:
 0.125217791592 0.0797164351228 0.108471184840 -0.0621711445624 -0.251234266993
# log_rbar_devs:
 0.323084567998 0.175518803690 0.00806210197565 0.141146864055 0.0629837443037 0.503012690339 0.211054366295 0.253656982617 0.361870151199 0.539782119159 0.501665004668 0.412957604256 0.385827005950 0.458363797474 0.674789906774 0.756976717487 1.07602517590 0.862956086574 1.09999414328 0.858379952767 0.854899936045 0.932762776366 0.849943690295 0.601997317533 0.711398434856 0.756927872699 0.638695152384 1.04816120120 0.528122865018 0.286507551513 0.0886817460158 0.303729824943 0.393884722528 -0.0528562406747 -0.228534106294 -0.351646725662 -0.574178494870 -0.599730940858 -0.644896373908 -0.770689688678 -0.774806785256 -0.885646720780 -0.895053366477 -0.914465781043 -0.812328850889 -1.41782125056 -1.64831479018 -2.00663620303 -1.73439111256 -0.330533537512 1.19732973312 -0.0567746753704 -1.46966565445 -0.468871201755 1.11552054081 0.388398698237 -0.667061127886 0.182776885611 1.90469625866 0.0811824267208 -1.68155830191 -0.640661637790 1.96353304410 -0.500371891302 -1.26187771667 -1.00378593274 0.438788451228 0.327999047652 1.34442216762 1.36930002484 -0.0692965161901 0.703565196398 1.03065895747 0.496971523690 1.90720326603 -0.413849929977 0.138977442581 -0.0123918943518 0.0311962213228 -0.0221819124654 -0.414276813321 -0.472880066894 -1.40214785866 -1.84190291213 -0.867656095774 -2.82887410414 0.363474021225 -1.87356756884 0.0102261424622 -0.0996568496398 0.0518007035485
# mat_params[1]:
 7.95677673862 10.6487576487
# mat_params[2]:
 8.07381345968 10.7045819179
# mat_params[3]:
 7.44897553190 10.6690670488
# mat_params[4]:
 5.46755846348 8.04648268057
# log_m_devs:
 -0.0541930957391 0.179541005749 0.111629448251 -0.236977358260
# log_slx_pars[1]:
 1.44302292485 0.116949453205
# log_slx_pars[2]:
 1.68570290281 -0.275463899700
# log_slx_pars[3]:
 1.65794662649 -0.305109400518
# log_ft_pars:
 -1.23683342880 -1.36341439425 -1.79875135179 -1.71212571969 -1.47102079134 -1.52632388221 -1.69337448779 -2.18503602114 -1.91696819491 -2.84004611118 -3.03980675038 -0.667965090766 -5.26825552268 -0.287340037900 -4.09187053692 -3.31596760241 -2.20755686629 -1.74643484260 -1.62636506867 -2.54870357802 -2.65985862830 -2.70885300921 -2.91981337569 -2.35400853449 -2.65544631245 -3.27386806068 -2.67731022650 -2.02280214817 -2.00442191650 -1.47429298042 -0.998353111986 -1.03165453978 -1.43855031478 -1.86382638609 -1.85933067495 -1.20574221000 -1.83546267252 -2.26911858069 -4.98266120194 -4.94311883933 -4.08554875864 -3.57043025345 -3.81508027013 -3.98297103589 -3.75608028684 -3.63936756178 -2.55462224369 -3.02140386807 -9.60222745099 -4.76781689610 -3.03856519043 -2.74935013116 -3.26777098732 -2.88136353580 -2.84662953926 -2.84488264186 -2.64272499211 -2.93099702036 -3.44485671420 -2.67002364530 -2.36932946008 -3.43002827280 -4.15638258412 -3.25305789555 -2.57569429404 -3.22872372347 -3.56370527009 -2.26939185599 -2.49770975691 -3.25449852203 -3.03159807698 -3.77682838824 -2.79856077995 -2.91217833688 -3.53058882529 -3.12175125540 -3.01609732974 -2.92098567815 -2.47688637564 -2.09248792007 -2.16717686506 -1.98364294654 -1.84427192333 -1.92697659469 -2.73017887538 -1.32635854602 -1.91244287676 -1.79280732413 -1.73740565294 -3.43592371596
