# Number of parameters = 206 Objective function value = -3571.25065858897  Maximum gradient component = 5.73741644704539e-005
# theta[1]:
-0.0823939609422
# theta[2]:
9.21517381522
# theta[3]:
8.16600108384
# theta[4]:
8.46023388242
# theta[5]:
0.713890164660
# theta[6]:
4.00000000000
# log_rinit_devs:
 -0.175075480368 -0.0914616809995 0.0754169567597 0.0825088299472 0.108611374661
# log_rbar_devs:
 1.14380933477 0.962700696911 0.744033072005 0.723752036315 0.555483758641 0.828303321118 0.456466994353 0.362765529741 0.322217588382 0.387984859401 0.329093459827 0.307729711394 0.391040344250 0.461432147670 0.643563021683 0.532604715086 0.604742621975 0.426663631885 0.617926253559 0.408124433874 0.399302953117 0.456430831012 0.375541160528 0.158197163343 0.235468510446 0.257687760284 0.139444614712 0.458193542319 0.00577318980679 -0.221789263095 -0.422223574262 -0.289224250180 -0.244223397539 -0.638363167937 -0.815249232185 -0.951821078790 -1.16553987277 -1.20930689053 -1.26311399326 -1.37328983286 -1.38590396096 -1.47125362035 -1.47208927993 -1.48800657564 -1.37518395111 -1.80003238553 -1.85838048562 -1.99948761519 -1.44721850769 -0.0132942958184 1.58860606625 0.250308521787 -1.17493304868 -0.166222865054 1.45012214468 0.703528620491 -0.353778016511 0.496533318524 2.23039162305 0.406704755724 -1.36668669089 -0.322430635526 2.29356754335 -0.195361015312 -0.950353133105 -0.692076678286 0.763828845119 0.659163572307 1.71042163124 1.73779589259 0.274233165777 1.04380888280 1.37308635064 0.831751361159 2.24974579146 -0.0961386052005 0.434640714942 0.263625171916 0.272562714487 0.178092410741 -0.235137851055 -0.309404740562 -1.20620857580 -1.62042493497 -0.616247083441 -2.54575545757 0.709425413855 -1.53770363128 0.306545914459 0.149709506007 0.219181002725
# mat_params[1]:
 7.74649147218 10.7094078437
# mat_params[2]:
 5.72591841172 8.29455004400
# mat_params[3]:
 6.17720512131 9.02227559362
# log_m_devs:
 0.0180221143686 0.154526354541 -0.172548468909
# log_slx_pars[1]:
 1.61178688645 -0.242633158494
# log_slx_pars[2]:
 1.70052373437 -0.247354925342
# log_slx_pars[3]:
 1.71767350785 -0.376418911335
# log_ft_pars:
 -1.79628341749 -1.84418255698 -2.24907069474 -2.07743359691 -1.74792403776 -1.59728204510 -1.66309354623 -2.05446402783 -1.64624386013 -2.38336214287 -2.47075731627 -6.04071565201 -4.83797186120 -5.71763447113 -3.75636683153 -2.81450548701 -2.47164122420 -2.02543453264 -1.90351625567 -2.83012530318 -2.94049603038 -2.98756815743 -3.19775826131 -2.63215965560 -2.93094122449 -3.54632669849 -2.94239586746 -2.25477030643 -2.21503418298 -1.66122120306 -1.17508392615 -1.21044802444 -1.59669248892 -2.00240196358 -1.97834845831 -1.31377016402 -1.95977874569 -2.39726022904 -5.11430111084 -5.07750797608 -4.21944212505 -3.70750938261 -3.95981631507 -4.13580101916 -3.91911826246 -3.82654199313 -2.79946820803 -3.36884208602 -10.1436117383 -5.51148254067 -4.04288271803 -3.63747921271 -3.97270604352 -3.45349147048 -3.60173246763 -3.62011419307 -3.32150933265 -3.53939759139 -4.24858205266 -3.44729357010 -2.99653007975 -3.91564834588 -4.90241386922 -4.02542656109 -3.20722399277 -3.69270818891 -4.10420172896 -2.94917668778 -3.34117828056 -4.11111921574 -3.78626157940 -4.43431534470 -3.46686947544 -3.58669946708 -4.31895550405 -3.84755933164 -3.63607700637 -3.43927547821 -2.98588062841 -2.25708606393 -2.30370658914 -2.09605541190 -1.93578199785 -2.00809772709 -2.80926718788 -1.41497615105 -1.89535292078 -1.79446619773 -1.78950534640 -3.52038257021
