# Number of parameters = 207 Objective function value = -3704.59605055194  Maximum gradient component = 0.000232541126396807
# theta[1]:
-0.263394922737
# theta[2]:
7.15925663952
# theta[3]:
7.50978816232
# theta[4]:
7.88192623046
# theta[5]:
1.12936145415
# theta[6]:
4.00000000000
# log_rinit_devs:
 0.249286503993 0.155665529012 0.119632965359 -0.0967189575306 -0.427866040834
# log_rbar_devs:
 0.319443302840 0.160784247683 -0.00300638851973 0.124552784830 0.0459797434933 0.440460736363 0.156694638222 0.200365066631 0.316241446918 0.510723202496 0.512017612684 0.448540093217 0.397193379965 0.475306732709 0.625861228473 0.726044503023 1.02421288624 0.816242432156 1.02886822866 0.805731693068 0.808355760909 0.886020115786 0.812892593169 0.590213342921 0.700558117926 0.751246294514 0.645359923986 1.02866722633 0.534473936068 0.279395673758 0.0497982284608 0.204900421750 0.259811511475 -0.187215928473 -0.396666395993 -0.555869543470 -0.785950927729 -0.809939947602 -0.842607694320 -0.946267088288 -0.941874848466 -1.03540449405 -1.03717546539 -1.05663364705 -0.963419607532 -1.53291729111 -1.73927950558 -2.04317973423 -1.68076635974 -0.273908203307 1.23291031491 -0.0223163343639 -1.45371237726 -0.447674661915 1.15002651055 0.413048796884 -0.649007755054 0.212283388282 1.93994221086 0.0971751956818 -1.67429497901 -0.613223752754 2.01857170908 -0.474063195890 -1.22772645773 -0.957795861274 0.504456715949 0.378845028458 1.40855786369 1.43660134743 -0.0172222838920 0.761433532842 1.09853394339 0.560535280442 1.98724894398 -0.331930268210 0.252137875263 0.105687035608 0.131987593387 0.0306776088853 -0.361639860468 -0.406252770338 -1.25094471363 -1.63695048030 -0.618005770647 -2.50754751971 0.756767145278 -1.68773044531 0.0867814996715 -0.182447107902 0.101403019274
# mat_params[1]:
 7.75196358004 10.5789944338
# mat_params[2]:
 7.94886733649 10.7908412791
# mat_params[3]:
 6.81552176352 9.86097249607
# mat_params[4]:
 5.14553973888 7.60560716065
# log_m_devs:
 -0.0487038489439 0.221155076786 -0.236102252108 0.0636510242652
# log_slx_pars[1]:
 1.28823533643 0.00853845441763
# log_slx_pars[2]:
 1.62353367450 -0.306960265200
# log_ft_pars:
 -1.08437434707 -1.19049247865 -1.62046684029 -1.53627431292 -1.29110106766 -1.32261562784 -1.47953943639 -1.97384975469 -1.71533881997 -2.66048720826 -2.89698609260 -0.534708099044 -5.11630335836 -0.264276954982 -3.91655718647 -3.16339358070 -2.10721382400 -1.64465196514 -1.50866156608 -2.42771748684 -2.54610561364 -2.59966387364 -2.82079465552 -2.26646325988 -2.57471917310 -3.20408868043 -2.62126649772 -1.95915112534 -1.94501988360 -1.41179355990 -0.912889334309 -0.909266808508 -1.27589666418 -1.68262874473 -1.65904554857 -0.963299332930 -1.55812706661 -1.98451347869 -4.71143659711 -4.69398056497 -3.85288467913 -3.35204782860 -3.60920229522 -3.78774896637 -3.56855628262 -3.46340211631 -2.38081423251 -2.86115802106 -9.48189445961 -4.64887048531 -2.92706555574 -2.64966836899 -3.13617098846 -2.68876543334 -2.66483056653 -2.70271925128 -2.49389837141 -2.74396232750 -3.28094397621 -2.53986154349 -2.21286226244 -3.21425674005 -3.97996628045 -3.14325590715 -2.45172781778 -3.03454258453 -3.36785109787 -2.12619335923 -2.38809051542 -3.15620571338 -2.93016404254 -3.64532612103 -2.65814516265 -2.78448318830 -3.42134765164 -3.02863052556 -2.91179469895 -2.78100880656 -2.34611880731 -1.90452855127 -2.02105999141 -1.86229697609 -1.74187550245 -1.84927672716 -2.69655810299 -1.35219035143 -2.01956278551 -1.76092334183 -1.53353447745 -3.05661646573
