# Number of parameters = 201 Objective function value = -3552.45853456466  Maximum gradient component = 0.000782787556632847
# theta[1]:
-0.133490488998
# theta[2]:
8.88441602791
# theta[3]:
7.97883527074
# theta[4]:
8.32811693546
# theta[5]:
0.419511685628
# theta[6]:
4.00000000000
# log_rinit_devs:
 -0.141060918488 -0.0980702539731 0.0602202194097 0.0408012349288 0.138109718123
# log_rbar_devs:
 1.15135526056 0.951491332794 0.714679050771 0.770466528118 0.625571475739 1.04163175299 0.634984921902 0.579744871871 0.581372907725 0.690654888318 0.629713720925 0.616354745930 0.738961029750 0.827200602505 1.05323300887 0.893706614479 0.974842501829 0.752129825158 1.01051331312 0.730705247610 0.719860136507 0.799220423865 0.698398551737 0.418187312652 0.527500100638 0.563801838579 0.415206455036 0.869431668388 0.293608153628 0.0387717516973 -0.183881515148 0.0184908839955 0.0848071824620 -0.427023770335 -0.655446963764 -0.838844142972 -1.13453833386 -1.22166757264 -1.32739102525 -1.50532293563 -1.56089239776 -1.70461993000 -1.73810066201 -1.78586703874 -1.66345115846 -2.23923092098 -2.37577095173 -2.59526175850 -2.09195198193 -0.627862530267 0.923452156137 -0.418722999532 -1.79530609303 -0.788654913128 0.785822890746 0.0726900970512 -0.971629418798 -0.117566622597 1.54584967987 -0.207431589194 -1.87785375389 -0.887953366727 1.65904398918 -0.719922880952 -1.46058375933 -1.17439894498 0.254859604900 0.153039315503 1.17322606860 1.20008805911 -0.208527162680 0.574885270293 0.918104250332 0.445211783867 1.71988723324 -0.353706539167 0.300498773590 0.376736311038 0.667734400499 0.847819749865 0.457719624029 0.421211031251 -0.390790945469 -0.769324011794 0.218973922678 -1.64183474949 1.57589181800 -0.615797952860 1.14166133685 0.879204187367 0.346921679424
# mat_params[1]:
 7.44643260507 10.1258187678
# mat_params[2]:
 7.10082231857 10.1033718164
# log_m_devs:
 0.0711029199848 -0.0711029199848
# log_slx_pars[1]:
 1.36117493300 0.0119933515259
# log_slx_pars[2]:
 1.63007660897 -0.304968087461
# log_ft_pars:
 -2.20679935907 -2.30050317220 -2.67641227516 -2.51220724786 -2.20507168200 -2.20709944781 -2.29813222567 -2.68812229808 -2.31139811626 -3.12905427770 -3.25011694157 -6.07235452857 -5.65376238589 -6.28967899431 -4.67409448287 -3.72017387068 -2.56661038956 -2.12431990830 -2.00248780870 -2.91832408994 -3.02362689807 -3.06021763720 -3.25911606436 -2.69173273558 -2.97712402953 -3.57351356016 -2.96428410800 -2.29408292806 -2.27282907451 -1.74992251209 -1.27413792989 -1.28016041659 -1.63751389996 -2.03364556704 -2.00330232637 -1.31083788103 -1.88697046490 -2.25747206850 -4.90727473570 -4.81258597993 -3.89650362565 -3.32468903070 -3.50898946285 -3.63716028120 -3.39066569608 -3.26185385247 -2.17787630177 -2.67225276367 -9.34766057253 -4.63876549603 -3.02913953975 -2.77606006369 -3.29167629303 -2.86034299469 -2.80622388039 -2.83109891919 -2.63178612766 -2.89876596258 -3.39300316358 -2.64649325807 -2.33520914008 -3.36980650272 -4.11404825736 -3.27090117030 -2.59774375913 -3.21890913439 -3.57936084529 -2.34919380525 -2.61568482799 -3.38901493015 -3.17841792967 -3.91504999841 -2.93826847064 -3.08766135434 -3.69460837747 -3.29781499506 -3.20267714836 -3.14927178437 -2.87297170380 -2.66981090115 -2.81348901056 -2.65049557659 -2.51296530950 -2.60575900672 -3.41928152247 -2.08203322500 -2.93379297580 -2.90197230245 -2.86280635910 -4.49387465196
