# Number of parameters = 201 Objective function value = -3515.40526517712  Maximum gradient component = 0.000653711889704977
# theta[1]:
0.0432664623920
# theta[2]:
9.51965534375
# theta[3]:
9.04895616756
# theta[4]:
9.37343203931
# theta[5]:
0.597241697022
# theta[6]:
4.00000000000
# log_rinit_devs:
 -0.126164841822 -0.0728426598997 0.0855076701436 0.0513244542736 0.0621753773041
# log_rbar_devs:
 0.696578228192 0.537205451557 0.337060932448 0.397841657958 0.273696141761 0.649441869806 0.311760221097 0.280305701509 0.308877522349 0.435137422302 0.397628610273 0.377578476603 0.473050003655 0.571267879643 0.825766486728 0.777776352087 0.957369025507 0.749163886803 0.957134703228 0.695646048424 0.661313629864 0.706405694494 0.597844132748 0.328989835144 0.399411386468 0.407971645783 0.264544819887 0.635165598548 0.143649965507 -0.0601791086294 -0.219883465572 -0.00799066089911 0.0747818576074 -0.346025730734 -0.507042616098 -0.629218880056 -0.868801848360 -0.943965502164 -1.04078958566 -1.20662560098 -1.25531695176 -1.38831937672 -1.42334594932 -1.47153656797 -1.37898169475 -1.90203084143 -2.01963515287 -2.23701872083 -1.77072392210 -0.309323780499 1.31654936974 -0.0499152944808 -1.42417135965 -0.425452023951 1.16022445731 0.439629176331 -0.591908515511 0.238083248295 1.91930403259 0.171476706888 -1.52328828546 -0.552483132673 1.97020758101 -0.408662300305 -1.15826065272 -0.905748189200 0.509963945616 0.424187756371 1.44791912930 1.47382620464 0.0656059195718 0.826555251963 1.14997700446 0.659469597323 1.96723861902 -0.203864204138 0.370112599991 0.352831031175 0.583066633766 0.784120694002 0.362656119846 0.295568788548 -0.729783988419 -1.23110217094 -0.306299611781 -2.40571762507 0.744596406151 -1.67584195298 0.0439266936537 -0.225874333706 0.297667442823
# mat_params[1]:
 8.24026253670 11.0884658060
# mat_params[2]:
 6.56213231570 8.93389785497
# mat_params[3]:
 6.46145473416 8.94868537478
# log_m_devs:
 -0.0568085947395 0.0568085947395
# log_slx_pars[1]:
 1.72014443266 -0.219826244419
# log_ft_pars:
 -1.65582214962 -1.73605721384 -2.18453428674 -2.06635228264 -1.78747173660 -1.69571285111 -1.82376046948 -2.28574995984 -1.94936867125 -2.75022721378 -2.87896439164 -3.42015343674 -5.28910643512 -1.98030022385 -4.21490814694 -3.32822983452 -3.06349135068 -2.59138904054 -2.46005054669 -3.36501142161 -3.44231569301 -3.46203305014 -3.63976414288 -3.04541646701 -3.32127274495 -3.90738810958 -3.27520082018 -2.59342768874 -2.54972324431 -2.01232583988 -1.57461472713 -1.66279078578 -2.08467659967 -2.49971853270 -2.48907933769 -1.86280150023 -2.51707596276 -2.92820511703 -5.59529290697 -5.50300050993 -4.59637387983 -4.03917599986 -4.24488083236 -4.38090291925 -4.13016763055 -3.99330022307 -2.92686110727 -3.44364196515 -10.1388355705 -5.51812902558 -4.04384739836 -3.66297136786 -4.09426247109 -3.67735905033 -3.73110415124 -3.70369863472 -3.44695398902 -3.72885106523 -4.32945808684 -3.50706323579 -3.13452033176 -4.16878211375 -5.00913182811 -4.06693085658 -3.31797581625 -3.94080971307 -4.33709395122 -3.10205659360 -3.42755028775 -4.18801072448 -3.90557623003 -4.62259755390 -3.66554206482 -3.78403790609 -4.44711277839 -3.98171977283 -3.83593009203 -3.75633121846 -3.41170176039 -3.13887209915 -3.10482521130 -2.81576575463 -2.56628127502 -2.53961916517 -3.25322008015 -1.78053792176 -2.62589632296 -2.39843725328 -2.21158060600 -3.73589094519
