# Number of parameters = 94 Objective function value = -45.1137130238960  Maximum gradient component = 8.70968046929597e-005
# theta[1]:
-0.506302731410
# theta[2]:
3.77377942789
# theta[3]:
5.79624636567
# theta[4]:
6.06779054007
# theta[5]:
0.931418230352
# theta[6]:
4.00000000000
# log_rinit_devs:
 2.89686345257 1.89130833392 -0.0743916150850 -2.27052978751 -2.44325038389
# log_rbar_devs:
 -0.396192651552 -1.41027663061 -0.532271596534 0.791993204457 0.0739469162559 -1.27356072336 -0.164187098351 1.60039836494 -0.366230600887 -1.71020192679 -1.08149117451 1.72111804542 -0.589863112154 -1.53868412252 -1.03372411373 0.299690756849 0.0431769704978 0.655447247480 0.655405236266 -0.858234823762 0.175407622311 0.318536744574 0.0772518587480 1.20496009327 -0.471007967574 0.0332352216410 0.298003524329 0.640378355035 0.820747651530 0.675085014561 0.728794318181 -0.307436260140 -0.645302338795 0.260745954217 -1.47274127932 1.40915217207 -0.711033048887 0.877284789692 0.971785371765 0.229894035388
# mat_params[1]:
 3.50000000000 3.85000000000
# log_m_devs:
 0.116265371181 -0.232791248166 0.116525876985
# log_slx_pars[1]:
 1.61442607172 -0.187614684083
# log_ft_pars:
 -1.12790869367 -1.65219644161 -1.28365215264 -1.18198283675 -1.17546103429 -0.910305521562 -1.14020985865 -1.65740131388 -0.914291063492 -0.581299074749 -1.58617925114 -2.42191820178 -1.63240442484 -0.971508510593 -1.62603933642 -2.05741602153 -0.766337797269 -0.703984771658 -1.27454022153 -0.971614138098 -1.88894191883 -1.03609061342 -1.25875364184 -1.84762783885 -1.55793371175 -1.58303097518 -1.70081760567 -1.54698288969 -1.37510437984 -1.45596446839 -1.30304436818 -1.21924029604 -1.37443588957 -2.27348776130 -0.929514226556 -1.49515701958 -1.12239161087 -0.804540931246 -2.40932416763
