# Number of parameters = 208 Objective function value = -3639.82032384697  Maximum gradient component = 0.000150694761383883
# theta[1]:
-0.127848934552
# theta[2]:
7.53868621436
# theta[3]:
8.01832986152
# theta[4]:
8.32009226362
# theta[5]:
0.820732563888
# theta[6]:
4.00000000000
# log_rinit_devs:
 0.180623436629 0.109304277776 0.107156969770 -0.0718652360801 -0.325219448094
# log_rbar_devs:
 0.116269491624 -0.0181297709791 -0.164158218219 -0.0202461508891 -0.0769592585488 0.347235780792 0.0869041833268 0.144300084729 0.260264716769 0.448130491156 0.436281880620 0.384909043455 0.365069555422 0.441973185254 0.605973661813 0.629105741885 0.855281193592 0.656699428078 0.870872171259 0.634240404738 0.625135039182 0.691652079503 0.605347607547 0.367564609529 0.461930233370 0.492947692916 0.364885114813 0.737579316399 0.236017232808 -0.00433803900113 -0.211696090858 -0.0460733947385 0.0117322394620 -0.427511610329 -0.622403499834 -0.771590684093 -1.00921587822 -1.06302758985 -1.13117741556 -1.26378524467 -1.28799509052 -1.39226173660 -1.40168891578 -1.42599351686 -1.30391977714 -1.77592987243 -1.85021170153 -2.00737399996 -1.45214800478 -0.0117958458153 1.56892371831 0.235638197450 -1.18659386816 -0.175856715567 1.43880139473 0.691577368750 -0.373065814046 0.482148481049 2.22408847192 0.389719403493 -1.37866571623 -0.334474927690 2.29674097417 -0.198262379881 -0.957236419756 -0.692932599794 0.762552175196 0.654452275357 1.70084628419 1.72911012796 0.263345218791 1.04057428407 1.36710136823 0.825182477294 2.24197067532 -0.105643275164 0.428376582715 0.265039538817 0.279913314614 0.181775702178 -0.216504143327 -0.272128622102 -1.13934623026 -1.54261915832 -0.537208753370 -2.44833864626 0.800933345381 -1.61193887896 0.134653117574 -0.151415696375 0.180096474872
# mat_params[1]:
 7.79024668793 10.6105475781
# mat_params[2]:
 7.63903479572 10.6415462640
# mat_params[3]:
 5.73821331575 8.34335544413
# log_m_devs:
 -0.123353774116 0.0675824898280 0.182714141552 -0.176541146171 0.0495982889065
# log_slx_pars[1]:
 1.32556649627 0.0428880245224
# log_slx_pars[2]:
 1.63874180557 -0.313179102379
# log_slx_pars[3]:
 1.69841579344 -0.294245072976
# log_ft_pars:
 -1.32369913266 -1.45353152260 -1.89991184824 -1.82822459744 -1.60721204724 -1.66969035832 -1.85158053021 -2.35860136575 -2.10646591757 -3.04334347203 -3.25999540191 -0.664124395646 -5.50077724280 -0.578310439478 -4.37120704054 -3.55847285954 -2.46024531717 -2.00606758916 -1.87350692017 -2.79252643655 -2.90157948062 -2.94320366111 -3.14835139708 -2.58698350692 -2.88418177907 -3.49236177507 -2.88903857115 -2.20464978656 -2.17733636134 -1.64873061483 -1.17563907605 -1.19259679062 -1.55814230497 -1.96494314575 -1.95092408908 -1.28175612441 -1.90180437243 -2.31743732224 -5.01238271415 -4.95721593701 -4.08063140964 -3.54956045260 -3.77519965396 -3.93749172503 -3.71697627014 -3.61853397941 -2.57852989047 -3.13284736851 -9.86820365995 -5.14489529621 -3.58493787342 -3.27447912505 -3.72279358539 -3.24423242232 -3.25664647864 -3.28530240262 -3.05839178724 -3.29426803476 -3.87602275053 -3.12042486787 -2.76965076092 -3.74096062486 -4.55491717277 -3.70708965076 -2.99043264636 -3.54176788076 -3.86921271819 -2.64979324715 -2.97682657131 -3.75461984989 -3.50059199254 -4.19239106530 -3.19754556325 -3.31700321385 -3.98084464744 -3.55845454267 -3.40987913233 -3.24310614519 -2.77266434335 -2.12759313227 -2.19622498957 -2.01678841836 -1.88438551370 -1.98516325324 -2.80917272029 -1.43174528239 -2.07962577320 -1.80662106312 -1.60067571304 -3.14655724161
