# Number of parameters = 206 Objective function value = -3590.12439170524  Maximum gradient component = 0.000212023600246738
# theta[1]:
-0.239176894279
# theta[2]:
7.42111892321
# theta[3]:
7.51605328929
# theta[4]:
7.89576732880
# theta[5]:
0.439236261961
# theta[6]:
4.00000000000
# log_rinit_devs:
 0.132960004159 0.0582403707000 0.0869857769311 -0.00982633491860 -0.268359816871
# log_rbar_devs:
 0.451817389543 0.308319781956 0.140880142989 0.261127028948 0.200164342390 0.549770041560 0.262704616607 0.254862671717 0.303553713284 0.423395180692 0.427821359171 0.459882082785 0.324677878476 0.486928253032 0.678271811053 0.710968926808 0.952352085823 0.747662395699 0.926385751381 0.701966635222 0.691451693647 0.749338499065 0.665380683635 0.445434038118 0.529263352452 0.555790375924 0.430138894928 0.761930878615 0.279628080233 0.0188871200038 -0.229418066585 -0.140592609781 -0.135786459314 -0.590315134193 -0.843354302695 -1.05841440562 -1.32898166183 -1.39998081016 -1.46952721691 -1.59211545463 -1.62202493464 -1.72058342045 -1.73189799284 -1.75793561313 -1.65019481161 -2.10966830712 -2.20249265829 -2.36568684145 -1.80556567628 -0.357202765282 1.20392235241 -0.122412005983 -1.55907198419 -0.532911293494 1.08522665365 0.344112516434 -0.713111089629 0.154913200984 1.87228263418 0.0525032693766 -1.70773479912 -0.628198538146 2.00346004248 -0.476411278717 -1.21489409171 -0.929865298505 0.541968514587 0.420196705494 1.47466508650 1.50225809036 0.0388534002131 0.818542388599 1.16656382740 0.644282889820 1.95687911482 -0.241187925228 0.392489516632 0.413233040654 0.635546451472 0.730957876097 0.390948372464 0.419340140637 -0.259229023135 -0.536232197254 0.491745294397 -1.38224287149 1.78576189439 -0.667970046027 0.961598478915 0.502183910022 0.378020216723
# mat_params[1]:
 7.00071026537 10.1193253220
# mat_params[2]:
 6.81880927595 9.81828864368
# mat_params[3]:
 8.20545657548 12.8504519513
# log_m_devs:
 -0.148135489228 0.0641059551520 0.187126274317 -0.133071524368 0.0299747841270
# log_slx_pars[1]:
 0.351121827131 -4.93543969674
# log_slx_pars[2]:
 1.57825822423 -0.340830424299
# log_ft_pars:
 -1.98133372800 -2.07472148244 -2.47579095083 -2.39551608221 -2.15657394116 -2.22395457185 -2.32079437834 -2.76833805039 -2.46430271173 -3.35459984196 -3.52912970109 -1.18264437547 -5.75323668372 -2.12506139356 -4.81282568598 -3.94722554059 -2.46907371697 -1.99921991094 -1.85301196995 -2.76495930530 -2.87139054941 -2.90973242256 -3.11572141625 -2.55689782190 -2.85280386302 -3.46305113888 -2.86328569150 -2.16462768575 -2.12765533377 -1.58330301763 -1.08089080183 -1.05399017212 -1.36546147848 -1.73144146449 -1.67723583546 -0.941827898314 -1.49292769572 -1.87441340022 -4.56680946315 -4.52353683691 -3.65165819666 -3.12025898918 -3.34393477036 -3.50660670964 -3.28645708180 -3.18665102155 -2.12846179167 -2.66857396350 -9.40486107794 -4.66867717407 -3.07262614365 -2.80718349027 -3.26186290252 -2.76126405549 -2.75650633521 -2.82141270416 -2.60006550161 -2.82261096556 -3.38593931382 -2.66995270787 -2.31304130502 -3.27216811472 -4.09911113878 -3.31776361314 -2.60610174665 -3.13985738505 -3.49359498960 -2.31011412635 -2.62170945495 -3.40857494998 -3.17649936499 -3.86464979250 -2.87082412930 -3.01360299193 -3.63060827721 -3.22531269580 -3.08349824451 -2.95727286364 -2.62901256842 -2.36550109673 -2.57577744089 -2.46513025377 -2.38421581927 -2.54584927990 -3.44356323805 -2.21198208620 -3.06796932159 -2.94557326066 -2.75613881838 -4.22082792523
