# Number of parameters = 92 Objective function value = -232.133267670076  Maximum gradient component = 4.65862024135175e-005
# theta[1]:
-0.664407303075
# theta[2]:
3.09140999335
# theta[3]:
5.65523789191
# theta[4]:
6.01794542789
# theta[5]:
0.854688776260
# theta[6]:
4.00000000000
# log_rinit_devs:
 3.16293708967 1.89843931090 0.0499234953209 -2.37682594429 -2.73447395160
# log_rbar_devs:
 -0.717564126715 -1.92113565727 -0.940616689997 0.548854512127 -0.216607971255 -1.44003979664 -0.447177695084 1.31288155866 -0.620397490713 -2.09134204945 -1.29560978717 1.44884686141 -0.859569312671 -1.69674471997 -1.25467964698 0.172228339251 0.00292516532195 0.811230677839 0.887033119436 -0.477649167721 0.449863788026 0.698768217258 0.355653961338 1.61108851284 -0.251786603608 0.342824977540 0.583527352971 0.949721665238 1.16154841197 0.917337740884 0.910339521316 -0.112216622646 -0.530026619417 0.399307124705 -1.55948773208 1.39243142192 -0.834612783631 0.893299602493 1.03941714408 0.378134796394
# mat_params[1]:
 3.67000000000 4.48000000000
# log_m_devs:
 0.00000000000
# log_slx_pars[1]:
 1.53292420089 -0.243485366852
# log_ft_pars:
 -1.10890264601 -1.68127786185 -1.31780552200 -1.20452003164 -1.23450390607 -0.992749042885 -1.23851211300 -1.70683576172 -0.988537573994 -0.642504147979 -1.68392753622 -2.49003329762 -1.74594127857 -1.09840780639 -1.79291391599 -2.28388820905 -1.05510490749 -1.05591809278 -1.73590989969 -1.56504900081 -2.38793045505 -1.47964119034 -1.67729822699 -2.25725320736 -1.95604032754 -1.94104206989 -2.00122424341 -1.83767082819 -1.68877046131 -1.77344267333 -1.59278365593 -1.46192155942 -1.54918702467 -2.37099752828 -0.995493954291 -1.53420980204 -1.34151786408 -1.13300889645 -2.79800788563
