# Number of parameters = 204 Objective function value = -3657.82815175660  Maximum gradient component = 2.99878500729747e-005
# theta[1]:
-0.214815881556
# theta[2]:
8.99179466347
# theta[3]:
7.74132390040
# theta[4]:
8.11641014241
# theta[5]:
1.09854828642
# theta[6]:
4.00000000000
# log_rinit_devs:
 -0.132478220340 -0.0599510698306 0.0900396651280 0.0515927189443 0.0507969060981
# log_rbar_devs:
 1.41627822306 1.22909358446 1.00184781992 0.982451960353 0.795293235479 1.06904742694 0.670521901574 0.559709974106 0.518209981341 0.588940754261 0.529801196561 0.489263442838 0.549136437387 0.602951189397 0.793672701419 0.681058808141 0.747794500017 0.554618550780 0.756519231866 0.547495292406 0.552965286418 0.629089131611 0.563511503350 0.355033857506 0.460934029062 0.513175790542 0.418876533782 0.778428721511 0.313609591441 0.0720485215361 -0.144033444191 0.00557291933305 0.0624872831589 -0.350172350320 -0.533134445987 -0.668448820813 -0.874163383297 -0.884294451949 -0.903165380513 -0.990001157251 -0.973265063200 -1.05233934673 -1.04492153173 -1.05277775180 -0.958766968860 -1.49758934595 -1.69778314430 -2.00843013202 -1.68682881745 -0.293292374570 1.23224930580 -0.0150490085330 -1.44278831968 -0.443285945889 1.14708415866 0.414668755246 -0.641302157822 0.212093505283 1.93364004767 0.100527342286 -1.67990888486 -0.624617212058 1.98750843837 -0.495815928149 -1.25251549560 -0.994156517221 0.463047518804 0.346172119660 1.37167451318 1.39655596677 -0.0513983117574 0.718161417809 1.05373562134 0.510286902100 1.94105230237 -0.403895579407 0.161267704968 -0.00406236059152 0.0125682782958 -0.0827658658360 -0.472261759838 -0.518031425894 -1.37517736732 -1.76630043706 -0.749088759908 -2.64409174120 0.622996776121 -1.82658227519 -0.0533294021458 -0.328288412268 0.0433910228736
# mat_params[1]:
 8.04393151999 10.7734301646
# mat_params[2]:
 7.11549197758 10.2527070226
# mat_params[3]:
 5.23747296355 7.71562564985
# log_m_devs:
 0.197662107521 -0.244330652917 0.0466685453957
# log_slx_pars[1]:
 1.62779208584 -0.215636198058
# log_slx_pars[2]:
 1.61857309729 -0.341917735119
# log_ft_pars:
 -1.45468234159 -1.51295370515 -1.92014096384 -1.74751546296 -1.40525253577 -1.25051074057 -1.30358659928 -1.68101708651 -1.25491845552 -1.98976447019 -2.08418647518 -3.10770382168 -4.45056998759 -1.54320908464 -3.30994603786 -2.38234072768 -2.04280709016 -1.58416019629 -1.45449275315 -2.37709153259 -2.49512796297 -2.55559998453 -2.78218506928 -2.22398378075 -2.53835772833 -3.18008362583 -2.60095950338 -1.94978956967 -1.92826551628 -1.37715272715 -0.874690552066 -0.897674437744 -1.29558513571 -1.70606979479 -1.68076691910 -1.00353885262 -1.63334009349 -2.08636855366 -4.83490670913 -4.83157217859 -4.00637614593 -3.52143613441 -3.80078846880 -3.99121841122 -3.77655304328 -3.67147677757 -2.59719601938 -3.08405878796 -9.71652961287 -4.94260432054 -3.29709848203 -2.93265758765 -3.33349263658 -2.87558767169 -2.95828872770 -2.97567980856 -2.70937033840 -2.95548856127 -3.59124182592 -2.80141700417 -2.40048330950 -3.37813244084 -4.26249866078 -3.38057432474 -2.60925614644 -3.16225356921 -3.55354128333 -2.34437829011 -2.65185806664 -3.40947190171 -3.12286514611 -3.80999527867 -2.84589607573 -2.96694126413 -3.65623385181 -3.21578855872 -3.04908564555 -2.90026690570 -2.46285807609 -1.98459206340 -2.09515563709 -1.93232739962 -1.80774223468 -1.91020375924 -2.74559749536 -1.39392958662 -2.05977502099 -1.80817970562 -1.58559140094 -3.09674858485
