# Number of parameters = 205 Objective function value = -3593.15959789737  Maximum gradient component = 0.000336905829554359
# theta[1]:
0.142535007911
# theta[2]:
9.80636963998
# theta[3]:
9.38825712925
# theta[4]:
9.69930249544
# theta[5]:
0.587404808985
# theta[6]:
4.00000000000
# log_rinit_devs:
 -0.161027300143 -0.115796395562 0.0581145545079 0.0214569859425 0.197252155254
# log_rbar_devs:
 0.697623428220 0.514267312505 0.283507324246 0.389617132091 0.265940146213 0.764976033912 0.365769919566 0.336450788431 0.379869858889 0.519743431476 0.459803735706 0.433302032200 0.549697740941 0.635526627024 0.876195237192 0.712824179358 0.808081942339 0.589359186550 0.883445993296 0.584091779302 0.561081264312 0.636593206308 0.517972714486 0.198030279975 0.299586829583 0.323348967267 0.162109391048 0.648806316985 0.0772392234819 -0.126557689901 -0.273727571786 0.0382459446641 0.181330599568 -0.299338161347 -0.455065203408 -0.567045398086 -0.837294466151 -0.911006334403 -1.01448556717 -1.20486048024 -1.24784393690 -1.39846057207 -1.42717710618 -1.46828020477 -1.32464677412 -1.91636623523 -2.02961056770 -2.25261786528 -1.76030953398 -0.299587711600 1.31312843463 -0.0493734616944 -1.40404383662 -0.414222609175 1.16110721295 0.436062524632 -0.614833512030 0.223487084137 1.92922906107 0.161350485095 -1.52763253490 -0.569040067279 1.97388845619 -0.408962922941 -1.17543530514 -0.914989611862 0.492675779543 0.408803698905 1.41838812012 1.44363675405 0.0255275493543 0.796463475659 1.10034470942 0.592618981012 1.86269951418 -0.346271385699 0.197778842963 0.200853274633 0.461251104939 0.688307209158 0.294101116710 0.245393130628 -0.744773697651 -1.19745098399 -0.224740611667 -2.21987477844 1.04519886717 -1.32885665483 0.396574099718 0.116143694775 0.275331605479
# mat_params[1]:
 7.97581936942 10.3615774819
# mat_params[2]:
 8.69405071736 11.6463876648
# mat_params[3]:
 6.86594848687 9.25854255227
# log_m_devs:
 -0.0320051083207 0.0320051083207
# log_slx_pars[1]:
 1.67992740645 0.122561430045
# log_slx_pars[2]:
 1.73040857898 -0.284991624688
# log_slx_pars[3]:
 1.88289461011 -0.319334494721
# log_ft_pars:
 -2.18724011059 -2.30931185946 -2.71145814932 -2.57917934606 -2.30140884143 -2.35557866085 -2.48004308841 -2.90558461087 -2.56226046409 -3.40514920776 -3.53573941801 -3.48004202385 -5.92499798190 -2.19940080808 -4.92180272318 -3.97969680857 -3.03049506928 -2.60486212501 -2.50848667809 -3.43846112654 -3.53743081005 -3.57167021491 -3.75655126085 -3.16872718761 -3.44505248408 -4.02378649503 -3.38691596425 -2.71842032954 -2.69615608408 -2.18487897793 -1.76365544331 -1.85773754250 -2.30090130195 -2.74894702855 -2.77108835980 -2.16218379996 -2.81698874110 -3.21766130257 -5.86882790054 -5.76012821536 -4.84056508039 -4.27179604011 -4.46193194174 -4.59349254787 -4.35159151027 -4.22405713334 -3.16525622841 -3.68337637198 -10.3546784864 -5.66827022102 -4.13511586524 -3.81345991488 -4.31540300224 -3.93181281357 -3.91159935516 -3.87935683437 -3.66198314827 -3.95647356016 -4.48656134713 -3.68518365646 -3.37388363326 -4.44059176712 -5.18152370497 -4.24105116082 -3.54949127524 -4.21692814323 -4.56221561215 -3.27904345867 -3.55668580052 -4.31822660268 -4.07488803486 -4.81668222628 -3.84133832618 -3.94958465662 -4.54918693017 -4.09628786998 -3.96440427514 -3.88615342869 -3.50662395394 -2.43856236782 -2.31352709387 -2.06633344409 -1.91912559811 -2.01536514444 -2.81143174058 -1.37378613270 -1.97917804886 -1.71578810352 -1.55733168395 -3.19789128209
