# Number of parameters = 205 Objective function value = -3664.31868042855  Maximum gradient component = 0.000237458452732015
# theta[1]:
0.159311791845
# theta[2]:
9.90099221707
# theta[3]:
9.74063122518
# theta[4]:
10.1623050776
# theta[5]:
0.844208037076
# theta[6]:
4.00000000000
# log_rinit_devs:
 -0.134697412470 -0.0993612368744 0.0692037288198 0.0140984491006 0.150756471424
# log_rbar_devs:
 0.468569886516 0.309617787101 0.100897088884 0.195507804725 0.0787560480836 0.545964505963 0.202932886064 0.194979145984 0.278252989947 0.424576220433 0.364517982784 0.309946871346 0.403579962230 0.484683055763 0.726851547583 0.591001276055 0.666852872759 0.481386512150 0.759281456329 0.495939458998 0.482528413263 0.560059529200 0.463839576724 0.179389480798 0.279221668138 0.313666190060 0.183181898958 0.628104171280 0.126774842805 -0.0428810797581 -0.152757619775 0.166865542993 0.331156125558 -0.0746330792273 -0.178976033059 -0.241009395687 -0.451131284390 -0.479455597501 -0.535033584316 -0.681606481866 -0.685149265794 -0.802578055255 -0.802548015125 -0.776984113999 -0.615825190068 -1.23340487971 -1.47599809685 -1.91010540372 -1.75028245916 -0.334314122350 1.27172166438 0.00237153055412 -1.38353098612 -0.381304303694 1.19241258909 0.473311132094 -0.575951894486 0.264098317476 1.99627843220 0.193414868741 -1.58165690218 -0.541713473428 2.02944253327 -0.394971432056 -1.16999675116 -0.926698160625 0.491958604797 0.401101016661 1.40177204288 1.42137959285 -0.0202074206898 0.733423089102 1.02831336584 0.458063552358 1.67075008743 -0.613411661407 -0.116811406062 -0.130363688101 0.128171236782 0.372915776322 -0.00130978159739 -0.0624951034353 -1.09834890951 -1.53829925057 -0.566020476482 -2.54328289277 0.710791779213 -1.58165493231 0.201586964734 -0.0372687811863 0.247810989265
# mat_params[1]:
 8.23788253438 10.3224240220
# mat_params[2]:
 8.81269229608 11.1885289452
# mat_params[3]:
 9.92996929218 13.4875346398
# mat_params[4]:
 7.14611057974 9.70688040907
# log_m_devs:
 0.0697712548843 -0.0697712548843
# log_slx_pars[1]:
 1.79251869568 -0.207042858802
# log_slx_pars[2]:
 1.88811952957 -0.295020838318
# log_ft_pars:
 -1.16630600834 -1.29387417809 -1.74985298100 -1.64195626418 -1.36707588607 -1.34791234919 -1.50507971136 -1.98089439585 -1.66957455124 -2.51428538188 -2.66621166777 -1.61990703305 -5.04789023863 -0.695774110403 -3.95742527681 -3.06084862310 -2.75511734366 -2.32323873004 -2.24221358173 -3.17674521975 -3.27728383693 -3.32577612837 -3.52512520975 -2.93543612378 -3.22792419528 -3.83479018167 -3.21476617125 -2.58041452045 -2.55571565290 -2.03195032538 -1.62271581741 -1.78260443065 -2.29480562508 -2.75699293554 -2.78709306999 -2.21288090753 -2.91681023072 -3.36871719168 -6.07377086295 -6.01122188756 -5.14090433993 -4.61745116384 -4.86521409874 -5.04122562655 -4.83408950500 -4.71978237484 -3.65870431299 -4.12863240580 -10.6827927656 -5.91715289046 -4.28351714878 -3.92840661884 -4.42809135444 -4.11977948443 -4.15468975389 -4.09734412787 -3.85598658549 -4.18566559129 -4.74608066738 -3.91310155364 -3.59234538347 -4.71118176662 -5.47737376043 -4.47665057544 -3.75277798587 -4.47969666704 -4.87334885048 -3.54070760936 -3.73398643293 -4.46780751092 -4.21189172719 -4.97115711899 -4.01312979962 -4.10241135553 -4.62806322007 -4.13314908600 -3.96950997486 -3.90256048805 -3.50701297458 -2.60765388197 -2.44174320110 -2.17659230707 -2.02765472152 -2.12866497707 -2.92719676664 -1.48673380167 -2.08027941476 -1.87763348379 -1.78836024545 -3.49729510633
