# Number of parameters = 204 Objective function value = -3562.58349220142  Maximum gradient component = 0.00124493134537567
# theta[1]:
-0.216383865549
# theta[2]:
7.10927911072
# theta[3]:
7.57009849391
# theta[4]:
8.00953759302
# theta[5]:
0.418859984937
# theta[6]:
4.00000000000
# log_rinit_devs:
 0.249779169662 0.133465784494 0.103149655039 -0.0789144035560 -0.407480205639
# log_rbar_devs:
 0.232000415212 0.0804538608902 -0.0723878355058 0.0814044258922 0.0255197642443 0.445608996495 0.168721275261 0.221897118929 0.333621642918 0.543108517791 0.568419414439 0.519056259768 0.465609807067 0.558265394908 0.701711793558 0.747381383554 1.00426064647 0.795719259373 1.00460360347 0.758615904432 0.745502547465 0.808701567581 0.715315230740 0.470812955497 0.561202824526 0.588151399754 0.450052954916 0.821291580708 0.300709305631 0.0344016938092 -0.212282235546 -0.0879347351739 -0.0636015698305 -0.543669474997 -0.793895233884 -1.00166855876 -1.28174445692 -1.35389260613 -1.43094504101 -1.56809033528 -1.60185523682 -1.71215693730 -1.72675329562 -1.75785914497 -1.64114504819 -2.14451428856 -2.25283212204 -2.43585730268 -1.90534407590 -0.445882685901 1.10439016139 -0.232780607436 -1.63847278275 -0.621530682838 0.970468111431 0.247446724136 -0.797391005529 0.0624808758112 1.73730343621 -0.0358492110347 -1.74027151465 -0.709632177534 1.86801817113 -0.546418034917 -1.28002616209 -0.990490088864 0.459118315313 0.350369627752 1.39018564921 1.41991678807 0.000951937577370 0.788820787436 1.15077389343 0.686812418769 1.98063849123 -0.0614708670592 0.651684683729 0.779578945051 1.14458014541 1.44333083014 1.01392862784 0.963991281328 0.0141517178141 -0.498320149820 0.371131487494 -1.73165742105 1.32281734431 -1.08479407668 0.597351935468 0.293375390658 0.437677679823
# mat_params[1]:
 7.19965565597 10.1456552001
# mat_params[2]:
 6.88803694151 9.90179343679
# mat_params[3]:
 5.97805646635 8.78146255450
# log_m_devs:
 -0.190591485634 0.0619968249657 0.128594660669
# log_slx_pars[1]:
 1.10730992011 -0.350659088236
# log_slx_pars[2]:
 1.59200960275 -0.332494832257
# log_ft_pars:
 -1.38313695324 -1.50640820129 -1.94734775871 -1.87810451970 -1.66148266147 -1.72243822257 -1.90392533339 -2.40521851094 -2.15226735030 -3.10043439743 -3.34341563891 -0.639163030676 -5.54139208997 -0.785432928890 -4.44211928136 -3.64822089320 -2.49564511137 -2.03523777111 -1.89396396103 -2.80854307767 -2.91493764599 -2.95149806874 -3.15362920038 -2.58959773224 -2.87960648033 -3.48224675321 -2.87523056444 -2.17773349484 -2.14232387523 -1.59999103618 -1.09683832574 -1.07056655515 -1.39084174696 -1.76609724017 -1.71944147495 -0.990899839916 -1.54536802679 -1.92352993006 -4.60656309841 -4.55201358319 -3.67019477451 -3.12915002811 -3.34296382050 -3.49793255964 -3.27316409284 -3.16674725006 -2.09958223574 -2.62380835098 -9.33673844484 -4.60349562662 -2.98250626911 -2.73935881622 -3.23534005819 -2.76873714240 -2.72227056110 -2.77240835542 -2.56877754814 -2.81378778193 -3.32352419827 -2.60059435280 -2.27307605838 -3.27448053639 -4.04439293598 -3.24428428777 -2.56103725960 -3.14282900243 -3.50278817162 -2.29981918001 -2.58414866411 -3.36885921511 -3.15975852500 -3.88004439824 -2.90215688363 -3.06579156440 -3.69090247085 -3.31299972007 -3.22339330508 -3.17975406464 -2.96707742635 -2.85674895559 -2.95861905925 -2.73845747198 -2.53612992763 -2.54692717101 -3.25850676413 -1.82206475943 -2.49710660518 -2.31322035049 -2.09346124807 -3.57599930533
