# Number of parameters = 205 Objective function value = -3670.32784982210  Maximum gradient component = 0.000268940200889092
# theta[1]:
-0.413087605147
# theta[2]:
7.02934172660
# theta[3]:
6.57371176330
# theta[4]:
7.14022913164
# theta[5]:
0.508170198031
# theta[6]:
4.00000000000
# log_rinit_devs:
 0.239756889122 0.153375824753 0.122056012302 -0.0470908412026 -0.468097884974
# log_rbar_devs:
 1.03126113677 0.849869870462 0.679391849815 0.748018882884 0.619552292230 0.894584557247 0.542150036200 0.498398694887 0.495669575444 0.617166065109 0.590578400675 0.495794490807 0.505068837288 0.500142634113 0.649062538230 0.686403501470 0.881387431480 0.694878598749 0.837202724163 0.605085800464 0.602004289798 0.670644230870 0.607704045588 0.405507778275 0.489525111998 0.544034162886 0.473214003995 0.835964099875 0.437300340852 0.245526380870 -0.00841773018038 0.00613257507157 -0.0319329470394 -0.456805434625 -0.670679456823 -0.946371684567 -1.33363912889 -1.46490927900 -1.52872729776 -1.59565566019 -1.57633160256 -1.65084636511 -1.65143638809 -1.67434345740 -1.56563044871 -2.07275790654 -2.27739283501 -2.57225425874 -2.09955950935 -0.645017888356 0.787114971887 -0.477447308828 -1.92346245175 -0.896069611117 0.700644368271 -0.0295193592426 -1.07112546902 -0.203458008659 1.47810965361 -0.350932430973 -2.10012316602 -0.956089189638 1.70187579099 -0.754662383933 -1.45920593981 -1.14376753224 0.344425961913 0.209702631300 1.26547888871 1.30130055203 -0.128869315855 0.663053432385 1.05031867239 0.582611296785 1.88904099723 -0.156401674050 0.577040826600 0.718951080827 1.08876752341 1.37675395458 0.937050352603 0.882229387480 -0.0409857891329 -0.513032970518 0.442136184629 -1.64814919811 1.55861696574 -0.872793664185 0.949720822962 0.744483961204 0.560151525927
# mat_params[1]:
 7.04054666952 10.2680654468
# mat_params[2]:
 5.44910150775 8.16439641809
# mat_params[3]:
 5.19360925004 7.72199555859
# log_m_devs:
 -0.0929675245146 0.0929675245146
# log_slx_pars[1]:
 1.22094244023 -0.601227144231
# log_slx_pars[2]:
 1.68199450680 -0.185289703509
# log_slx_pars[3]:
 1.64182515904 -0.375098183802
# log_ft_pars:
 -1.22091673767 -1.29865453860 -1.71538620506 -1.58737133097 -1.30132957193 -1.20137070123 -1.29618279831 -1.70535687953 -1.33725697077 -2.17135192064 -2.36446668441 -0.824805338221 -4.59821321285 -0.621203349857 -3.36200712263 -2.54978480374 -2.31308536365 -1.83655639521 -1.67824995773 -2.59119604060 -2.69020925236 -2.75029841099 -2.98306435152 -2.41088438691 -2.70980748544 -3.36783042355 -2.80019909235 -2.16144434869 -2.14352714124 -1.54564654338 -0.993152634644 -0.976376943823 -1.32859278187 -1.68158590336 -1.57712018249 -0.787183894352 -1.27704732823 -1.63128613359 -4.35296689651 -4.36642650680 -3.54852872275 -3.06470468542 -3.35235988690 -3.53810666850 -3.31311475256 -3.20016814359 -2.06832744569 -2.52591568815 -8.42610255826 -3.55419952846 -1.61755933379 -1.36790498581 -1.97579459520 -1.66482560027 -1.55072695500 -1.52381062608 -1.31408317084 -1.65895319002 -2.11735085222 -1.32762272213 -1.03053883246 -2.20936523760 -2.97172337191 -2.10287437702 -1.47273677023 -2.24639131884 -2.69880038864 -1.39960538925 -1.48828761284 -2.23651009227 -2.08675743669 -2.92687607963 -2.00753068489 -2.16217091679 -2.70737290168 -2.34547479009 -2.31570003573 -2.37607054309 -2.16817299741 -1.98884953208 -2.04678388148 -1.85135891572 -1.69595577646 -1.76174017512 -2.55007075171 -1.15030111840 -1.71020376596 -1.55685425510 -1.44805929114 -3.05167549571
