# Number of parameters = 204 Objective function value = -3639.24107622244  Maximum gradient component = 9.25018511282846e-005
# theta[1]:
-0.367029086090
# theta[2]:
8.06127293254
# theta[3]:
6.71461062751
# theta[4]:
7.13510969322
# theta[5]:
0.764477463344
# theta[6]:
4.00000000000
# log_rinit_devs:
 -0.0155885686353 0.0210861349729 0.101052139684 0.0298384408731 -0.136388146895
# log_rbar_devs:
 1.59397755549 1.41394470254 1.21478122180 1.19010410584 1.00319634722 1.20823170202 0.810473319487 0.672620201970 0.579202216024 0.607847523003 0.542701010708 0.527615883573 0.616591140063 0.693871931923 0.886806757994 0.806272744270 0.864371739079 0.663078275884 0.805760112759 0.607073840544 0.619285816718 0.698133733121 0.649574319194 0.474983030972 0.583523964272 0.654591846258 0.592044181202 0.936491925865 0.534061948412 0.298190843951 0.0260038621675 0.0546052868995 0.0347862844618 -0.391973342095 -0.663398692881 -0.946268019659 -1.26860211977 -1.33646251190 -1.35556505184 -1.40825931010 -1.38048421506 -1.43921125694 -1.42398277828 -1.42706978710 -1.33228976205 -1.85884620188 -2.11335761384 -2.45689776728 -2.08179523810 -0.626733433825 0.834622370609 -0.390767772516 -1.83991398365 -0.822080273499 0.780844802003 0.0428873637473 -1.01298943620 -0.129595356697 1.57624991832 -0.267458250842 -2.05765250103 -0.943170713415 1.69781800234 -0.779161891654 -1.50889761865 -1.21220840130 0.282543180390 0.132948680623 1.17597299012 1.20115696599 -0.258362323512 0.514713795503 0.875590842993 0.339179519915 1.67319685272 -0.518802080388 0.154039123048 0.196919117814 0.443555327247 0.554771389019 0.161268370815 0.139407727574 -0.632152843120 -0.964783116710 0.0822436804483 -1.77855380888 1.52003099669 -0.912463544824 0.843447628757 0.526535394098 0.325467603018
# mat_params[1]:
 7.42507129735 10.5079926679
# mat_params[2]:
 5.35409459624 7.98968183336
# mat_params[3]:
 5.28443764644 7.92083208048
# log_m_devs:
 0.116453651364 -0.239841651668 0.123388000304
# log_slx_pars[1]:
 1.44240715415 -0.353458390565
# log_slx_pars[2]:
 1.69292372575 -0.292888677100
# log_ft_pars:
 -1.42745275397 -1.48158864235 -1.88494650083 -1.71193651958 -1.37245538002 -1.19385141840 -1.22429721281 -1.57008941359 -1.10678262429 -1.80908746512 -1.89390236666 -2.64292999303 -4.28187942580 -1.95242195900 -3.20549220748 -2.29411173752 -1.95089484972 -1.48068350915 -1.31151979990 -2.21911489235 -2.34083253040 -2.40851673874 -2.65328898314 -2.11035994161 -2.43234593261 -3.09885596304 -2.54983283642 -1.90243799370 -1.89927596515 -1.34255760960 -0.804217823348 -0.761603302588 -1.08210321212 -1.44549297163 -1.36337506528 -0.564198156960 -1.04032171135 -1.40856252839 -4.15301252315 -4.18762985324 -3.38705781663 -2.91909665420 -3.21459314894 -3.41856121078 -3.21399831939 -3.12358225083 -2.01502011621 -2.47356702662 -9.11474185258 -4.36524068985 -2.68164879266 -2.38243942223 -2.74183727430 -2.21298174596 -2.31165851064 -2.41239552937 -2.12111038452 -2.31793008070 -2.97601983910 -2.27139694492 -1.80083336518 -2.71495439824 -3.67750676459 -2.94221302023 -2.12372849875 -2.60645204696 -3.06414126637 -1.94648471216 -2.23377578480 -3.01661347258 -2.75241561100 -3.40362515037 -2.44699120841 -2.60498540150 -3.23192770789 -2.84086352310 -2.65302654818 -2.53721187955 -2.27166015784 -2.04205218516 -2.21953228079 -2.04931504145 -1.91267376145 -2.00192378606 -2.87668941596 -1.61497049742 -1.81873776402 -1.51540713537 -1.29950581379 -2.87205068996
