# Number of parameters = 208 Objective function value = -3672.80673752928  Maximum gradient component = 0.000199750205791643
# theta[1]:
0.0610303188818
# theta[2]:
8.22830098495
# theta[3]:
8.93021531053
# theta[4]:
9.64198232676
# theta[5]:
0.678077608540
# theta[6]:
4.00000000000
# log_rinit_devs:
 0.0347547589769 0.0348942479621 0.123965175002 -0.0336372830672 -0.159976898874
# log_rbar_devs:
 -0.228199375546 -0.394089561109 -0.600166601734 -0.482460107089 -0.596699656246 -0.132269314242 -0.466751923913 -0.448668870776 -0.344715849423 -0.181764439948 -0.246477234048 -0.341184794634 -0.320777331355 -0.257255887682 -0.0433258941552 -0.0893710948610 0.0789468409894 -0.115292289400 0.175072968396 -0.0574147884201 -0.0379325362153 0.0694120504993 0.00434317215532 -0.240586441156 -0.100212199533 -0.0317900864220 -0.137214436343 0.324211532116 -0.188386160544 -0.385812860393 -0.520105482782 -0.208247073751 -0.0349765333010 -0.433556738823 -0.528215999411 -0.569434306830 -0.743678761806 -0.724159590919 -0.732771255409 -0.831259413716 -0.791335090598 -0.865071285474 -0.825394328560 -0.787288436516 -0.596742811722 -1.13817860995 -1.28132622248 -1.58687647557 -1.26995779333 0.120711686375 1.71517233960 0.436497378222 -0.966533946776 0.0343913900766 1.61301605476 0.883615551410 -0.178919048411 0.670385887627 2.41450343849 0.594664386454 -1.18868823461 -0.131664498388 2.46585828357 0.0164898025604 -0.758114916000 -0.502795757291 0.927774551012 0.828956871428 1.84002635151 1.86191006408 0.409170392771 1.17404046509 1.47472408593 0.914917154819 2.18436052687 -0.128577697732 0.386146685307 0.377749886782 0.650138918048 0.912890950512 0.519727923521 0.466402750089 -0.543964714059 -0.992800680313 -0.0125451941368 -2.01755578158 1.25559519919 -1.11204855323 0.654363412465 0.390473778433 0.624942237521
# mat_params[1]:
 8.61221579311 11.0832845688
# mat_params[2]:
 8.94211240776 11.6156521677
# mat_params[3]:
 9.59924711155 13.2212254950
# mat_params[4]:
 6.77269898240 9.22769189849
# log_m_devs:
 -0.0662101133665 0.00750602447607 0.0587040888905
# log_slx_pars[1]:
 1.70354384975 0.238434287820
# log_slx_pars[2]:
 1.72293211813 -0.273451682267
# log_slx_pars[3]:
 1.85644102741 -0.315050935675
# log_ft_pars:
 -0.893493373077 -1.01409498824 -1.42971194674 -1.32179199943 -1.04905828947 -1.09593068683 -1.23601148100 -1.70315424121 -1.41505293985 -2.32061935578 -2.49743773426 -0.621202992765 -4.77552892966 -0.0249261123194 -3.61319337488 -2.76092328663 -1.92389487893 -1.49259120676 -1.39478371136 -2.34555440404 -2.48620532758 -2.56409450511 -2.79956283283 -2.25297281443 -2.57895476730 -3.21852997479 -2.63611133999 -1.99996484944 -2.00834698054 -1.50783112238 -1.07470395518 -1.17171279980 -1.65432631566 -2.14928556636 -2.21708953512 -1.64955480648 -2.37073526562 -2.86067063052 -5.61180178783 -5.60100306809 -4.77706098234 -4.29924540250 -4.58157278953 -4.79343001595 -4.62138025871 -4.56129663558 -3.55460067212 -4.10098946332 -10.7410188542 -5.89583238546 -4.21444620525 -3.90172848372 -4.41488930779 -4.05146316452 -4.03469992845 -4.00779476286 -3.79701539842 -4.09460960331 -4.62334331653 -3.83219830835 -3.53542595849 -4.60852460227 -5.33863991143 -4.40184306749 -3.71961164606 -4.39648704802 -4.73053009304 -3.42189352484 -3.65804953062 -4.40946851846 -4.17190713601 -4.91446528170 -3.92928402962 -4.02443236665 -4.58067121624 -4.11716036130 -3.97095884435 -3.87537880269 -3.45990317483 -2.50046455692 -2.35990566936 -2.10697564482 -1.96018553368 -2.05350539864 -2.84556297791 -1.40363139009 -2.00323007323 -1.76759661503 -1.63424473227 -3.29054595341
