# Number of parameters = 202 Objective function value = -3632.74575644915  Maximum gradient component = 0.000119816603714274
# theta[1]:
-0.364927853471
# theta[2]:
8.09621518030
# theta[3]:
6.74194266192
# theta[4]:
7.15462166380
# theta[5]:
0.800339907801
# theta[6]:
4.00000000000
# log_rinit_devs:
 -0.0220492579950 0.0181118614829 0.102728944722 0.0297625335436 -0.128554081754
# log_rbar_devs:
 1.60185060276 1.42089229181 1.21867432684 1.19307002705 1.00331172068 1.21527839833 0.812132820386 0.673511977038 0.582430686512 0.615092265840 0.550924114511 0.535126063929 0.622917623609 0.699440685697 0.894933712211 0.810985281055 0.868833250003 0.664575924368 0.813785963956 0.613615381166 0.626854746273 0.707688140251 0.658506916740 0.481398721185 0.593381443508 0.665738391957 0.601412791092 0.952736857226 0.541115791715 0.300467034191 0.0280139998504 0.0664510730693 0.0527695393452 -0.379870439146 -0.652589041468 -0.929244107308 -1.24375033840 -1.30401314857 -1.32049863729 -1.37487362531 -1.34647766342 -1.40592221938 -1.38975914094 -1.39252530418 -1.29718906006 -1.83049351112 -2.08348676286 -2.42369379905 -2.04992186041 -0.601938720546 0.861732661648 -0.365526034187 -1.81305410370 -0.797073762724 0.803553946310 0.0657423861180 -0.990790515317 -0.109083121163 1.59612139971 -0.248953780454 -2.03443304671 -0.925323676722 1.71392056416 -0.764210607457 -1.49508687940 -1.19976940137 0.291966370548 0.141383839712 1.18117997242 1.20692890244 -0.251594544553 0.522261409774 0.881466833835 0.345857900390 1.68336467711 -0.510025189757 0.165794745692 0.209019823358 0.458468753840 0.572283962081 0.172373110792 0.147619833059 -0.620958664352 -0.967579949193 0.0295461124417 -1.85304681907 1.32532981168 -1.11478287545 0.578207903922 0.213297869197 0.232198996657
# mat_params[1]:
 7.46396000088 10.5251753615
# mat_params[2]:
 5.41106794254 8.06598219078
# mat_params[3]:
 5.00091857083 7.63577070270
# log_m_devs:
 0.125961674048 -0.226718127381 0.100756453333
# log_slx_pars[1]:
 1.46117531245 -0.340877306290
# log_ft_pars:
 -1.40246431668 -1.45669833196 -1.86210830560 -1.68996485031 -1.34928321371 -1.16953132670 -1.19993217171 -1.54742853010 -1.08424683030 -1.78558009546 -1.87079047113 -2.60308571632 -4.25876579885 -1.86894466952 -3.17718122844 -2.26712359171 -1.92540436359 -1.45574736730 -1.28753991962 -2.19531122932 -2.31838286253 -2.38639782542 -2.63133671226 -2.08921984440 -2.41187473197 -3.07789646836 -2.52892065853 -1.88241577672 -1.88037964751 -1.32666294982 -0.789258022691 -0.745935574356 -1.06769088515 -1.43406748545 -1.35577050680 -0.560030953735 -1.04022481504 -1.41271178961 -4.15876789023 -4.19285480864 -3.39208866635 -2.92406827097 -3.21887335843 -3.42320018323 -3.21984423583 -3.12985582472 -2.02382633391 -2.48407668357 -9.12266492749 -4.35846406598 -2.66334643209 -2.36868863791 -2.74427460753 -2.22352073084 -2.30415920588 -2.39974841011 -2.11863227976 -2.32000884645 -2.96096863347 -2.25424042047 -1.80051241220 -2.72320661712 -3.66159571052 -2.91916642957 -2.11685834464 -2.60920818222 -3.05387430990 -1.92407979253 -2.20426747752 -2.98406884652 -2.72596432756 -3.38509296789 -2.42488034542 -2.58045475798 -3.20518458912 -2.81497353324 -2.63766265550 -2.52448298435 -2.25552769548 -2.02485468331 -2.20547931963 -2.04073722451 -1.90659143935 -1.99792811646 -2.86372740191 -1.58230925918 -2.41171278508 -2.19954188208 -1.88289794439 -3.34708572550
