# Number of parameters = 207 Objective function value = -3648.95745730604  Maximum gradient component = 0.111615023604114
# theta[1]:
-0.525923491174
# theta[2]:
6.62098597903
# theta[3]:
6.11207844355
# theta[4]:
6.65306873143
# theta[5]:
0.655257661542
# theta[6]:
4.00000000000
# log_rinit_devs:
 0.356755930316 0.202336955098 0.121698355613 -0.0914858948887 -0.589305346137
# log_rbar_devs:
 1.25201673302 1.04450554853 0.861433904945 0.931224231803 0.792906839563 1.06363642848 0.656976077848 0.582325783695 0.540532202525 0.634724502459 0.622376701564 0.533797310915 0.587212732643 0.636066307987 0.785680881153 0.788060910750 0.921212380338 0.735258843348 0.870808052746 0.621659672434 0.628227234093 0.712044777718 0.662951185411 0.468096233815 0.567274291412 0.643750752628 0.592598495157 0.994215855247 0.597199961848 0.423989457554 0.168831617924 0.167050468223 0.108951730440 -0.337271618410 -0.551178606934 -0.870853921755 -1.34595350057 -1.53943860394 -1.62524537923 -1.67450613460 -1.63797231235 -1.70092839977 -1.69058159065 -1.70225916130 -1.56390441380 -2.05726619824 -2.26429577472 -2.58293904684 -2.10335004818 -0.625294270749 0.787517051191 -0.470117690825 -1.91058204876 -0.884975733192 0.699370457437 -0.0347617519354 -1.08047713250 -0.205979575249 1.46807570741 -0.379669962592 -2.14270954418 -0.983494944799 1.67588297312 -0.766633388314 -1.46872659617 -1.14206481056 0.348395422868 0.203845450294 1.24845749700 1.28075956641 -0.142330642903 0.646031499253 1.03584245728 0.570611419121 1.87237817690 -0.152527441836 0.577088193114 0.732700729379 1.11068231707 1.39924842528 0.963373323547 0.900181902927 0.00604183615871 -0.468271261256 0.364019821738 -1.86943868295 1.02947084729 -1.57946340956 0.0432862719055 -0.0151039577582 0.409708102482
# mat_params[1]:
 6.79204600360 9.81640562516
# mat_params[2]:
 6.73120780436 10.1650025448
# mat_params[3]:
 4.91488981413 7.48331134154
# mat_params[4]:
 3.00001178428 3.00004074714
# log_m_devs:
 -0.0637269314189 0.0637269314189
# log_slx_pars[1]:
 1.16317096998 -0.758384917778
# log_slx_pars[2]:
 1.63690654068 -0.150584901893
# log_slx_pars[3]:
 1.46191582394 -0.348922979114
# log_ft_pars:
 -1.03018209500 -1.09744256242 -1.50300999888 -1.37535335865 -1.07710259277 -0.967054905561 -1.02771949435 -1.40136112301 -0.994432507638 -1.80333224462 -2.00347480255 -0.733694797499 -4.26861870638 -0.740405904535 -3.15634348355 -2.34825389067 -2.08404013600 -1.60793307907 -1.43535501593 -2.33971247358 -2.44871145915 -2.52359790161 -2.77334249357 -2.21508552619 -2.52532583330 -3.20372854982 -2.65771773842 -2.03973624996 -2.03687977321 -1.44804016505 -0.893248130655 -0.854035695955 -1.18192395870 -1.52266618763 -1.41267261758 -0.586775582397 -0.998045716705 -1.29321535038 -4.00214008625 -4.03785925729 -3.23744108388 -2.76503139106 -3.06051789110 -3.26098409614 -3.05793344286 -2.96064909504 -1.82599890757 -2.28413502891 -8.31409903446 -3.46651829637 -1.51650023414 -1.25751486679 -1.84456342442 -1.51840775496 -1.41623265622 -1.40547797543 -1.17530676938 -1.50310082225 -1.97909247573 -1.19798780969 -0.864187882423 -2.02038366361 -2.81650775275 -1.97819372248 -1.32777830947 -2.08316248014 -2.56807468302 -1.29845622098 -1.37160450557 -2.11089873663 -1.95772402484 -2.79449629024 -1.88380950842 -2.05086020556 -2.59549567876 -2.23988705081 -2.20668082441 -2.26928029741 -2.08220302993 -1.91549801308 -1.97467603858 -1.77498248782 -1.61768880534 -1.68286874693 -2.47666139247 -1.07524026368 -1.80646471142 -1.53493911085 -1.12367938438 -2.53308557057
