# Number of parameters = 200 Objective function value = -3507.03522564084  Maximum gradient component = 0.000489900639329940
# theta[1]:
-0.124573353970
# theta[2]:
8.77414815973
# theta[3]:
8.29236682259
# theta[4]:
8.67489678057
# theta[5]:
0.410145176690
# theta[6]:
4.00000000000
# log_rinit_devs:
 -0.0899931240170 -0.0509097081334 0.0848596100405 0.0453714910066 0.0106717311033
# log_rbar_devs:
 0.742795662897 0.585975157896 0.397060521788 0.453633080488 0.326703788301 0.673294374248 0.344476418487 0.316961877658 0.341435954420 0.467588681639 0.439426910106 0.436316201491 0.547684347083 0.665898482878 0.934925913193 0.919729542582 1.11991142097 0.906744914973 1.09215978893 0.832905546024 0.798825099735 0.841177315557 0.735314030089 0.478521865930 0.546885837227 0.556833473418 0.416863032607 0.772274365993 0.279661463972 0.0519292355529 -0.147948972843 0.00629857136581 0.0480466324585 -0.393675196186 -0.595957689354 -0.762285661563 -1.02740451787 -1.11964658791 -1.22751161132 -1.39591243391 -1.45839237351 -1.59604714269 -1.63997604791 -1.69576201258 -1.61328223936 -2.13847744822 -2.27758243080 -2.50240905991 -2.02386222811 -0.554714204639 1.03886919164 -0.315339321221 -1.70689020266 -0.694392114301 0.898747517810 0.180554184861 -0.854917369627 -0.00761622714234 1.66153098005 -0.0885063756026 -1.78224387194 -0.781758456519 1.76174381543 -0.632473582003 -1.36978445570 -1.09782985709 0.337922398873 0.239499912217 1.27320573589 1.29909756359 -0.120091687897 0.649612307486 0.991334531229 0.501510292077 1.77018597828 -0.341894012279 0.290431217142 0.333283595976 0.579753271093 0.708099079980 0.378146424313 0.421032296635 -0.253921627433 -0.554800242937 0.427768814413 -1.49288371045 1.60003876528 -0.801142604554 0.835641250139 0.430165773273 0.380899170417
# mat_params[1]:
 7.35254729326 10.2390692041
# mat_params[2]:
 9.31725678216 14.0520533669
# log_m_devs:
 -0.0361631443137 0.132998925121 -0.0968357808068
# log_slx_pars[1]:
 1.63022050624 -0.235606851471
# log_ft_pars:
 -1.52503802709 -1.60170929601 -2.05213717458 -1.93362417066 -1.65380163759 -1.55232773830 -1.67614433800 -2.13644050294 -1.79494972579 -2.60040081967 -2.74318049251 -2.44411578671 -5.16540046607 -2.06451750681 -4.13326436233 -3.27149470935 -3.02751675332 -2.53997800745 -2.39093302419 -3.28406632538 -3.35560930264 -3.36930408593 -3.54794728204 -2.95660503331 -3.22960468964 -3.81868802700 -3.19540496455 -2.51318197916 -2.46761222640 -1.91803153364 -1.44787726932 -1.49407074156 -1.87709005301 -2.26344378929 -2.21671875999 -1.54111016025 -2.14923514927 -2.53613267705 -5.19201338635 -5.09731402847 -4.18362086742 -3.61697414804 -3.81484789152 -3.94176411273 -3.68044443610 -3.53886707663 -2.45347795212 -2.94754097114 -9.64315787028 -5.03914607832 -3.55322106097 -3.19788331340 -3.60438664235 -3.13160409448 -3.20123411450 -3.21958825584 -2.95982089478 -3.20988312916 -3.82521767001 -3.03887509772 -2.64165244571 -3.62703433276 -4.51842576645 -3.64770372594 -2.88617253997 -3.44625805254 -3.85966459180 -2.68148994790 -3.02672934015 -3.79702465014 -3.51631268792 -4.20753528733 -3.24621721503 -3.38544537426 -4.04148198868 -3.58967674563 -3.43514235230 -3.34845340424 -3.06342306562 -2.84144132939 -3.01970210133 -2.88817352647 -2.79489920392 -2.94398550786 -3.83800025042 -2.58045244251 -3.46647184877 -3.37790920351 -3.23666539389 -4.76229232857
