# Number of parameters = 203 Objective function value = -3615.13764378380  Maximum gradient component = 0.000478096156901994
# theta[1]:
-0.457136776671
# theta[2]:
7.80505289667
# theta[3]:
6.36790696100
# theta[4]:
6.74854027306
# theta[5]:
0.989369578871
# theta[6]:
4.00000000000
# log_rinit_devs:
 0.0151321853676 0.0376335482141 0.107739191573 0.0180862828941 -0.178591208049
# log_rbar_devs:
 1.74834344557 1.55446354576 1.34328555992 1.32276247635 1.12555404563 1.35543751235 0.912474389255 0.755548134855 0.636707524585 0.651922482485 0.573253946397 0.562029156509 0.677301542669 0.778568153631 1.00296722767 0.923890039443 0.998389565594 0.779641130012 0.931916661960 0.709563053577 0.726279991092 0.818358033154 0.771060126852 0.583749913879 0.707013190805 0.793749908208 0.737000828217 1.13407102203 0.712197882954 0.482508723910 0.203760924777 0.243640068583 0.229714656369 -0.220566593077 -0.496201809414 -0.805355987917 -1.17718225805 -1.26704583454 -1.29210601000 -1.34400161028 -1.30906529212 -1.36987321381 -1.35051563010 -1.35210366711 -1.23444655197 -1.78917512449 -2.07279370825 -2.46392513532 -2.13022020342 -0.654311079272 0.793880476801 -0.422172181495 -1.85298416711 -0.843486657393 0.737487134499 0.00582434666702 -1.04933746479 -0.165841150267 1.52030458294 -0.314514895169 -2.09532088251 -0.992189114049 1.62848475608 -0.811809993309 -1.54106001147 -1.23923405830 0.246707454463 0.0891349459073 1.11069575196 1.13195452968 -0.308563619230 0.462694796993 0.821901509939 0.294935439395 1.62249344736 -0.522259230207 0.163058140468 0.232701801318 0.504965804990 0.640884920891 0.239229530927 0.202988337545 -0.570638980072 -0.943758461154 -0.0657559121882 -2.12108728271 0.792792621846 -1.74686875724 -0.171301397340 -0.363985455003 -0.259185815602
# mat_params[1]:
 7.25824028587 10.3753468310
# mat_params[2]:
 4.92274971310 7.43925700970
# mat_params[3]:
 3.00765238807 3.02846585521
# log_m_devs:
 0.153769371972 0.0926978566672 -0.261253983487 0.0147867548473
# log_slx_pars[1]:
 1.39763406410 -0.381444427033
# log_ft_pars:
 -1.35342089690 -1.41086230411 -1.81106073183 -1.63625204293 -1.29110466387 -1.11102773958 -1.13277665079 -1.45946424461 -0.972059008845 -1.64925886907 -1.72306704283 -2.78498101334 -4.12898291353 -2.15855598915 -3.10263202717 -2.20413247656 -1.86798008268 -1.39673812109 -1.22154275214 -2.12403317856 -2.24661354217 -2.31938213977 -2.57164378146 -2.03026086906 -2.35204317206 -3.02781333515 -2.49010555830 -1.86373365588 -1.87486867950 -1.32024100918 -0.774572084631 -0.723256317303 -1.04540027932 -1.41038957891 -1.32318441296 -0.505080867255 -0.943370697631 -1.28325580148 -4.01990299384 -4.06125040963 -3.26520327793 -2.79888860541 -3.09644186518 -3.30278052866 -3.10374488530 -3.01575617987 -1.89257620955 -2.33014404262 -8.95225603508 -4.20908502948 -2.50044517495 -2.21297124118 -2.57239017622 -2.05470427033 -2.14418354849 -2.25013347715 -1.95030755607 -2.14740693539 -2.79272321818 -2.09573922032 -1.60875655576 -2.53164548540 -3.48761717071 -2.76706397667 -1.93639551583 -2.43414556303 -2.91791387612 -1.80137713526 -2.04790950218 -2.82368176122 -2.56614865591 -3.22485777259 -2.27986237980 -2.44564715391 -3.05951625650 -2.68619937316 -2.50494988645 -2.41730199136 -2.18437708569 -1.97963355508 -2.15075992641 -1.97183338545 -1.83013741776 -1.90853423573 -2.76433948730 -1.45717270347 -2.07298581870 -1.75812143415 -1.28273454932 -2.66949003506
