# Number of parameters = 202 Objective function value = -3517.58164664226  Maximum gradient component = 0.000254721439063258
# theta[1]:
-0.239186504970
# theta[2]:
7.75815339923
# theta[3]:
7.17496990251
# theta[4]:
7.58698765132
# theta[5]:
0.453272187752
# theta[6]:
4.00000000000
# log_rinit_devs:
 0.0754227818324 0.0737964920249 0.116839713482 -0.0291899695298 -0.236869017810
# log_rbar_devs:
 1.01789103482 0.850323591052 0.668851789676 0.708417482105 0.557799007976 0.874088255142 0.524046626316 0.486792052942 0.512494968724 0.643726919781 0.610925378207 0.612428429454 0.726542033733 0.802716890482 0.986264858603 0.856121565114 0.874350336240 0.684695557144 0.877228505551 0.645315609348 0.636050585293 0.701598165585 0.618265367525 0.391648339257 0.480568339038 0.515594963192 0.394022752773 0.752755360479 0.265831734724 0.00900306988742 -0.253575918176 -0.178035842659 -0.179386776179 -0.644696015970 -0.908328182136 -1.15517227410 -1.46692242995 -1.55216383267 -1.62005062545 -1.73264926442 -1.75291141128 -1.84618835749 -1.85096338924 -1.87175954437 -1.74796789906 -2.21567146409 -2.32007469973 -2.50124895759 -1.96673845071 -0.500103886403 1.04716549065 -0.274422939896 -1.67691151679 -0.661597327333 0.920876259817 0.202437710261 -0.838288312949 0.0254858949778 1.68184983451 -0.0836312352070 -1.79250586422 -0.759233329790 1.79859976944 -0.596550870004 -1.32670072412 -1.03495146577 0.416200598813 0.302560042746 1.33698091376 1.36069627516 -0.0527601161702 0.725200553201 1.09189792058 0.623202248800 1.91359749312 -0.119109698626 0.595759453358 0.731822496389 1.10495986530 1.40966129008 0.973921422164 0.916434583035 -0.0298670679026 -0.544775498246 0.307444536163 -1.80612553603 1.21905267061 -1.20189716724 0.476505889592 0.189971047518 0.405294061766
# mat_params[1]:
 7.35411908126 10.1496397623
# mat_params[2]:
 6.55112063886 9.67993186240
# mat_params[3]:
 5.36136164168 7.99897851325
# log_m_devs:
 -0.0347860947903 -0.0282618747729 0.0630479695632
# log_slx_pars[1]:
 1.48540301354 -0.328095796781
# log_ft_pars:
 -1.10367465767 -1.18946565510 -1.63694210357 -1.50810470757 -1.20800197129 -1.08804166396 -1.19439245078 -1.63359561043 -1.27064116839 -2.09210412740 -2.27144607235 -1.18970900868 -4.66551951215 -1.25548780876 -3.63284952384 -2.76345011489 -2.44441149230 -1.98831888233 -1.83975903266 -2.75393501203 -2.86093078257 -2.90457650949 -3.11858451407 -2.55722384251 -2.85063031344 -3.46964617050 -2.87636920804 -2.18947469139 -2.15631872518 -1.59230804248 -1.06263094754 -1.02549949376 -1.34110097090 -1.70181513718 -1.62560264908 -0.856047177309 -1.38010370636 -1.74635210979 -4.44345885962 -4.41390675576 -3.55294795211 -3.03012665585 -3.26822227210 -3.43762443929 -3.22161168765 -3.12602083974 -2.05811009675 -2.58729634006 -9.33399780883 -4.68252363555 -3.12715178872 -2.83309157963 -3.21446553582 -2.69397440794 -2.76450512052 -2.84366377257 -2.57132148407 -2.78120350282 -3.39244635649 -2.66992803546 -2.23397337784 -3.17196312745 -4.08412145465 -3.31388275678 -2.51961875516 -3.02581349876 -3.47195567199 -2.34843234797 -2.66440276296 -3.44808087445 -3.18486454310 -3.85115693039 -2.89813499798 -3.07721104476 -3.73247868954 -3.34205718574 -3.19355880013 -3.14109897418 -2.97790288096 -2.90258192447 -2.99959122890 -2.74863866056 -2.52301744996 -2.50221550989 -3.21311864447 -1.78869674669 -2.50912944971 -2.32297850568 -2.03361968653 -3.51040436843
