# Number of parameters = 201 Objective function value = -3594.96218484662  Maximum gradient component = 0.000257978421725563
# theta[1]:
-0.327124133251
# theta[2]:
7.70165112639
# theta[3]:
6.63595800494
# theta[4]:
7.15194696156
# theta[5]:
0.624627958810
# theta[6]:
4.00000000000
# log_rinit_devs:
 0.0591986181281 0.0719250873142 0.121604568711 0.00501491751785 -0.257743191671
# log_rbar_devs:
 1.42362121739 1.24661795845 1.05591615284 1.06069374661 0.884182188758 1.12115919228 0.732894366623 0.628194510391 0.572628781536 0.635401370112 0.556033563056 0.491338359598 0.522406953570 0.554915569872 0.745636866009 0.691462669451 0.774310963544 0.562814130116 0.711042160954 0.504112806783 0.519850623831 0.605901984076 0.558938759269 0.380672056164 0.500026855802 0.581013555490 0.521204808610 0.890815226666 0.477711404734 0.238902254813 -0.0418648427080 -0.00950559583008 -0.0262707657907 -0.470304809600 -0.757265565797 -1.06544077014 -1.41658575727 -1.49175105735 -1.50772100826 -1.55384040062 -1.51651794492 -1.56837411648 -1.54324464742 -1.54214646819 -1.42891574114 -1.94408299357 -2.17144758203 -2.49213788713 -2.12273689999 -0.671550776620 0.798072086152 -0.435218149344 -1.86221827632 -0.849401697376 0.726359657882 0.00581405115592 -1.03538626039 -0.158784552454 1.50532664584 -0.289571694007 -2.04308831008 -0.950390058861 1.63796195096 -0.771900457650 -1.49421622189 -1.19177915039 0.283000428655 0.147939723339 1.18088993489 1.20644458171 -0.216108749968 0.557929150055 0.928952992959 0.441792436959 1.75155805226 -0.318999879995 0.391560842731 0.508354599399 0.881323663478 1.23508922120 0.801861899376 0.747912052350 -0.186770467085 -0.644713869796 0.345698421414 -1.73142435517 1.50792799147 -0.927733948930 0.895108692086 0.705967237779 0.506144359029
# mat_params[1]:
 7.31140712053 10.4580693089
# mat_params[2]:
 5.47563414942 8.34599502969
# mat_params[3]:
 5.11121188369 7.38661423078
# log_m_devs:
 -0.0188719023566 0.0188719023566
# log_slx_pars[1]:
 1.43582019967 -0.364507489990
# log_ft_pars:
 -1.25318299746 -1.31415793032 -1.73445514978 -1.58174316630 -1.25814800991 -1.09189901980 -1.14185422983 -1.51783563894 -1.08513695677 -1.82824616750 -1.94747046852 -1.27967910173 -4.24776988387 -0.897014841055 -3.04947175683 -2.17249060398 -1.85764251565 -1.38306860066 -1.20393452081 -2.11226977772 -2.23935270867 -2.31159230452 -2.56255706653 -2.02324654007 -2.34869704092 -3.02168983675 -2.47909689089 -1.83449715678 -1.84000732275 -1.28740814929 -0.741542213186 -0.683944468146 -0.995339450966 -1.36142504975 -1.28167416069 -0.463225067941 -0.904844186683 -1.25109277797 -3.99617154107 -4.04355122443 -3.25258915056 -2.79184508567 -3.09296225886 -3.30601559618 -3.11449737954 -3.03641872527 -1.93907800187 -2.41592946242 -9.07478251508 -4.31219067460 -2.60489729543 -2.32978305046 -2.71560803417 -2.20357555021 -2.26517735208 -2.36657368449 -2.08856181341 -2.29595655149 -2.90875997737 -2.21132113233 -1.75762525965 -2.69927851751 -3.61996106389 -2.89226873833 -2.09382339858 -2.60755264909 -3.07450250894 -1.95504766153 -2.22619554333 -3.01194211427 -2.76823054693 -3.44094053311 -2.49210987037 -2.67264834150 -3.30021477993 -2.93419925276 -2.78372095911 -2.72622447201 -2.54692392281 -2.45547104364 -2.55585755527 -2.31171325151 -2.09687530373 -2.07929650507 -2.83014873881 -1.46976416571 -2.33650895534 -2.27322478354 -2.05298215163 -3.62117498501
