# Number of parameters = 204 Objective function value = -3639.63469342267  Maximum gradient component = 9.99044790275083e-005
# theta[1]:
-0.378407711111
# theta[2]:
6.79149385489
# theta[3]:
6.59531634691
# theta[4]:
7.13470549307
# theta[5]:
0.605294970872
# theta[6]:
4.00000000000
# log_rinit_devs:
 0.288018756490 0.148814182917 0.103471195378 -0.0731280803653 -0.467176054420
# log_rbar_devs:
 0.902300477632 0.704804409152 0.511302205419 0.601735033567 0.490462286424 0.795325524556 0.426811711672 0.375863003573 0.383595961314 0.487106603745 0.498764567618 0.472883989328 0.500757499035 0.616415293481 0.736486081453 0.765789340173 0.934076301921 0.713473632975 0.887893477699 0.673821544293 0.689087457880 0.777690015193 0.722461330157 0.529664264047 0.654124448871 0.730730771074 0.652468490189 1.03869348048 0.586088114347 0.326664725000 0.0395126507737 0.0964075328951 0.0926617302822 -0.382365132894 -0.692138229829 -1.00376180543 -1.35127281445 -1.42134423950 -1.44348255111 -1.50958200279 -1.48691496676 -1.55469232888 -1.53873779557 -1.54824552574 -1.43830632871 -1.99250038423 -2.22948553477 -2.54165350269 -2.11876144819 -0.656424618221 0.782226664133 -0.461782200807 -1.89172143802 -0.876496269602 0.704610332263 -0.0243050737993 -1.07206150917 -0.188631489975 1.48436460183 -0.329059287382 -2.07241237135 -0.972136397299 1.64802858022 -0.781221117578 -1.49933657082 -1.18398044213 0.297854264373 0.156535331206 1.19686217001 1.22846989358 -0.198832734989 0.588279567956 0.964473871089 0.488693800337 1.79610630310 -0.248279003846 0.486054510720 0.632966767031 1.00937675699 1.31083235082 0.879152367375 0.821652377494 -0.112689765737 -0.574392691261 0.398264439567 -1.68059986780 1.56233170329 -0.892902807362 0.906427356940 0.676192043743 0.534830238405
# mat_params[1]:
 6.94925601488 9.97314678180
# mat_params[2]:
 7.28791541360 10.5404268212
# mat_params[3]:
 5.32699614814 7.96920069645
# log_m_devs:
 -0.112403989234 0.0666812753154 0.0457227139191
# log_slx_pars[1]:
 1.03816920519 -0.742187904188
# log_slx_pars[2]:
 1.48522615173 -0.393999171479
# log_ft_pars:
 -1.24793256997 -1.31632988610 -1.70920799940 -1.59116489532 -1.30646895722 -1.26624563163 -1.33843944174 -1.74042555084 -1.38154842630 -2.23861768105 -2.44357661116 -1.05684576941 -4.76863106628 -0.844644980637 -3.67435324581 -2.86537126655 -1.87615482051 -1.41251947160 -1.24264902697 -2.15173878007 -2.28318084427 -2.35097831052 -2.59685750659 -2.06125869032 -2.38251908237 -3.04142216409 -2.49073994301 -1.83184359384 -1.83705524539 -1.29949370071 -0.761719895294 -0.693334302021 -0.987042496407 -1.35349018423 -1.28355117455 -0.465950823908 -0.894691266961 -1.22729388750 -3.95437671144 -3.98544549381 -3.17710382372 -2.69819169314 -2.97519888598 -3.17582786691 -2.98068223259 -2.89707264403 -1.79085275854 -2.25754842474 -8.90614020801 -4.08993186034 -2.30037449787 -2.09085860101 -2.56395667156 -2.07152150523 -2.02747748169 -2.13275093587 -1.90665755743 -2.12443797803 -2.64830006575 -1.97935412805 -1.60082388246 -2.57460620649 -3.38934519155 -2.68883793245 -1.97721945034 -2.53017734839 -2.94284121804 -1.78483380198 -2.01528523710 -2.80618279192 -2.61904291791 -3.33099479712 -2.36396721629 -2.54828369089 -3.14300935685 -2.80782566025 -2.71018137573 -2.66893312813 -2.48811158031 -2.38638879322 -2.49319315877 -2.26452713588 -2.06213961320 -2.06648556889 -2.80294987734 -1.43258264470 -2.18863055068 -2.15384244371 -1.97001319238 -3.51267665639
