# Number of parameters = 209 Objective function value = -3687.05296060562  Maximum gradient component = 8.83799130299872e-005
# theta[1]:
-0.282830047098
# theta[2]:
7.43264851397
# theta[3]:
6.51294486135
# theta[4]:
7.06979234288
# theta[5]:
0.462235238142
# theta[6]:
4.00000000000
# log_rinit_devs:
 0.0485532532474 0.0123219198948 0.0791941865459 0.0281064235473 -0.168175783235
# log_rbar_devs:
 1.33332741679 1.13837426858 0.914704839643 0.953064817051 0.828364982262 1.08348087850 0.704667957006 0.588109034668 0.541980189289 0.522361756010 0.440631899335 0.385620019824 0.507484466871 0.624202106775 0.865659254435 0.812696290433 0.883290380801 0.685739504082 0.819696788475 0.599074683978 0.602478060698 0.676194144193 0.619942421289 0.426064023660 0.519060582483 0.582608815459 0.514356322388 0.870343940746 0.475672815335 0.270461233551 -0.000837892911361 0.000922451390702 -0.0396714100127 -0.464039761061 -0.706163486052 -1.02506265254 -1.42198715616 -1.55708453490 -1.60769122914 -1.66770818060 -1.64721562372 -1.71780940447 -1.71389011393 -1.73206944537 -1.62134062685 -2.11862131883 -2.32785145050 -2.62406887097 -2.16452570585 -0.713308738089 0.711830126995 -0.540599667458 -1.99337489614 -0.965290717902 0.633346725142 -0.0975343110387 -1.14096134921 -0.274025274822 1.41546996083 -0.424010148639 -2.19344923018 -1.02484404488 1.64470366777 -0.818036006736 -1.52230344920 -1.20565479431 0.288680849296 0.154723526276 1.21259284528 1.24480151111 -0.190207658225 0.596623182580 0.981273551645 0.501192016494 1.79829343283 -0.279541820983 0.429353976645 0.567917057735 0.957677729298 1.31279446402 0.885194039692 0.839308166832 -0.0316706036330 -0.444141269543 0.569911036603 -1.43702536856 1.85342111542 -0.618140304165 1.19233014408 0.939062253342 0.550620791658
# mat_params[1]:
 6.85170509184 9.97967849159
# mat_params[2]:
 7.03207937904 10.3706254088
# mat_params[3]:
 5.33243233292 8.11137078938
# mat_params[4]:
 5.32101241207 7.71639524579
# log_m_devs:
 -0.0748830405517 0.0748830405517
# log_slx_pars[1]:
 -1.48535497855 -9.46492024619
# log_slx_pars[2]:
 1.28055791936 -0.655798139873
# log_slx_pars[3]:
 1.70784049696 -0.116174856728
# log_slx_pars[4]:
 1.59411948118 -0.430042789507
# log_ft_pars:
 -1.87727180440 -1.91221835877 -2.25587358229 -2.10364078090 -1.78501024154 -1.75000507574 -1.74353113255 -2.08748326956 -1.67092065031 -2.44397053101 -2.53269047959 -5.69598168450 -4.95489509261 -5.73589165714 -4.02703732338 -3.08291618358 -2.18002316902 -1.71706687835 -1.54816204058 -2.46456114173 -2.57294384876 -2.63428542508 -2.87561741100 -2.32048496028 -2.62322466120 -3.28322595359 -2.72625116901 -2.07027685552 -2.07170111302 -1.49012622259 -0.938590899549 -0.894724938086 -1.21613107417 -1.57488447005 -1.47306688124 -0.658327891308 -1.11047211961 -1.44008295745 -4.15715040509 -4.18160503729 -3.36825914134 -2.88836468054 -3.17317604714 -3.36424930237 -3.14720212963 -3.05804638132 -1.92784789587 -2.39258097970 -8.33569476880 -3.46746316895 -1.50650702761 -1.22501546581 -1.81856700472 -1.52798517203 -1.44030101446 -1.40203720742 -1.16890461619 -1.52493801764 -2.00872848673 -1.20084900518 -0.882006791535 -2.07921773046 -2.88031241845 -1.99488534601 -1.34123505350 -2.13260545236 -2.62352762215 -1.32881774592 -1.39159938943 -2.12565339718 -1.96437932832 -2.81196596406 -1.90909037800 -2.06387488236 -2.59467470233 -2.21600344873 -2.17175615788 -2.23435243975 -2.02393403582 -2.00896834359 -2.11269337452 -1.95013757896 -1.80731052783 -1.88734045094 -2.67465113165 -1.31642962098 -1.96628306259 -1.82570397931 -1.67945224364 -3.20463521906
