# Number of parameters = 203 Objective function value = -3652.25085766507  Maximum gradient component = 0.000377933582298726
# theta[1]:
-0.205098799618
# theta[2]:
9.05425191781
# theta[3]:
7.83710646723
# theta[4]:
8.20585992343
# theta[5]:
1.13300912092
# theta[6]:
4.00000000000
# log_rinit_devs:
 -0.137838874646 -0.0644720961737 0.0899511919965 0.0522158611193 0.0601439177040
# log_rbar_devs:
 1.38429182361 1.19599861924 0.966312501841 0.950446989964 0.764168902567 1.04744333824 0.648224854518 0.541190606204 0.504913734864 0.578903548319 0.516518818572 0.468805649713 0.523188594348 0.573404514807 0.765179458676 0.650480028122 0.719379108844 0.526062485491 0.733911526304 0.522562957347 0.527854902817 0.604868004517 0.538149043486 0.325846757369 0.432703270420 0.484651246230 0.388173358740 0.752842187429 0.282711486222 0.0430756435382 -0.166839569102 -0.00475801752684 0.0605678198247 -0.350737898908 -0.525624448002 -0.651449210942 -0.852695788623 -0.860400928421 -0.879331909053 -0.968210236948 -0.950855749232 -1.03052270037 -1.02182569367 -1.02785811502 -0.928382178169 -1.46600528130 -1.66036374437 -1.96996640650 -1.65241738737 -0.261487604239 1.27201309814 0.0212323483590 -1.40363412107 -0.405950305955 1.18204036314 0.450191996928 -0.605724716932 0.245351012277 1.96798739082 0.136794729931 -1.64353232287 -0.591090745964 2.01838549312 -0.461987183866 -1.22057983834 -0.964627830732 0.489158739253 0.375508818458 1.39924528871 1.42403588315 -0.0216570174477 0.748073122521 1.08189871573 0.540681418344 1.97271987704 -0.370960666993 0.188246760207 0.0188514993850 0.0345451187052 -0.0525475567721 -0.450126243540 -0.512386521737 -1.42833892263 -1.86266965196 -0.889790389903 -2.84308399295 0.338138054810 -1.89330753689 -0.00694203848713 -0.103448135978 0.0341870975492
# mat_params[1]:
 8.08581568454 10.7920411991
# mat_params[2]:
 7.29560408673 10.4725667806
# mat_params[3]:
 5.27127656996 7.79885279297
# log_m_devs:
 0.201470219658 -0.201470219658
# log_slx_pars[1]:
 1.64072854270 -0.210244267064
# log_slx_pars[2]:
 1.62231776093 -0.333848648415
# log_ft_pars:
 -1.44909447900 -1.50845937736 -1.91674695400 -1.74551219104 -1.40427099908 -1.25303426602 -1.30939040031 -1.69074343741 -1.26898466232 -2.00769367261 -2.10301731607 -2.89868114973 -4.46122531691 -1.42751500627 -3.30857126448 -2.38088500647 -2.04242797154 -1.58501016784 -1.45832620692 -2.38262719760 -2.50084295478 -2.56147473438 -2.78729726939 -2.22805469179 -2.54213229981 -3.18261462823 -2.60160019186 -1.95104747980 -1.92932587730 -1.37948179319 -0.881021232423 -0.910556245387 -1.31630896329 -1.73221722966 -1.71301965962 -1.04555414237 -1.68481795254 -2.14178323654 -4.89014577391 -4.88485901786 -4.05867958910 -3.57326137155 -3.85229020261 -4.04323095368 -3.83033222701 -3.72664064019 -2.65718343323 -3.14834650303 -9.78176225034 -5.00663616221 -3.36558096822 -2.99687509189 -3.40033785285 -2.94943303687 -3.03041742706 -3.04107206807 -2.77508121692 -3.02533058296 -3.65935852788 -2.86392153858 -2.46659583729 -3.45075506339 -4.33032438631 -3.43846595927 -2.66926584963 -3.23056315894 -3.61960678817 -2.40342353663 -2.71008534003 -3.46619776354 -3.17849409817 -3.86905640908 -2.90584558260 -3.02531423079 -3.71683167478 -3.27334153267 -3.10871943109 -2.96388609157 -2.52386316175 -2.07015093085 -2.16318148257 -1.98317525955 -1.84084600199 -1.91981366713 -2.72205143959 -1.32629332442 -1.91615032395 -1.81291370715 -1.75687145799 -3.44735444312
