# Number of parameters = 205 Objective function value = -3534.13818997974  Maximum gradient component = 0.000126420894652006
# theta[1]:
0.0581547121377
# theta[2]:
9.53942645398
# theta[3]:
8.99689768808
# theta[4]:
9.32504430638
# theta[5]:
0.556294644520
# theta[6]:
4.00000000000
# log_rinit_devs:
 -0.122020317266 -0.0651871717523 0.0841148109692 0.0578846396365 0.0452080384127
# log_rbar_devs:
 0.729571295550 0.577240222522 0.387447478977 0.431446665677 0.308700943524 0.640014180948 0.322508478977 0.284232220502 0.300840565613 0.409027146548 0.365958936843 0.335191139902 0.406465808250 0.478989610199 0.692671125263 0.628511871927 0.765585268854 0.580437796659 0.769895807961 0.537001768894 0.505802706609 0.543974245880 0.442429193110 0.197899779763 0.256580758221 0.257679996822 0.119718089477 0.437496091043 -0.0179645048022 -0.220024623524 -0.379599143410 -0.202930817785 -0.135987991769 -0.521925624742 -0.674815984708 -0.789487074695 -1.00479756718 -1.06880834699 -1.15094935911 -1.29465716016 -1.33349067498 -1.44683796723 -1.47221713354 -1.51088955748 -1.42318972319 -1.88590195076 -1.97305178023 -2.15468271070 -1.65807604497 -0.221290591627 1.40277237158 0.0590523146527 -1.34196448867 -0.337894741900 1.26147361730 0.531454318815 -0.505770097154 0.329577972656 2.03610101269 0.260408189258 -1.48157864662 -0.465419232598 2.09196954524 -0.331018505860 -1.08272063402 -0.833329319359 0.597868608533 0.506557087099 1.54212636263 1.57041955593 0.141653015854 0.902948965335 1.22845572204 0.722360055279 2.04892996393 -0.170929555309 0.408307389509 0.388568188638 0.629926268943 0.855641320571 0.425010922047 0.360571029139 -0.663763733708 -1.16249050449 -0.201195312763 -2.31041272013 0.961154874026 -1.42098921213 0.388102113138 0.174425181561 0.311897877371
# mat_params[1]:
 8.30689218278 11.2157564128
# mat_params[2]:
 6.51894479770 8.82639120772
# mat_params[3]:
 6.51423714588 8.87242983048
# log_m_devs:
 -0.0808540308221 -0.00574716752726 0.0572518220716 0.0293493762778
# log_slx_pars[1]:
 1.70696739940 -0.209843277402
# log_slx_pars[2]:
 1.75994011207 -0.497183611371
# log_ft_pars:
 -1.75318718767 -1.82872400904 -2.26880698476 -2.14180232263 -1.85924183076 -1.75886935935 -1.87719046452 -2.32796822447 -1.98251767857 -2.77643633506 -2.89697652460 -3.45964322679 -5.28473939299 -1.85249512138 -4.16692492727 -3.25741286297 -2.96353292334 -2.50407153060 -2.37874297618 -3.29466862705 -3.38194177776 -3.40861494153 -3.59298431592 -3.00545671262 -3.28732726612 -3.87777567033 -3.24657025805 -2.54696093305 -2.49595302772 -1.95060004424 -1.50688536943 -1.58996716059 -2.00285776990 -2.41662344214 -2.40823760489 -1.78491266059 -2.45567968765 -2.88451151327 -5.57141776640 -5.49748789456 -4.60718988469 -4.06626899250 -4.28680670337 -4.43667180107 -4.19730492808 -4.07424596154 -3.02597785562 -3.57193565140 -10.3015690157 -5.65834042909 -4.18330532099 -3.77545666118 -4.16720831546 -3.72461642193 -3.82313804051 -3.80196471693 -3.52694812941 -3.79426638637 -4.44635166144 -3.61825772318 -3.21646198421 -4.21913506727 -5.12001920924 -4.18347301498 -3.40821327449 -3.99284864644 -4.39503557265 -3.17963435077 -3.53542266361 -4.29693052490 -3.99175868853 -4.68753129361 -3.72984465155 -3.84360098464 -4.53034146686 -4.04850825011 -3.88028644757 -3.77700104631 -3.42913901409 -3.17076529614 -3.14289619404 -2.85198557573 -2.59421533048 -2.55533486457 -3.27467178637 -1.81203367836 -1.98862951024 -1.86842990702 -1.83732553304 -3.50629765454
