# Number of parameters = 204 Objective function value = -3670.32351721322  Maximum gradient component = 0.000379543929742930
# theta[1]:
-0.319225811940
# theta[2]:
7.83372767612
# theta[3]:
6.62671500646
# theta[4]:
7.18325804591
# theta[5]:
0.478134119950
# theta[6]:
4.00000000000
# log_rinit_devs:
 0.0107293773113 0.0151324977415 0.0894553969539 0.0333389912627 -0.148656263269
# log_rbar_devs:
 1.49546796563 1.30089493836 1.09656825453 1.10456583842 0.937824090882 1.16908618701 0.773033877458 0.658627959369 0.569194244920 0.593224991848 0.508651466382 0.465860811734 0.539721994613 0.587751710551 0.760160579137 0.691242681912 0.776595150556 0.588626081318 0.723388757251 0.496586854866 0.498609697524 0.570807554841 0.514409516618 0.321451665015 0.409679696572 0.469997214334 0.406645754619 0.764747404152 0.376772562398 0.184724453063 -0.0718063524879 -0.0644196657387 -0.105344488824 -0.523873294576 -0.742019112144 -1.02365664339 -1.40901591915 -1.53569406204 -1.59090815096 -1.64849669011 -1.62232872694 -1.68891224472 -1.68314315319 -1.69957861797 -1.58867168541 -2.08114276388 -2.27968507386 -2.57449865715 -2.12776718144 -0.686005990265 0.750861749044 -0.504310255325 -1.95424471751 -0.927656637915 0.669865252470 -0.0570053010461 -1.09739820995 -0.234979658744 1.45134492630 -0.376686207244 -2.13791439958 -0.981948319241 1.67529990013 -0.782385310039 -1.48894059216 -1.17822558204 0.310201799463 0.178710499264 1.23417139055 1.26691520968 -0.166074354648 0.620316778657 1.00245256166 0.523575538601 1.82609266967 -0.252456296591 0.456521424836 0.583873455286 0.961058770980 1.30498779102 0.868586995877 0.815354712246 -0.0805118688895 -0.517379293277 0.472090906016 -1.57125415322 1.67203385591 -0.687222578852 1.18334493166 1.00936724149 0.551613893834
# mat_params[1]:
 7.10284392570 10.3062870174
# mat_params[2]:
 5.52142363633 8.36952851310
# mat_params[3]:
 5.36020268709 7.77464769407
# log_m_devs:
 0.00000000000
# log_slx_pars[1]:
 1.23737402541 -0.568915094929
# log_slx_pars[2]:
 1.72187842657 -0.122237566673
# log_slx_pars[3]:
 1.59625902756 -0.432807636770
# log_ft_pars:
 -1.68006697082 -1.74312486731 -2.12554399568 -1.94616149208 -1.61706904309 -1.47760531887 -1.52514434080 -1.86643671446 -1.41728227755 -2.14999576636 -2.24208992079 -2.53781302510 -4.59320911275 -1.80923089676 -3.47678663113 -2.55911286711 -2.21224417841 -1.74076433539 -1.58032207487 -2.49277682225 -2.59741344494 -2.66237395999 -2.90109993730 -2.33546539131 -2.64084353161 -3.30556099619 -2.74509107441 -2.10836591758 -2.09496983903 -1.50210585783 -0.949349415374 -0.927797271192 -1.27501320474 -1.62911546180 -1.52698890109 -0.731530802185 -1.21502816711 -1.57027659807 -4.29969744008 -4.32320191861 -3.51434293568 -3.03888770910 -3.33462659776 -3.52780829738 -3.30899885168 -3.20433778151 -2.08266852947 -2.54957102331 -8.38351916700 -3.50772449202 -1.55353718041 -1.27091167585 -1.86679368184 -1.58329978763 -1.49833908173 -1.45375755094 -1.22296732284 -1.58347420128 -2.06388147149 -1.25117841159 -0.938740990456 -2.14155663165 -2.93416689340 -2.03485757524 -1.37935502699 -2.17558897388 -2.66137729887 -1.35762311246 -1.42122524881 -2.15537858613 -1.99168396950 -2.83900328138 -1.93486424444 -2.08663659259 -2.62002357601 -2.23958664692 -2.19645629938 -2.26058908915 -2.04547165121 -2.06484549337 -2.16393330393 -1.99259580482 -1.83881439879 -1.90492693037 -2.67250989880 -1.29068684979 -1.90078156709 -1.83794151679 -1.78115066796 -3.39693871827
