# Number of parameters = 198 Objective function value = -3487.86577352345  Maximum gradient component = 1.45141191638214e-005
# theta[1]:
-0.194990132103
# theta[2]:
8.28249032747
# theta[3]:
7.56196147412
# theta[4]:
8.00502140035
# theta[5]:
0.376596723066
# theta[6]:
4.00000000000
# log_rinit_devs:
 -0.0601981076639 -0.0222585492592 0.0918248365532 0.0583154890718 -0.0676836687019
# log_rbar_devs:
 0.966383586515 0.805468872824 0.621219442691 0.646723352453 0.503867464474 0.781439392829 0.447958768297 0.393274452192 0.383704756684 0.484059618880 0.448264606382 0.440166441948 0.529684478166 0.619392787818 0.841954293902 0.803309667809 0.944093178490 0.752144139729 0.914238924779 0.689623873760 0.665854912043 0.707749820334 0.614638988399 0.391116169018 0.453647424713 0.465110577310 0.336677023797 0.638722490937 0.181190096499 -0.0682480503377 -0.313050376564 -0.245169931830 -0.250411237187 -0.681415407421 -0.922491549676 -1.13744275816 -1.41203321998 -1.49299677099 -1.56801615390 -1.68841868197 -1.72151327754 -1.82024961053 -1.83715249050 -1.86883220378 -1.77452376779 -2.22887662626 -2.33810188176 -2.52318232571 -2.00989954239 -0.550281753587 1.01968061056 -0.313712923986 -1.72469554058 -0.705035746038 0.886068925777 0.168138728724 -0.864724524354 -0.00830288780232 1.64738450570 -0.107195904714 -1.81770546669 -0.781953608841 1.76946963684 -0.627877522145 -1.35406699668 -1.06949604035 0.381345913101 0.273527568139 1.31553837528 1.34300134416 -0.0691807202829 0.707220667530 1.07591561925 0.611895661875 1.89930105915 -0.133566192595 0.581082144456 0.710017858915 1.07555754853 1.37506494346 0.955386074872 0.906561105495 0.00188109242741 -0.446911565110 0.524945254655 -1.48785134564 1.79189646996 -0.663458975980 1.03943038163 0.680376292399 0.415676193105
# mat_params[1]:
 6.82803375772 9.86859905552
# log_m_devs:
 -0.102551427110 0.0147116680033 0.0878397591067
# log_slx_pars[1]:
 1.52205937589 -0.307635075814
# log_ft_pars:
 -1.55236550010 -1.61510384694 -2.04913518902 -1.91149677184 -1.61533667147 -1.48134362131 -1.57482807707 -2.00286014705 -1.62817599660 -2.40944272194 -2.54136199071 -2.47427052717 -4.94832481645 -1.96469642951 -3.87389089973 -2.98982836873 -2.70612925291 -2.23634105123 -2.08704215986 -2.99638313347 -3.08810108062 -3.11617709858 -3.31248689621 -2.73651847348 -3.01943218855 -3.62225545429 -3.01023887674 -2.30347530957 -2.25282618092 -1.68128252953 -1.16269105118 -1.14809805814 -1.47738370431 -1.84149348012 -1.77149892884 -1.03322216142 -1.59911464045 -1.98471129703 -4.67832811475 -4.63416989563 -3.76191488411 -3.23132439188 -3.46293389971 -3.62241631826 -3.39103861303 -3.28327171474 -2.21462424867 -2.74138900665 -9.47873683317 -4.83358817344 -3.30477315675 -2.99468239931 -3.37804421557 -2.85761292614 -2.93121334126 -2.99888130115 -2.73133662458 -2.94729983500 -3.56333529437 -2.82713872799 -2.40019071426 -3.34025151633 -4.25636239203 -3.46673792008 -2.68143619231 -3.18850819222 -3.62462882543 -2.49779689600 -2.83809326978 -3.62338675927 -3.35516545335 -4.02350638970 -3.06916092126 -3.24411376966 -3.91341256610 -3.51035494083 -3.36552936086 -3.31031617710 -3.14021382182 -3.06251630389 -3.15742326136 -2.91128480730 -2.69115468395 -2.68516201348 -3.43856323307 -2.07132138796 -3.08200027223 -3.00095829888 -2.79792973188 -4.27680191430
