# Number of parameters = 202 Objective function value = -3493.48667554495  Maximum gradient component = 6.38650367166745e-005
# theta[1]:
-0.138383529445
# theta[2]:
8.40355482331
# theta[3]:
7.78142417988
# theta[4]:
8.21462974967
# theta[5]:
0.376869776543
# theta[6]:
4.00000000000
# log_rinit_devs:
 -0.0710804767020 -0.0335455767580 0.0915110568457 0.0510483972679 -0.0379334006536
# log_rbar_devs:
 0.893008044137 0.727332741280 0.534278471234 0.580444141010 0.441823002760 0.769084669505 0.424181413356 0.383055345963 0.389905616897 0.507647259412 0.472637196566 0.469018931243 0.580072018634 0.695431040621 0.955883820617 0.931834401893 1.11609493992 0.905821981569 1.08789497261 0.833446795776 0.802794803416 0.847122351027 0.742753371357 0.491363844008 0.559700420260 0.571736048892 0.433550576600 0.784193843517 0.292902980512 0.0525841775080 -0.172906221865 -0.0522629456640 -0.0285874496789 -0.478047833136 -0.701234770240 -0.894082570853 -1.17518141841 -1.26826101315 -1.36781617356 -1.52214517980 -1.57652587133 -1.70412109597 -1.74049200584 -1.79045909298 -1.69982890305 -2.21444114058 -2.35471285003 -2.57893823855 -2.10101483743 -0.623724975451 0.945029421716 -0.402329855588 -1.79029203882 -0.776912437934 0.803173405178 0.0932718835755 -0.936325462702 -0.0838941112570 1.55550247670 -0.176415588814 -1.85314954411 -0.853424695015 1.67146965562 -0.695082577473 -1.42272842488 -1.13812719363 0.298198270277 0.198128649704 1.23028604958 1.25591968502 -0.142018950862 0.633344564308 0.996286155130 0.541251925374 1.81235723530 -0.199265909998 0.502313462889 0.629180157785 0.987925774746 1.27396224116 0.849659896190 0.789594240112 -0.131175110072 -0.610662184059 0.308341966070 -1.71516716557 1.44848303601 -0.894831061435 0.812452417491 0.530540076716 0.422315031018
# mat_params[1]:
 6.98078551105 9.98328013838
# mat_params[2]:
 6.31582078702 9.07710374428
# log_m_devs:
 -0.119599246494 0.0414037177417 0.0781955287526
# log_slx_pars[1]:
 1.54494897320 -0.278724809942
# log_slx_pars[2]:
 1.73685209714 -0.383085479850
# log_ft_pars:
 -1.55995908823 -1.63265282712 -2.07427595069 -1.94295102071 -1.65285386730 -1.53794322891 -1.64977110033 -2.09359281535 -1.73285449996 -2.52751969039 -2.66728919083 -2.41205548950 -5.08195438625 -2.26778194899 -4.05555911778 -3.18991923152 -2.93384510987 -2.45261030491 -2.30338488534 -3.20248934366 -3.27994933572 -3.29705297207 -3.48232116945 -2.89494955459 -3.16718929836 -3.76024362813 -3.14216944791 -2.45334149821 -2.40855211052 -1.84669068653 -1.34857469076 -1.36524500125 -1.72680781450 -2.10335351606 -2.04001641597 -1.33119898493 -1.91557713653 -2.29548331371 -4.96046356435 -4.88190381032 -3.98005482923 -3.42282344794 -3.63046883087 -3.76543556584 -3.51157461004 -3.38053426294 -2.29117830512 -2.78351201993 -9.48597378232 -4.88129468315 -3.37195752457 -3.05267147443 -3.44657989114 -2.94338988897 -3.01077776268 -3.06440221171 -2.80066945777 -3.02930614202 -3.63321452005 -2.88222752574 -2.46603945902 -3.42590297351 -4.32599200754 -3.51228331524 -2.73562402323 -3.26481329172 -3.70360404145 -2.56599300462 -2.90314861366 -3.68232228138 -3.41335174029 -4.09309353950 -3.14178886067 -3.31438616702 -3.98181425252 -3.57026923927 -3.43236433393 -3.38538185887 -3.20994637443 -3.12231330732 -3.20871120536 -2.96013876464 -2.73618679776 -2.72737921417 -3.46335180587 -2.06001327543 -2.05420629239 -1.83552967838 -1.70532125424 -3.31985331986
