# Number of parameters = 208 Objective function value = -3725.75323650232  Maximum gradient component = 0.000133322364919082
# theta[1]:
-0.315522300157
# theta[2]:
6.93998730594
# theta[3]:
7.26135110778
# theta[4]:
7.65295905866
# theta[5]:
0.913525920875
# theta[6]:
4.00000000000
# log_rinit_devs:
 0.291142415725 0.173235727812 0.117872630790 -0.103188340876 -0.479062433451
# log_rbar_devs:
 0.398781607797 0.227121350115 0.0557742128599 0.178860669468 0.0931731103961 0.469672089315 0.165143449676 0.192034574418 0.292798670885 0.485027370357 0.505727211303 0.463904318670 0.426228752919 0.522376558507 0.666369517777 0.768655545304 1.06407342444 0.855733158390 1.05032240919 0.812657030736 0.803510112367 0.872223951856 0.787869636584 0.551026800887 0.644236998278 0.687599154781 0.580706514676 0.967991001853 0.499701599099 0.267052776922 0.0286100071847 0.152896281736 0.196720426857 -0.236114430391 -0.443191613721 -0.630439961774 -0.901021390867 -0.955977479354 -1.00515393900 -1.11535370158 -1.12142367601 -1.22552755218 -1.24006662767 -1.27691157879 -1.18542621856 -1.75477817029 -1.95422356486 -2.23470940609 -1.80758260191 -0.384053616391 1.10529591225 -0.161702040003 -1.59748522576 -0.579291326233 1.02648533473 0.293475864715 -0.761599241559 0.0988702701664 1.81915182681 -0.0154328659135 -1.77291779435 -0.685999851020 1.95947721688 -0.526044448191 -1.26604765028 -0.984538957181 0.483145181534 0.354404101160 1.39328494042 1.42426344541 -0.0269083716506 0.758350228473 1.10678791273 0.590034468060 1.98100432747 -0.258242067731 0.369367701484 0.294601084668 0.405411871805 0.393430423186 -0.0285668955654 -0.0840300200742 -0.954332934275 -1.37310043037 -0.388908595890 -2.33501286259 0.856652159118 -1.36052585990 0.527734213356 0.415257262254 0.241576925709
# mat_params[1]:
 7.50194808672 10.4059570568
# mat_params[2]:
 7.70811002047 10.6985985498
# mat_params[3]:
 6.47153449944 9.45435066202
# mat_params[4]:
 5.26351266084 7.81774028450
# log_m_devs:
 -0.0760235389035 0.213297824422 -0.137274285519
# log_slx_pars[1]:
 1.18331079468 -0.137605007471
# log_slx_pars[2]:
 1.45211725481 -0.443969035510
# log_slx_pars[3]:
 1.71042731547 -0.238739658094
# log_ft_pars:
 -1.10077660506 -1.19609221992 -1.61798648069 -1.52904803327 -1.27624594730 -1.29287964494 -1.43390049563 -1.91293962534 -1.64044345500 -2.57990931971 -2.82599756313 -0.596909728852 -5.06726918368 -0.443370805992 -3.91966006375 -3.16750502583 -2.48809431754 -2.01934192653 -1.87621701694 -2.79548872553 -2.89438559404 -2.93323448264 -3.14906511489 -2.57810043532 -2.86245802604 -3.48566731936 -2.90115959601 -2.24170215479 -2.23447886329 -1.67242515870 -1.14713287509 -1.15705131214 -1.54638092343 -1.95436361426 -1.89701987543 -1.17807093325 -1.76722205076 -2.17531663878 -4.88671667326 -4.86099653904 -4.00865832550 -3.49820156283 -3.75521981999 -3.91776539889 -3.67441715535 -3.56205345627 -2.44844383112 -2.90172700243 -8.91905361452 -4.04610647272 -2.21814030465 -1.95111436238 -2.52613526702 -2.19355221491 -2.11225361538 -2.08618891910 -1.89039447527 -2.21877853214 -2.69611185143 -1.90763351226 -1.62924102434 -2.76657618008 -3.49213055276 -2.58153877007 -1.93497396147 -2.66615938205 -3.04391690325 -1.71586389529 -1.86362660110 -2.61511764767 -2.42842840394 -3.22480029719 -2.27136218766 -2.38917765008 -2.96541755123 -2.57744956367 -2.51178967438 -2.49169404214 -2.12501768523 -1.72728673877 -1.81321517818 -1.65832708250 -1.54949852137 -1.66543556489 -2.51487946873 -1.13866007334 -1.67478821371 -1.52214169292 -1.46159462100 -3.21158972910
