# Number of parameters = 207 Objective function value = -3715.15263569481  Maximum gradient component = 0.000430517858689515
# theta[1]:
-0.317778010468
# theta[2]:
7.29304821253
# theta[3]:
7.02274883963
# theta[4]:
7.42199199062
# theta[5]:
0.838523515123
# theta[6]:
4.00000000000
# log_rinit_devs:
 0.207827660237 0.148170755494 0.117571605647 -0.0794017053240 -0.394168316054
# log_rbar_devs:
 0.829694759184 0.659697525832 0.493895890649 0.561209501610 0.429213879902 0.734101761043 0.401400350789 0.380877880282 0.423894873426 0.574760418978 0.550159070792 0.500571073281 0.562487342329 0.635163592215 0.858418678271 0.870779964132 1.03685290646 0.848826757322 1.02038774180 0.787957306066 0.774785435432 0.835308983779 0.754777302997 0.531193510480 0.610928360986 0.649333826281 0.552763082535 0.914524484651 0.479411820942 0.266379684939 0.0308301485712 0.113869973646 0.127206922136 -0.291000413321 -0.491916714436 -0.694104113267 -0.988264757547 -1.06524070308 -1.12339742670 -1.22487420321 -1.23141791877 -1.33086762345 -1.34976382549 -1.39099176894 -1.30981542057 -1.85768212718 -2.06600955558 -2.35556258524 -1.91009403980 -0.477220836729 0.998112611738 -0.260688349940 -1.70555250619 -0.681198939127 0.926836952480 0.193552669163 -0.857453193908 0.00790189513559 1.72030518871 -0.117679707719 -1.88261005768 -0.772246178828 1.87790224744 -0.607723002104 -1.33824422247 -1.04985485886 0.425058827108 0.288465654734 1.33213354103 1.36256354379 -0.0905311291627 0.690352718537 1.04512850266 0.524202871879 1.90193850986 -0.328702942031 0.306503157480 0.249259804659 0.376973149425 0.380205176208 -0.0266978877292 -0.0647063635269 -0.874528228713 -1.24071222637 -0.203598055953 -2.08433474963 1.19355544275 -1.25254397499 0.512688923541 0.224652313106 0.257872095054
# mat_params[1]:
 7.49041365770 10.3227943473
# mat_params[2]:
 7.58284052654 10.7206961485
# mat_params[3]:
 6.11280302212 9.04669806122
# mat_params[4]:
 5.12846517575 7.61249961691
# log_m_devs:
 -0.0135003302770 0.152984741968 -0.234827835499 0.0953434238078
# log_slx_pars[1]:
 1.35252775550 -0.382938719476
# log_slx_pars[2]:
 1.68761306453 -0.234256691014
# log_ft_pars:
 -1.05167424604 -1.14324824131 -1.57493928722 -1.45269182756 -1.16540282034 -1.07786117396 -1.19280961844 -1.62952188790 -1.28691517962 -2.15161415866 -2.36354148590 -0.799633390307 -4.67424389209 -0.786353161332 -3.60036856219 -2.80136976200 -2.57120522669 -2.09325151588 -1.94953212749 -2.86077332095 -2.95043197002 -2.99411885410 -3.20859422726 -2.62659403251 -2.91339875221 -3.54686768602 -2.96041600008 -2.31427706304 -2.28720008090 -1.69962415432 -1.17121552204 -1.19452588312 -1.58629973709 -1.96426664279 -1.88259146663 -1.15593974804 -1.73380852634 -2.13597505162 -4.85052409251 -4.82771329354 -3.97983180990 -3.47181619842 -3.73621104751 -3.89839917471 -3.64958149730 -3.51524413321 -2.38581321863 -2.83348664585 -8.77657421724 -3.90314823406 -2.05413490274 -1.80023885025 -2.38119541268 -2.04180818667 -1.95171715113 -1.93775010992 -1.74430949742 -2.06959727378 -2.54227394451 -1.76409063534 -1.48304729755 -2.61830306621 -3.34883422420 -2.46078304116 -1.81986937216 -2.54641746876 -2.93457955877 -1.61958414616 -1.75649201412 -2.50713282752 -2.32950916044 -3.12838705768 -2.17557569593 -2.29753334601 -2.86001587703 -2.47705621084 -2.41238553357 -2.39136553317 -2.03612445138 -1.65037721378 -1.75267090938 -1.61136932544 -1.51746761335 -1.65529372841 -2.54072053279 -1.21580259927 -1.85050753629 -1.54799476649 -1.30947276073 -2.86396425086
