# Number of parameters = 204 Objective function value = -3676.08126135782  Maximum gradient component = 0.000345156038123540
# theta[1]:
-0.375036936407
# theta[2]:
6.97016497458
# theta[3]:
6.52541308431
# theta[4]:
7.09798585480
# theta[5]:
0.526211356825
# theta[6]:
4.00000000000
# log_rinit_devs:
 0.267759343020 0.160758163001 0.109917874203 -0.0759693702069 -0.462466010018
# log_rbar_devs:
 1.06876294693 0.881264073129 0.709794215767 0.777395135433 0.645429934924 0.924257299178 0.562450530503 0.515843781193 0.514646774920 0.639352401148 0.621627143535 0.541017394458 0.585384274062 0.623620907881 0.783524965402 0.775065888413 0.900207821949 0.718421286914 0.866605376502 0.634443999215 0.631418434869 0.701099996662 0.637202077915 0.432822729202 0.517804598911 0.572055741910 0.498275468666 0.864758306227 0.459158659271 0.264734074960 0.00942037243104 0.0255856145023 -0.0127338751006 -0.444268885544 -0.663264251509 -0.944842498241 -1.33986867049 -1.47728603134 -1.54583392152 -1.61661257221 -1.60109183774 -1.67942158164 -1.68356494881 -1.71081641076 -1.60405243245 -2.11745924789 -2.32592037611 -2.62265937451 -2.13542213532 -0.677829045701 0.744820054017 -0.515285692540 -1.96059035526 -0.932726951805 0.662053920160 -0.0686701466810 -1.11062469210 -0.240544252333 1.43973040379 -0.392682165472 -2.14262865747 -0.993833599361 1.66552526012 -0.788034306646 -1.49095660159 -1.17187683421 0.316066660521 0.179474373967 1.23382340890 1.26992770779 -0.158245342890 0.633507317059 1.02088068376 0.554202225163 1.85821818194 -0.182703985175 0.549269199311 0.692639628844 1.06181544037 1.34663483014 0.909744345572 0.851984236829 -0.0614583200685 -0.517873090300 0.461589987971 -1.59467856822 1.65303478459 -0.798338396923 1.00083155342 0.750570453793 0.564903170892
# mat_params[1]:
 7.03450273397 10.0025748396
# mat_params[2]:
 7.06334734368 10.4302829355
# mat_params[3]:
 5.35053025623 8.03553333796
# log_m_devs:
 -0.0901669134036 0.0310453881118 0.0591215252918
# log_slx_pars[1]:
 1.22262841534 -0.599225559730
# log_slx_pars[2]:
 1.67109722246 -0.201852433713
# log_ft_pars:
 -1.12472238308 -1.20435944841 -1.61993778458 -1.49232641696 -1.20191860323 -1.10470011027 -1.19583940260 -1.60038176142 -1.22887459097 -2.06860059902 -2.27196040422 -0.784873845576 -4.53389054542 -0.789039212964 -3.40781944663 -2.58785478404 -2.32044744138 -1.84563713833 -1.68779325781 -2.60019652790 -2.70059487640 -2.76079418614 -2.99363413313 -2.42346627879 -2.72177034271 -3.37772171155 -2.80937405853 -2.16813424756 -2.15023407352 -1.55405731052 -1.00254543663 -0.982033277050 -1.32849326835 -1.67932206182 -1.57348298809 -0.779570468117 -1.26163900558 -1.60830341391 -4.32382949987 -4.33387497443 -3.51191190109 -3.02366979479 -3.30497641770 -3.48713006710 -3.26068810038 -3.14538581745 -2.00754434107 -2.46095233867 -8.40096281149 -3.52286066199 -1.56771240648 -1.33141704536 -1.95065230003 -1.63864820637 -1.51121218416 -1.48903012903 -1.28610688621 -1.63039149291 -2.07777517590 -1.29475176408 -1.00432921508 -2.18337302974 -2.93406902293 -2.07496651780 -1.45567667202 -2.23086614497 -2.68048201610 -1.38187037848 -1.46267377561 -2.21083914088 -2.07021834162 -2.91472223951 -1.99359817363 -2.14999993905 -2.68925419538 -2.33324815649 -2.30817354333 -2.36854560750 -2.15954611989 -1.97854456887 -2.03746066325 -1.84296830870 -1.68866027440 -1.75665274397 -2.54962034417 -1.16062742832 -1.77691133457 -1.60467681232 -1.45497351199 -3.05959738071
