# Number of parameters = 203 Objective function value = -3577.71840374360  Maximum gradient component = 9.44566701408228e-005
# theta[1]:
0.0904338683961
# theta[2]:
9.73327705329
# theta[3]:
9.22694071688
# theta[4]:
9.54700588169
# theta[5]:
0.611262201698
# theta[6]:
4.00000000000
# log_rinit_devs:
 -0.161034707570 -0.113496954709 0.0566517838452 0.0264718561387 0.191408022295
# log_rbar_devs:
 0.761340980962 0.579067013162 0.351899619420 0.443924215878 0.318353169839 0.787402685653 0.398534816221 0.364151826827 0.398905368496 0.529242838479 0.472800602816 0.452594160628 0.572094460863 0.662166029462 0.896859291463 0.738215494808 0.826433449691 0.614016818161 0.893847699094 0.608366550850 0.587373757165 0.660031271903 0.547974234478 0.244131845673 0.343314962837 0.365671611436 0.208011741883 0.666919704002 0.107664268869 -0.102319796172 -0.255906987391 0.0309793509895 0.157500710769 -0.312794270423 -0.472063066282 -0.586423151358 -0.846973406075 -0.917685317476 -1.01670983901 -1.19883025531 -1.24084650841 -1.38512448628 -1.41324201459 -1.45497963703 -1.32238367562 -1.89704460669 -2.00904943475 -2.22827747095 -1.74259959130 -0.285686520552 1.32719854848 -0.0360132525296 -1.39678526732 -0.402741572529 1.17421213158 0.451987498408 -0.591930831457 0.241675468489 1.93860970685 0.178488437583 -1.50978849696 -0.546979452061 1.98863311876 -0.388892410964 -1.15052958784 -0.891982027790 0.516132095870 0.432061989258 1.44401419092 1.46996698192 0.0592971931737 0.829028054625 1.13945231013 0.642017580712 1.93722633068 -0.250929703965 0.290933820853 0.261711803964 0.473816862110 0.653392731235 0.247703869189 0.176092649692 -0.878649361625 -1.37033968678 -0.415958628914 -2.47674445085 0.757502748958 -1.61299671584 0.156039596307 -0.0612631947095 0.294478405284
# mat_params[1]:
 7.94824516854 10.3618623634
# mat_params[2]:
 8.57257090440 11.5268900402
# mat_params[3]:
 6.64391209508 9.08547730823
# log_m_devs:
 0.00911832492388 -0.00911832492388
# log_slx_pars[1]:
 1.65831796060 0.122912664413
# log_slx_pars[2]:
 1.74874092529 -0.279482526245
# log_ft_pars:
 -2.18890671505 -2.30387658769 -2.70190374272 -2.56331446424 -2.28042851612 -2.31912009609 -2.43712763696 -2.85729521655 -2.50841442839 -3.34514956993 -3.47306962190 -4.03071525481 -5.86811728735 -2.94127627290 -4.87692365033 -3.93105704936 -2.83425846342 -2.40911231252 -2.30839638660 -3.23725456991 -3.33878753734 -3.37669791931 -3.56472866283 -2.98216016401 -3.26485110795 -3.84883499152 -3.21428809058 -2.53653727432 -2.50958302939 -1.99657982394 -1.57619159363 -1.65816328953 -2.08100979536 -2.51793956852 -2.53913965596 -1.93163226597 -2.58595985865 -2.99009960565 -5.64737344170 -5.54520898223 -4.63057294959 -4.06642299402 -4.25682140090 -4.39160852412 -4.15302245587 -4.02437322595 -2.96502122838 -3.49126977382 -10.1625579684 -5.44829811611 -3.88465082348 -3.57206240306 -4.09809144032 -3.74440103403 -3.70782702018 -3.66087827259 -3.44785980999 -3.76057083681 -4.26914140952 -3.46030769129 -3.16223583664 -4.26013543758 -4.98125208020 -4.02235927688 -3.33993605204 -4.04301296492 -4.39662586824 -3.08917388774 -3.33742750054 -4.09760493035 -3.86713208796 -4.62822570428 -3.66137013598 -3.77103379753 -4.36869656100 -3.92952441398 -3.81749315570 -3.76427333368 -3.38125510296 -3.04612575004 -2.98801828015 -2.70398224445 -2.47281029621 -2.46935174816 -3.18316491381 -1.70519083580 -2.49807077005 -2.34126478807 -2.23237988777 -3.82672619871
