# Number of parameters = 94 Objective function value = -1189.53410494762  Maximum gradient component = 8.02370780204680e-005
# theta[1]:
-0.603405568111
# theta[2]:
3.30957718642
# theta[3]:
5.88546916251
# theta[4]:
6.24927239201
# theta[5]:
0.843825027991
# theta[6]:
4.00000000000
# log_rinit_devs:
 3.17419145337 1.83541574463 0.0397933263579 -2.37026440420 -2.67913612016
# log_rbar_devs:
 -0.743718595941 -2.05675886252 -1.03887017515 0.540765073469 -0.229074471990 -1.40183155004 -0.450409315446 1.30871012261 -0.607031877282 -2.17680869345 -1.24874365846 1.48232181844 -0.886488497476 -1.67449838788 -1.27140249654 0.176071639942 0.0445977222642 0.966404038463 0.991519821500 -0.391830456598 0.493999004475 0.814935696042 0.409987466614 1.68856248601 -0.248072910342 0.391322378776 0.587698456349 0.958041048255 1.19712661018 0.862177240170 0.809636488154 -0.142547764780 -0.583008985679 0.353425158129 -1.63190651981 1.47557087938 -0.861636372594 0.907952830473 0.816033350905 0.367780261378
# mat_params[1]:
 4.35605212186 6.54230036816
# log_m_devs:
 0.00000000000
# log_slx_pars[1]:
 1.56101661965 -0.218772532860
# log_ft_pars:
 -1.19521676667 -1.78199668462 -1.42281764910 -1.30972549085 -1.33795239882 -1.10510253523 -1.37953585682 -1.84917957430 -1.11753222604 -0.787233527581 -1.87822156020 -2.67446260236 -1.90060923819 -1.25768771578 -1.98111656307 -2.46684093903 -1.22728822734 -1.26235411830 -1.97093067633 -1.81275330700 -2.64156428680 -1.73118982098 -1.92692616977 -2.49001747803 -2.17072453700 -2.14877116304 -2.20757644970 -2.02867304134 -1.86428131804 -1.93247486659 -1.73588346800 -1.58706844556 -1.66095913070 -2.47079144253 -1.09086423671 -1.65959041391 -1.50073935352 -1.32223900590 -2.95133494552
