# Number of parameters = 204 Objective function value = -3604.25854315423  Maximum gradient component = 0.00358075974248481
# theta[1]:
-0.0758262809165
# theta[2]:
9.24981484604
# theta[3]:
8.51012405300
# theta[4]:
8.77103390238
# theta[5]:
0.879613821147
# theta[6]:
4.00000000000
# log_rinit_devs:
 -0.161894028257 -0.107787326512 0.0660544360586 0.0310028360626 0.172624082648
# log_rbar_devs:
 0.993005188980 0.788960276327 0.539439498648 0.606303613343 0.456700130017 0.916411796470 0.494512788446 0.442520747082 0.461937210040 0.587963629602 0.532091931474 0.523981908824 0.657641727336 0.755232709043 0.999584729257 0.831339002601 0.920612385904 0.693849812330 0.982321208763 0.689183473248 0.680258069766 0.769605732709 0.668376918208 0.370112596136 0.492456195594 0.538658524476 0.394016518233 0.898601149201 0.312282891927 0.0865586055094 -0.0922795515084 0.191991278844 0.314020372736 -0.188770315508 -0.371528440918 -0.508385207835 -0.788109730995 -0.862613781870 -0.964492931195 -1.14972777053 -1.19443105839 -1.34233201705 -1.37078693419 -1.41329003483 -1.27225093364 -1.86484967202 -1.98564328220 -2.20262510931 -1.69927308108 -0.230492831950 1.35268389542 -0.00744037890676 -1.36948426485 -0.377138342409 1.20169128815 0.474789711591 -0.581492021553 0.260718256825 1.96139589205 0.179270646603 -1.50396644593 -0.551117723993 2.00810597864 -0.396598688731 -1.16015335254 -0.894664249114 0.522563575364 0.431359297785 1.44753535894 1.47135649530 0.0471502971364 0.824421662356 1.13908118848 0.622181243874 1.98966874814 -0.286994474503 0.214527681708 0.0654398101726 0.0903977243739 0.00846656058311 -0.371395780784 -0.438009678412 -1.36397543842 -1.78702030368 -0.803503686078 -2.72021644937 0.495880253657 -1.87572958795 -0.139611121989 -0.390398982353 0.121575468361
# mat_params[1]:
 7.86929948233 10.3654519155
# mat_params[2]:
 7.89604561218 10.8287507760
# mat_params[3]:
 5.98797645393 8.67695716848
# log_m_devs:
 0.127549661611 -0.148979172105 0.0214295104935
# log_slx_pars[1]:
 1.59018663707 0.128284874089
# log_slx_pars[2]:
 1.69322471870 -0.284262888421
# log_ft_pars:
 -1.96568483266 -2.06492101721 -2.44499129313 -2.28524566447 -1.97660975614 -1.99443437348 -2.09078826456 -2.49004168673 -2.12166639933 -2.94745223909 -3.07393610541 -5.24583470390 -5.48853920612 -5.14758082478 -4.52675957673 -3.57868782159 -2.57032646464 -2.13299097560 -2.02387424615 -2.94457146236 -3.04952116383 -3.09001364439 -3.28812689287 -2.71649364455 -3.00477698602 -3.60288149580 -2.99254147141 -2.34694665270 -2.33835660871 -1.83277555792 -1.39138908168 -1.44825142870 -1.86461164418 -2.29839106658 -2.30376009253 -1.66440947944 -2.28568025140 -2.67654973468 -5.32849962214 -5.22695677678 -4.31082202334 -3.74279669283 -3.93350800765 -4.06537699208 -3.82293471950 -3.69670176819 -2.63003870968 -3.13869315818 -9.81457079046 -5.13468336848 -3.58121997121 -3.27962138386 -3.78150481083 -3.37408153692 -3.34353477524 -3.33152333351 -3.11856114182 -3.39795845660 -3.91827255880 -3.13368680343 -2.81973093819 -3.86706327972 -4.60560295532 -3.69490779015 -3.00482540761 -3.64606661728 -3.98720729468 -2.71776364174 -2.99263182338 -3.75739614184 -3.52142074823 -4.25710020422 -3.27746363275 -3.39472564610 -4.02434337905 -3.59896992419 -3.47676133575 -3.36719076638 -2.91131856594 -2.45117417629 -2.48091473250 -2.26169362368 -2.09653846749 -2.16827748748 -2.95858448416 -1.55323094034 -2.22493965011 -1.97601612744 -1.78671958928 -3.33949131335
