# Number of parameters = 203 Objective function value = -3612.37175138759  Maximum gradient component = 0.0131227891492123
# theta[1]:
-0.450832309886
# theta[2]:
7.33469893552
# theta[3]:
6.55095384657
# theta[4]:
6.87164317817
# theta[5]:
1.37187236910
# theta[6]:
4.00000000000
# log_rinit_devs:
 0.150815862773 0.133570816736 0.144913685783 -0.0439860532191 -0.385314312072
# log_rbar_devs:
 1.29617295604 1.11019184126 0.914912668731 0.949383357696 0.772640098239 1.06624468982 0.655667108537 0.574039716245 0.556205698973 0.663682460664 0.598390878298 0.534431978520 0.582109424052 0.648651504472 0.906628408243 0.920492115160 1.11111578889 0.891298107105 1.07762579947 0.840528358472 0.850274462127 0.941049446532 0.878695349352 0.663851520373 0.785364132165 0.861767097287 0.784741102763 1.20773362154 0.743437804165 0.505173048669 0.238166418870 0.330084721534 0.349012412498 -0.112751431769 -0.359502179675 -0.606196639933 -0.928021526495 -0.987631245573 -1.01580170907 -1.09134641847 -1.06658038827 -1.14396766172 -1.13296894258 -1.14472460883 -1.02881704727 -1.60985320971 -1.87058035555 -2.23725880999 -1.91801906065 -0.472772700524 1.00987475304 -0.224526995201 -1.63727812164 -0.636821788964 0.935180959952 0.209414732670 -0.847285254034 0.0260278279068 1.70566855274 -0.115858019834 -1.86738717634 -0.812490394132 1.78161330326 -0.649940524207 -1.39049676632 -1.10112234665 0.364040430971 0.219825808100 1.22839516105 1.24768852953 -0.176197085027 0.598742017928 0.954965074379 0.438283657827 1.84766076579 -0.340418631625 0.306446829332 0.195470378152 0.110148741473 -0.0634903523233 -0.418840149167 -0.434330939917 -1.41024632528 -1.83000986144 -0.882584868675 -2.82858825331 0.270204853473 -2.10295444093 -0.337074147714 -0.172333268591 -0.252346826931
# mat_params[1]:
 7.44628015130 10.4950231786
# mat_params[2]:
 5.56925751636 8.50361436277
# mat_params[3]:
 3.00004935083 3.00017295963
# log_m_devs:
 0.0632191836702 0.231397384626 0.168584348812 -0.463200917109
# log_slx_pars[1]:
 1.43230816228 -0.333351467921
# log_ft_pars:
 -0.989376183455 -1.06161095303 -1.49260461025 -1.35671261058 -1.03959818849 -0.892188368485 -0.957585219783 -1.35210262686 -0.941356899900 -1.72343131885 -1.88829899857 -0.882419227963 -4.19639864112 -0.637071655508 -3.05265385844 -2.25044337656 -2.02234686840 -1.54509932735 -1.38514626857 -2.29570116627 -2.41039694238 -2.47396664769 -2.71374810594 -2.15903887858 -2.46861418821 -3.12785275158 -2.57352544149 -1.94867963692 -1.95228959667 -1.39240737757 -0.849236815447 -0.820468092258 -1.17712072551 -1.55937547219 -1.48460071045 -0.710570202945 -1.22096777901 -1.60418176930 -4.33954366927 -4.35568665058 -3.54072145118 -3.06004119990 -3.34519722544 -3.53767878950 -3.32603787862 -3.22479017622 -2.10610419069 -2.54470563546 -9.16126739782 -4.42947345712 -2.76347542558 -2.45688989015 -2.81553514525 -2.30380899787 -2.40304899560 -2.49024639504 -2.19479600114 -2.39733766505 -3.03936837668 -2.31777981232 -1.84542742525 -2.77046671175 -3.70896135567 -2.94556739669 -2.11537223306 -2.61046207795 -3.07826208421 -1.94882933500 -2.21311737260 -2.97986077954 -2.70623068760 -3.36444701847 -2.42133791151 -2.58626965207 -3.25723248185 -2.88504141422 -2.71086338806 -2.59174952879 -2.24818039714 -1.84346306176 -1.93392640173 -1.72866991283 -1.57135429597 -1.62844475781 -2.45761417769 -1.11013400820 -1.67158578115 -1.54241952430 -1.31448196247 -2.95352837250
