# Number of parameters = 207 Objective function value = -3718.88443301095  Maximum gradient component = 0.000131175687436367
# theta[1]:
-0.281021305319
# theta[2]:
7.67782220365
# theta[3]:
6.82732649312
# theta[4]:
7.30217799072
# theta[5]:
0.534824331091
# theta[6]:
4.00000000000
# log_rinit_devs:
 0.0449061154455 0.0173839467585 0.0764959727118 0.00568213755507 -0.144468172471
# log_rbar_devs:
 1.22597876943 1.03240272477 0.824162733088 0.860693783185 0.717785562230 0.987018226343 0.604021719006 0.508090397041 0.458427765280 0.492495534029 0.429197386093 0.402034845020 0.503892940536 0.611559321759 0.812877277909 0.735980732865 0.801491945922 0.602988855601 0.758389778122 0.539189960910 0.542114267290 0.616919787111 0.554183181496 0.350710601757 0.446346899935 0.505136587957 0.425816742959 0.787977106063 0.372161633250 0.152419034499 -0.114929828480 -0.0786071253409 -0.0916687216720 -0.515865361913 -0.752526434588 -1.02407630797 -1.36216550911 -1.45154759110 -1.48893790227 -1.55834145146 -1.54014211981 -1.61358894708 -1.60796365577 -1.62480696181 -1.51752603070 -2.02990373536 -2.21419783811 -2.46175154627 -1.93870904932 -0.504884161176 0.947654124331 -0.312123841231 -1.77181461387 -0.743260681359 0.872939286053 0.130109388984 -0.926669784495 -0.0533401020307 1.67011752407 -0.190053005499 -1.96365949921 -0.818225223759 1.87257337911 -0.637033166257 -1.35687772079 -1.05381006488 0.440859378083 0.295885840558 1.35352127369 1.38689923580 -0.0808407143518 0.707714905486 1.07084812404 0.550428710173 1.88604497341 -0.310660680058 0.358305772026 0.393004464268 0.634029238357 0.748968815048 0.354135302945 0.340305585318 -0.428147447196 -0.756640345868 0.312441263284 -1.52809505134 1.80207351345 -0.634739752642 1.09622438682 0.733227076900 0.437354310484
# mat_params[1]:
 7.19358019974 10.1733535502
# mat_params[2]:
 7.36471059041 10.6198494363
# mat_params[3]:
 5.71575539454 8.44531687917
# log_m_devs:
 0.00703640296970 0.0804063514369 -0.221675680441 0.134232926034
# log_slx_pars[1]:
 1.07259450897 -0.379999258438
# log_slx_pars[2]:
 1.33960589134 -0.563230379670
# log_slx_pars[3]:
 1.68419730687 -0.240472492992
# log_ft_pars:
 -1.70610092983 -1.76761386784 -2.13586148441 -1.97517495202 -1.65730987449 -1.59004339558 -1.62984459903 -1.98488895990 -1.56915027417 -2.35053045025 -2.46382657313 -2.68063500017 -4.86054752742 -2.56366996075 -3.87575546938 -2.95260537387 -2.22271547801 -1.76167719063 -1.60213589151 -2.52188211502 -2.63127949973 -2.68878941925 -2.92586271636 -2.36866759146 -2.66836823565 -3.31972939255 -2.75635760748 -2.09801370125 -2.09806113493 -1.52100079804 -0.972327661722 -0.941528004744 -1.28351205980 -1.65956921357 -1.57213721570 -0.787434098016 -1.29514704805 -1.66658238430 -4.39465197163 -4.40953487335 -3.59032016453 -3.10846767831 -3.39277040099 -3.58193751796 -3.36264520694 -3.27367905228 -2.16136008594 -2.64120633737 -8.65148953236 -3.74771702973 -1.84289933142 -1.59912567380 -2.19683163680 -1.86170995183 -1.74668083853 -1.73031143197 -1.54034281128 -1.86913566702 -2.33069027740 -1.55826783100 -1.28433961609 -2.42998317793 -3.16618809889 -2.29931813988 -1.68124718509 -2.42113011577 -2.81565184151 -1.50280620745 -1.62469849673 -2.37655607387 -2.21519091156 -3.02694084280 -2.07804511798 -2.20114929436 -2.73957184725 -2.35778382765 -2.29767051409 -2.29182549535 -1.97501452748 -1.65885722300 -1.79489865435 -1.67919954946 -1.60426783314 -1.76226117237 -2.66481919165 -1.37060608663 -2.11350570224 -1.84065440977 -1.61837059129 -3.15214944474
