# Number of parameters = 202 Objective function value = -3509.51023680604  Maximum gradient component = 0.000347354732858104
# theta[1]:
-0.137615866640
# theta[2]:
8.15045326114
# theta[3]:
7.65737239447
# theta[4]:
8.04973916171
# theta[5]:
0.444141991860
# theta[6]:
4.00000000000
# log_rinit_devs:
 0.00437531965577 0.0190546649603 0.108609740381 -0.0181903300743 -0.113849394923
# log_rbar_devs:
 0.904997989751 0.734339381366 0.536936443226 0.594219402742 0.450029406543 0.836546789932 0.478940223880 0.461337436145 0.513142565039 0.668619885359 0.650960597501 0.671541565991 0.808915211280 0.905527642541 1.12349549678 0.989062607113 1.03580686876 0.829391376121 1.05222534751 0.780793105974 0.760192226256 0.824925579636 0.724707447009 0.461189466781 0.554728255832 0.584947559144 0.445441372014 0.857593764339 0.321162756856 0.0715358074831 -0.159909794899 -0.00516992681040 0.0363318979377 -0.449486303278 -0.681431416141 -0.878400447536 -1.17454792255 -1.26480568807 -1.36387518585 -1.52441283454 -1.57535022101 -1.70697960915 -1.73831299280 -1.78432894077 -1.67236548107 -2.21312997836 -2.35007956492 -2.57132000359 -2.08122146303 -0.609853769673 0.942205547498 -0.394689975384 -1.77013349199 -0.763407374931 0.804229062551 0.0971676301324 -0.937402468602 -0.0834468533428 1.55519402737 -0.180791681275 -1.84814784016 -0.858896310708 1.66225126368 -0.695355989500 -1.42834140217 -1.14111406340 0.288272909296 0.186798712519 1.20738843300 1.23121319358 -0.163403342313 0.613931354775 0.970970922943 0.516172450315 1.78586549190 -0.218873596778 0.483029366920 0.616287986577 0.984682041682 1.27844890678 0.850141176563 0.789610402614 -0.134429088292 -0.625240956707 0.245812167088 -1.81377496790 1.21008023508 -1.16472853029 0.486416945334 0.165111061747 0.386292711003
# mat_params[1]:
 7.48044928442 10.1183591512
# mat_params[2]:
 6.92967275887 10.0115628085
# mat_params[3]:
 6.14495386959 9.18305766100
# log_m_devs:
 -0.0292097643343 0.0127691241442 0.0164406401901
# log_slx_pars[1]:
 1.56319955007 -0.265351601481
# log_ft_pars:
 -1.11998351076 -1.21882306358 -1.67703460068 -1.55499811170 -1.26030875403 -1.16747523375 -1.29873399553 -1.76241306350 -1.42148606381 -2.25705246126 -2.44106093464 -1.49781954112 -4.88828499970 -1.36607228796 -3.88414650582 -3.01911301120 -2.71693459930 -2.25205913266 -2.10830438450 -3.01238815527 -3.10132129989 -3.12837882247 -3.32292854820 -2.74532575573 -3.02505692718 -3.62577731133 -3.01776054583 -2.34582355735 -2.31472066535 -1.76669295918 -1.27054370266 -1.27714899683 -1.63573668314 -2.01739759946 -1.96170094911 -1.24908331490 -1.82114294199 -2.19443119498 -4.85644266359 -4.77646939552 -3.87285912057 -3.31265835121 -3.51423743533 -3.64987984786 -3.40419592486 -3.27629124440 -2.18779458778 -2.68152263984 -9.37962972563 -4.74281711985 -3.19130129764 -2.88946415994 -3.31898102122 -2.84483756724 -2.87765631723 -2.92229106257 -2.67382321954 -2.91565089628 -3.48482769014 -2.73305834791 -2.34445331757 -3.33235583716 -4.18316517502 -3.35787452905 -2.60707066063 -3.17016303681 -3.59535974464 -2.42950465446 -2.73257423790 -3.50486071989 -3.25243787317 -3.95215294634 -2.99733841075 -3.16619977129 -3.81370941220 -3.40951710373 -3.28959679684 -3.25536571482 -3.07484572471 -2.98198968713 -3.07368605687 -2.83717933340 -2.62435597853 -2.62662677302 -3.35719610764 -1.93657086446 -2.68698112581 -2.49195919617 -2.25104034488 -3.73556565885
