# Number of parameters = 204 Objective function value = -3637.12412260819  Maximum gradient component = 0.000103014635898074
# theta[1]:
-0.361404884973
# theta[2]:
7.58308613030
# theta[3]:
6.46003830190
# theta[4]:
6.95575427026
# theta[5]:
0.596753782563
# theta[6]:
4.00000000000
# log_rinit_devs:
 0.00632011234934 -0.0131506767079 0.0765526868437 0.0369431404232 -0.106665262908
# log_rbar_devs:
 1.50314753935 1.29951478890 1.06367955970 1.09559283219 0.961433096117 1.24624104447 0.845859030553 0.730419403034 0.683514568804 0.674246554999 0.582536937402 0.517106618476 0.635552858124 0.759220004931 1.02564027970 0.958168841796 1.03318312488 0.806224770179 0.977437934563 0.756072077086 0.771618958822 0.861978006532 0.806445363197 0.610161714524 0.734361658203 0.812731664080 0.736054841478 1.13145513523 0.679122865480 0.425807972048 0.138319400661 0.191616365886 0.184426991062 -0.292520152052 -0.601758303576 -0.926005774137 -1.29622842821 -1.38428005584 -1.41650169437 -1.48815968473 -1.47183290256 -1.54817132314 -1.54035170287 -1.55695722987 -1.44992061648 -2.02824719713 -2.31087367711 -2.68518891251 -2.32291413706 -0.838419692644 0.575975288673 -0.651787111750 -2.07563905813 -1.06080352782 0.508195631722 -0.216375046830 -1.25934093974 -0.372873707840 1.28715586943 -0.520920848812 -2.26974878319 -1.15717328414 1.45247669094 -0.951618240950 -1.66477734157 -1.34179467408 0.138722560069 -0.00511915019754 1.02842297152 1.05898310941 -0.356089816113 0.426105283613 0.804159662465 0.333240637442 1.62826020242 -0.393005003939 0.334701603826 0.487307337364 0.862079271695 1.15167662761 0.726492339250 0.661534967219 -0.252350479481 -0.698756618336 0.278840753897 -1.76937925474 1.46994127744 -1.02561353947 0.748094189572 0.509903204948 0.490335628421
# mat_params[1]:
 6.86951564347 9.95140314260
# mat_params[2]:
 7.14983274278 10.3880340904
# mat_params[3]:
 4.96725782932 7.49689265906
# log_m_devs:
 0.0400699494498 -0.0492354876928 0.00916553824301
# log_slx_pars[1]:
 0.439183929275 -4.37412542698
# log_slx_pars[2]:
 1.45810095488 -0.404531867360
# log_ft_pars:
 -1.97987662613 -2.01516042907 -2.35039744467 -2.19049599086 -1.86526770590 -1.84582157689 -1.83566663410 -2.17418793569 -1.75706102128 -2.53006909105 -2.61191359905 -6.54335448543 -5.01219882887 -6.66891282433 -4.09786841936 -3.15347079727 -1.89342845389 -1.43657963524 -1.27209491730 -2.17849214653 -2.30714946635 -2.37443330460 -2.62054410195 -2.08409102946 -2.40230340711 -3.06165445028 -2.51310511963 -1.86129790297 -1.86896944528 -1.32878088601 -0.790195377460 -0.723650353186 -1.01954658628 -1.38239352048 -1.30372026173 -0.479691363720 -0.896232794907 -1.21431540204 -3.93018120180 -3.95569470808 -3.14110693508 -2.65480086023 -2.92514881796 -3.11744074355 -2.91308191495 -2.81981971921 -1.68965165784 -2.12313295167 -8.74095312019 -3.93893223794 -2.12077745171 -1.91880497096 -2.39398445402 -1.90990529839 -1.86239420477 -1.97397109538 -1.74007263100 -1.96102693144 -2.48316266881 -1.82001527707 -1.42670531549 -2.41099388551 -3.23163981597 -2.54554024881 -1.82762419291 -2.39563561535 -2.83511664399 -1.68208006987 -1.88581422675 -2.67486729985 -2.49680447522 -3.21890259640 -2.26133398870 -2.45301855110 -3.03306221044 -2.70686926969 -2.61185724605 -2.58380056191 -2.41084692979 -2.30259587423 -2.40313358919 -2.17200390174 -1.97325437821 -1.98422933659 -2.73726763848 -1.38192848845 -2.12641927953 -2.05258908167 -1.81130523566 -3.32601039516
