# Number of parameters = 203 Objective function value = -3632.39607114255  Maximum gradient component = 0.000317980333136040
# theta[1]:
-0.317336867892
# theta[2]:
7.73479661946
# theta[3]:
6.80885116633
# theta[4]:
7.18228334412
# theta[5]:
0.917911912996
# theta[6]:
4.00000000000
# log_rinit_devs:
 0.0706286219243 0.0810783622647 0.123804456304 -0.0103656633146 -0.265145777179
# log_rbar_devs:
 1.30397366630 1.13499530430 0.951086804759 0.960092678467 0.789099465089 1.03586459291 0.662768554455 0.574414695849 0.544440538807 0.628975952195 0.577411080314 0.546651246188 0.621273228385 0.707670884365 0.948149000123 0.940533189750 1.09175147976 0.890618980560 1.05341157239 0.842354146818 0.844944836349 0.917658241748 0.855083874416 0.658816697908 0.760549215199 0.819147583848 0.738744225925 1.09486865185 0.662305163699 0.421659738856 0.161073101888 0.224875669495 0.224293578371 -0.211722489876 -0.464614115379 -0.708462401701 -1.00487426928 -1.06639071680 -1.10129798591 -1.18250001509 -1.17561827024 -1.25946668687 -1.26438240316 -1.28646337560 -1.21023834992 -1.78982846795 -2.08455594797 -2.47537874605 -2.16157467835 -0.707448737580 0.753613391207 -0.470267266916 -1.90814470717 -0.892985765408 0.700070934521 -0.0312726515011 -1.08299019088 -0.203029777832 1.48937615374 -0.343232819970 -2.11487645276 -1.01753743415 1.60292254149 -0.855778948004 -1.58593082091 -1.29084156469 0.191413130216 0.0432471580957 1.07551868184 1.09996419546 -0.346853328666 0.424525844493 0.783040467649 0.258610231958 1.58495847900 -0.571818460790 0.117933445526 0.181803036127 0.460077792835 0.612428079413 0.192828112013 0.149873699071 -0.657738976461 -1.04057192943 -0.0882842058942 -2.04070098925 1.02913259277 -1.24360593062 0.533359110895 0.291773316316 0.175251843058
# mat_params[1]:
 7.48682298660 10.4896943109
# mat_params[2]:
 5.40684550036 8.08220433318
# mat_params[3]:
 5.08981132682 8.07248210663
# log_m_devs:
 0.0158238747149 0.142285087492 0.0613246413320 -0.219433603538
# log_slx_pars[1]:
 1.47454549827 -0.321206535949
# log_ft_pars:
 -1.14416018357 -1.21063239844 -1.63831264845 -1.49483930399 -1.17672426697 -1.02027028007 -1.07971319418 -1.47067514572 -1.05727370097 -1.82226227029 -1.96345914487 -1.32922309944 -4.32529179590 -1.07970954012 -3.23741692767 -2.39652763596 -2.13639900436 -1.66170671604 -1.50358666113 -2.41234933845 -2.52331521334 -2.57913593707 -2.80927943397 -2.25450891272 -2.56349158713 -3.21194819830 -2.64714948224 -1.99802646174 -1.98624615148 -1.42833794780 -0.899474977821 -0.875710800142 -1.21634794294 -1.58655900760 -1.50974291529 -0.742906417643 -1.26185243301 -1.64678075207 -4.37460907474 -4.37895523930 -3.55230672037 -3.06072505242 -3.33263369579 -3.51334025079 -3.28598660424 -3.17002551656 -2.03705443869 -2.45843131918 -9.05169351438 -4.29420657393 -2.59083115426 -2.30207990719 -2.69804355781 -2.19482001818 -2.25903482592 -2.34893822711 -2.07844954552 -2.29185511336 -2.91161168999 -2.19952913873 -1.76248430866 -2.70621786593 -3.61601947741 -2.86121669008 -2.07479896847 -2.58975104961 -3.03180485823 -1.88709008150 -2.15190306597 -2.92666915139 -2.67680804670 -3.35053440249 -2.39109474104 -2.54747156706 -3.16567092244 -2.77766093457 -2.61818850612 -2.52690899933 -2.27881491177 -2.07535880446 -2.24064964034 -2.06306501924 -1.91231703194 -1.98063419908 -2.81402333286 -1.48926170944 -2.22241460873 -2.14866959968 -1.98728869035 -3.59684278162
