# Number of parameters = 207 Objective function value = -3588.31662798153  Maximum gradient component = 5.48866347291512e-005
# theta[1]:
-0.250822302322
# theta[2]:
7.34884698733
# theta[3]:
7.46196337359
# theta[4]:
7.84775886232
# theta[5]:
0.440032301504
# theta[6]:
4.00000000000
# log_rinit_devs:
 0.145450384185 0.0652614670644 0.0883630045780 -0.0136677644873 -0.285407091340
# log_rbar_devs:
 0.450686170727 0.304993552588 0.135881835826 0.256025234830 0.195187485061 0.542226446060 0.254531396951 0.245742810363 0.295620776578 0.415032406759 0.422615566093 0.458395460596 0.343356403696 0.507162409642 0.690351498873 0.720606368099 0.956217378684 0.751905475637 0.928911136821 0.704262754007 0.693397536268 0.750934905644 0.666822129211 0.447186817266 0.530343730701 0.557137236503 0.432275785250 0.763599940927 0.284010927945 0.0235152613129 -0.227683423663 -0.143925847559 -0.141246946247 -0.595218191787 -0.851211419376 -1.07189138568 -1.34697535745 -1.41956464141 -1.48831144337 -1.60898151737 -1.63788827554 -1.73536430011 -1.74592359062 -1.77114479551 -1.66215503884 -2.12057423262 -2.21454478096 -2.37880077552 -1.81857225188 -0.367267597577 1.19240326281 -0.133732689827 -1.57018667613 -0.543568142374 1.07425749398 0.333347140072 -0.723744233925 0.145572627196 1.86077151486 0.0420310839512 -1.71731973949 -0.637385320423 1.99333647165 -0.484229767026 -1.22177425832 -0.934996379910 0.537713736962 0.415431528427 1.47016651297 1.49762288141 0.0361952458347 0.816640995213 1.16707237534 0.648416415366 1.96114973490 -0.225874726527 0.415582870702 0.446076431762 0.681125554015 0.793839562797 0.440018564562 0.453146382076 -0.255733753182 -0.556764950074 0.450424228070 -1.44765523772 1.70522003436 -0.638245777763 1.06107544807 0.687002634050 0.383879895463
# mat_params[1]:
 6.99282276389 10.1163065683
# mat_params[2]:
 6.76703828584 9.77284289582
# mat_params[3]:
 8.18362462182 12.8624270591
# log_m_devs:
 -0.147054103892 0.0633625007843 0.187226001410 -0.103534398303
# log_slx_pars[1]:
 -0.334205090704 -7.32950653021
# log_slx_pars[2]:
 1.56377495452 -0.351508672910
# log_slx_pars[3]:
 1.68687232003 -0.258559867044
# log_ft_pars:
 -1.92432170212 -2.01537451543 -2.41584121206 -2.33552161773 -2.09581090700 -2.16096293509 -2.25693577405 -2.70484867547 -2.40152690949 -3.29313635449 -3.47105958334 -1.23713683904 -5.72060265232 -2.07055528451 -4.77701960168 -3.91073694203 -2.47867271351 -2.00907666884 -1.86180176543 -2.77371189731 -2.87974889611 -2.91751128670 -3.12386372571 -2.56471364670 -2.85968746579 -3.47019296629 -2.87116468689 -2.17222271777 -2.13579889061 -1.58948391208 -1.08299648221 -1.05373846969 -1.36403232559 -1.72931821131 -1.67205202335 -0.930892977260 -1.47749044193 -1.85661750880 -4.54946172117 -4.50839487896 -3.63815029410 -3.10803497543 -3.33370185301 -3.49726697857 -3.27736717270 -3.17923483629 -2.12033902907 -2.65905617871 -9.39673498227 -4.66644139828 -3.07449577660 -2.81363997912 -3.26072110527 -2.75021384036 -2.75063669373 -2.82410704500 -2.59950853638 -2.81520846948 -3.38260775020 -2.67426761090 -2.30980513204 -3.25870637380 -4.09343783182 -3.32481121052 -2.60602745543 -3.12806651860 -3.48669863188 -2.31450169260 -2.62857961509 -3.41761044797 -3.18489677932 -3.86710755406 -2.87413570955 -3.02240415275 -3.64203190721 -3.24205181807 -3.09804037256 -2.97169887326 -2.65728604283 -2.41113639215 -2.61165164049 -2.48475170634 -2.38561463909 -2.52563227395 -3.40014226764 -2.14740355642 -2.62667969927 -2.55290155127 -2.48097354394 -4.11551775386
