# Number of parameters = 201 Objective function value = -3495.60974637583  Maximum gradient component = 0.000456275361384946
# theta[1]:
-0.188748086440
# theta[2]:
8.23512547158
# theta[3]:
7.49322679781
# theta[4]:
7.91395070293
# theta[5]:
0.394637921970
# theta[6]:
4.00000000000
# log_rinit_devs:
 -0.0579979731486 -0.0194475285638 0.0936057004542 0.0565838161146 -0.0727440148564
# log_rbar_devs:
 0.991563019659 0.826466166953 0.637947623291 0.659316859388 0.510354365342 0.786281154915 0.442290142521 0.380756555326 0.365492517112 0.463795098131 0.427493249589 0.421140232749 0.513706155937 0.605110012114 0.829850142535 0.788849415770 0.928089004349 0.734901316997 0.900568769070 0.676107457335 0.655796739794 0.702314631004 0.612140365350 0.389884828517 0.457798662806 0.474669197685 0.349974078580 0.661903459100 0.203086388703 -0.0457740454169 -0.292098113826 -0.221671873362 -0.224143867902 -0.657043170529 -0.898023134912 -1.11407430409 -1.39052272093 -1.46883012356 -1.53978458199 -1.65626544816 -1.68429844317 -1.77971637477 -1.79243511650 -1.82035380663 -1.71937029295 -2.17236605166 -2.27670212199 -2.45729045350 -1.93733777565 -0.476209290069 1.09552806603 -0.241010090308 -1.65237153399 -0.633336985776 0.960469005711 0.239259926417 -0.797357554621 0.0602866549455 1.72199845952 -0.0401950385963 -1.75378228111 -0.719394601576 1.83949420716 -0.566313934792 -1.29488539368 -1.01047638012 0.441950075653 0.332976047395 1.37620867417 1.40250519662 -0.0144816635931 0.762502837726 1.13016745672 0.662216595627 1.95374931790 -0.0872739455942 0.627648766283 0.755970110458 1.12176887172 1.42293068754 0.987353634787 0.930355601888 -0.0100276134834 -0.521701528340 0.329835262527 -1.78381404925 1.21396814000 -1.16104567805 0.509941378518 0.214538974130 0.420507824386
# mat_params[1]:
 6.83296727298 9.87549257221
# mat_params[2]:
 5.90253648127 8.83743475545
# log_m_devs:
 -0.111351239168 0.000621811766162 0.0826454740101 0.0280839533921
# log_slx_pars[1]:
 1.51411352020 -0.313065469049
# log_ft_pars:
 -1.52601128676 -1.58738786398 -2.01874529597 -1.87768744864 -1.57657293778 -1.43742891432 -1.52503558537 -1.94638738256 -1.56417391290 -2.33967858053 -2.46970482345 -2.52987502011 -4.88086525734 -1.97895689453 -3.81135109057 -2.92797549943 -2.64309622829 -2.17465342428 -2.02602303034 -2.93690099653 -3.03158315592 -3.06295742989 -3.26323739184 -2.69015136635 -2.97572279030 -3.58293529816 -2.97575631744 -2.27460354540 -2.22863203980 -1.65904441699 -1.13911238220 -1.12309744284 -1.45391013527 -1.82034134797 -1.75124272043 -1.01132770966 -1.57503437396 -1.96166995552 -4.65881453049 -4.61941270181 -3.75174621983 -3.22555634713 -3.46209581843 -3.62565179255 -3.39820893624 -3.29504561333 -2.23029980268 -2.76091136360 -9.50389177430 -4.86391300640 -3.34233642117 -3.02900882077 -3.40278724091 -2.87535110022 -2.95795719139 -3.02793564891 -2.75502917528 -2.96583125785 -3.59121672389 -2.85602131314 -2.42110877373 -3.35248376254 -4.27928636083 -3.49249645837 -2.69825988195 -3.19569964999 -3.63383607096 -2.51155800284 -2.85508609054 -3.64054851744 -3.36743465371 -4.02942567763 -3.07487671682 -3.24919746027 -3.92103062852 -3.51662604147 -3.36544489412 -3.30617243978 -3.13716660819 -3.06148643778 -3.15419257935 -2.90063467224 -2.66973427674 -2.64609562934 -3.35501657039 -1.92715740329 -2.67042985260 -2.51580764285 -2.27249330892 -3.76548941969
