# Number of parameters = 204 Objective function value = -3575.01777391534  Maximum gradient component = 7.24125580522390e-005
# theta[1]:
-0.108825871523
# theta[2]:
8.76700367919
# theta[3]:
8.10240040146
# theta[4]:
8.37222148742
# theta[5]:
0.858381996128
# theta[6]:
4.00000000000
# log_rinit_devs:
 -0.0914612655084 -0.0366223304997 0.0918897845301 0.0522380857549 -0.0160442742769
# log_rbar_devs:
 0.863013956536 0.703785858908 0.512494131210 0.522401221564 0.373641654853 0.647309037836 0.313524679534 0.251098208077 0.244683259851 0.343549297114 0.316078467763 0.311879421923 0.402480954632 0.491185837731 0.707562159042 0.657404251993 0.786592025713 0.604113785180 0.778421412372 0.566820645229 0.551714301659 0.601985882254 0.520108259934 0.306620070025 0.379837059459 0.400095095789 0.283681985203 0.593465524897 0.149845263478 -0.0740759793974 -0.272525268096 -0.148560307815 -0.111722180593 -0.502462190882 -0.683162361907 -0.825565398370 -1.04250802243 -1.09568931078 -1.15844324929 -1.27578542758 -1.29903139380 -1.39183362015 -1.40265136844 -1.42743611433 -1.32902530279 -1.75616019202 -1.82619233481 -1.97764336951 -1.43434138792 0.00289633884257 1.60372840487 0.267752915549 -1.16332098923 -0.151011340527 1.46955441551 0.721495422010 -0.334681835484 0.514699437482 2.25122964876 0.422224301226 -1.35894595523 -0.308671867498 2.31233246780 -0.185340125269 -0.939794264618 -0.684011383317 0.774549363255 0.668165193036 1.72150182596 1.74956991021 0.282734089187 1.05084016578 1.38066059016 0.831485254415 2.26861405758 -0.102122116076 0.410957829306 0.198082592455 0.141388401922 -0.0392814421689 -0.436782140319 -0.508064891234 -1.38850635295 -1.79286683519 -0.772988249838 -2.66042131851 0.636876681595 -1.79330502888 -0.0436687128867 -0.318273191925 0.150139805390
# mat_params[1]:
 7.67735315962 10.6238821802
# mat_params[2]:
 5.51097958954 8.10580243944
# mat_params[3]:
 5.64521096417 8.20751415611
# log_m_devs:
 -0.0256161745836 0.0588579128319 0.181942410155 -0.229493490296 0.0143093418925
# log_slx_pars[1]:
 1.61657554082 -0.252886359170
# log_ft_pars:
 -1.48983333820 -1.55067255353 -1.98078312795 -1.83932516916 -1.53409117699 -1.39623172932 -1.48145684468 -1.90377470607 -1.52599642110 -2.30018493523 -2.42488306107 -3.11232356116 -4.84547910076 -2.00795138514 -3.77127286529 -2.87671263012 -2.58615519406 -2.12314010145 -1.98660796447 -2.90192030176 -3.00136877553 -3.03929057632 -3.24225491705 -2.67390488759 -2.96997383087 -3.58229430251 -2.97802830827 -2.29065043679 -2.25094040980 -1.70245139905 -1.22566722538 -1.26331042439 -1.64305875463 -2.04240671284 -2.01420250504 -1.34935830062 -1.98942745336 -2.41910545525 -5.12630322291 -5.08062583871 -4.21356028041 -3.69276394555 -3.93507620103 -4.10203734220 -3.87574286208 -3.77424221877 -2.73754856590 -3.29740971352 -10.0608080420 -5.42239045194 -3.94691125163 -3.55377852701 -3.90291609891 -3.38695190280 -3.51922106756 -3.54057386801 -3.25150676444 -3.47084373216 -4.16558005713 -3.37062345996 -2.93180778914 -3.85544706562 -4.81935478484 -3.94693084653 -3.14101094057 -3.63222127513 -4.02895861713 -2.86488115675 -3.24999725705 -4.02202146793 -3.70612032475 -4.35831853302 -3.38559971344 -3.50334684710 -4.23208614424 -3.76861031180 -3.56270436510 -3.35761084817 -2.87267930896 -2.38447082289 -2.45147989593 -2.23103572038 -2.05461736069 -2.11351140512 -2.91551453226 -1.54775442645 -2.35265918884 -2.11928712588 -1.89730501170 -3.41051514990
