# Number of parameters = 202 Objective function value = -3568.74585741943  Maximum gradient component = 0.000510540439368998
# theta[1]:
-0.196442693105
# theta[2]:
7.13215441039
# theta[3]:
8.04968531879
# theta[4]:
8.49252149227
# theta[5]:
0.424241391057
# theta[6]:
4.00000000000
# log_rinit_devs:
 0.281513484804 0.154784919526 0.112120799839 -0.105647089808 -0.442772114360
# log_rbar_devs:
 -0.144823267997 -0.270924409003 -0.398923199023 -0.193034667402 -0.210286920829 0.299285680752 0.0598557586765 0.171436683439 0.341052919157 0.599507330486 0.619507776895 0.546466948633 0.466369736479 0.566662905311 0.761238856673 0.875756705880 1.24128285962 1.01262402700 1.23529345381 0.950469119322 0.923684445629 0.982605770157 0.873504164230 0.595400360704 0.685982717728 0.707336313857 0.555325613468 0.971179536233 0.417072878280 0.166602718608 -0.0495836146686 0.137467055023 0.193268674022 -0.302363348982 -0.527023684756 -0.707358771272 -0.995008911480 -1.08688824328 -1.19805481684 -1.37895974097 -1.44143094720 -1.58828655929 -1.62918065234 -1.68345804553 -1.57723851473 -2.14684372828 -2.28932382203 -2.51533762001 -2.01553030622 -0.546368973311 1.01933651362 -0.333067648157 -1.72489223988 -0.710460899883 0.881675226311 0.160517971007 -0.886314154079 -0.0309851956042 1.65009381800 -0.115531532584 -1.80555236635 -0.794278086550 1.77800144512 -0.628543701334 -1.36819256125 -1.08349981726 0.356694869413 0.253895987234 1.28625930885 1.31569609002 -0.105815651479 0.680084822468 1.02477950754 0.546149813071 1.82609795747 -0.268827567948 0.381452350334 0.445712356913 0.722654836731 0.891920971724 0.509986129608 0.480722269325 -0.323559224350 -0.695875272990 0.300584916437 -1.55392326123 1.67071483671 -0.506464533944 1.25718073220 0.998187762416 0.437374977703
# mat_params[1]:
 7.36758640148 10.2318319413
# mat_params[2]:
 7.16069470208 10.0919236253
# log_m_devs:
 -0.191511282825 0.173464619496 0.0180466633283
# log_slx_pars[1]:
 1.18896495291 -0.188788217071
# log_slx_pars[2]:
 1.65297053664 -0.300031682886
# log_ft_pars:
 -1.32204251134 -1.48240693578 -1.95877327671 -1.92874379928 -1.75713077026 -1.88535451751 -2.12788321071 -2.68484711299 -2.48626105094 -3.48133652259 -3.74820072157 -0.381012898734 -5.88643836203 -0.534177368785 -4.78813111030 -4.05515589206 -2.82867638395 -2.34717323960 -2.20002029470 -3.09907678395 -3.18226132890 -3.20013749873 -3.38082130155 -2.79908895947 -3.07501606482 -3.66001268757 -3.03784410017 -2.35304421010 -2.31944888052 -1.79090555305 -1.32220927733 -1.33574198860 -1.69065425931 -2.07975677383 -2.04720286048 -1.36298021489 -1.94346626196 -2.31374068639 -4.95851646152 -4.85774860446 -3.93666852446 -3.36083150301 -3.53996444387 -3.66306688962 -3.40960185935 -3.27303074857 -2.18552019328 -2.67669382206 -9.34630293457 -4.63871935838 -3.04422964630 -2.77879749606 -3.29496101438 -2.86931118989 -2.81718960936 -2.83174626031 -2.63227547188 -2.90575214165 -3.41008230995 -2.65428056045 -2.34573245221 -3.38809569863 -4.14319127482 -3.28929655743 -2.62038655388 -3.25050800856 -3.60338225444 -2.36162982319 -2.63776749973 -3.41424411092 -3.20090028994 -3.94091544878 -2.96418598311 -3.10551995958 -3.71623638886 -3.31179380871 -3.21514386197 -3.16047441560 -2.86803244443 -2.64829284813 -2.79532279858 -2.64158752374 -2.51350047662 -2.61573739609 -3.43710961887 -2.10247663173 -2.96117590362 -2.92898701806 -2.90337412044 -4.54812405785
