# Number of parameters = 203 Objective function value = -3635.33258948184  Maximum gradient component = 0.00136907281209576
# theta[1]:
-0.365872084161
# theta[2]:
7.61297004485
# theta[3]:
6.69257690860
# theta[4]:
7.09753166118
# theta[5]:
0.822432951901
# theta[6]:
4.00000000000
# log_rinit_devs:
 0.0967332555021 0.100060900484 0.127282398577 -0.0112361608575 -0.312840393705
# log_rbar_devs:
 1.30614704954 1.14078280244 0.965217098374 0.972269546233 0.803760115722 1.02656436848 0.661350880318 0.568240332882 0.528504584692 0.602336466558 0.541935293660 0.497085195860 0.550457020708 0.613740814940 0.829858981809 0.816403012709 0.941559745796 0.742285540646 0.886610349217 0.687834901687 0.696948927797 0.772806705802 0.721216714301 0.543949765218 0.649685923775 0.717018237410 0.650449715521 0.992282551645 0.586049272973 0.348712618742 0.0782169598554 0.109892881675 0.0914555365963 -0.335683983177 -0.605209636479 -0.881970237018 -1.19828150148 -1.26514792117 -1.28730567617 -1.34490878741 -1.32173613544 -1.38434560549 -1.37293958452 -1.38009327722 -1.28985681916 -1.82010015428 -2.07581153048 -2.41855369725 -2.03986519836 -0.586798887392 0.879053673230 -0.350088978517 -1.80044117932 -0.782677176039 0.821180001820 0.0814838312018 -0.975659973766 -0.0931430834890 1.61455530428 -0.233438135903 -2.02441041455 -0.910563480802 1.73301697512 -0.748823963613 -1.47920294929 -1.18360181701 0.311232525640 0.159281671943 1.20119308552 1.22679517612 -0.233984821575 0.539761720328 0.900297149342 0.362720142472 1.70196635980 -0.493918408229 0.182600480037 0.226081326492 0.475102770159 0.589038889006 0.189470348762 0.164891789387 -0.603805821269 -0.950582887021 0.0461284693979 -1.83928539171 1.33968463003 -1.10842516748 0.583749767856 0.219087950222 0.230658330328
# mat_params[1]:
 7.43009601933 10.5294421054
# mat_params[2]:
 5.36860912043 8.00366485537
# mat_params[3]:
 4.93694324541 7.52827773476
# log_m_devs:
 0.0171620897450 0.121138590217 -0.235941922391 0.0976412424284
# log_slx_pars[1]:
 1.44912431879 -0.351132903393
# log_ft_pars:
 -1.15054334280 -1.21262200260 -1.63833620638 -1.49570939236 -1.17973612066 -1.01692822575 -1.06957669931 -1.45446798556 -1.03535742059 -1.79446403113 -1.93187070639 -1.20018712119 -4.26292017130 -0.946167573054 -3.12892933094 -2.27983794288 -2.00286673734 -1.52772763790 -1.35780021882 -2.26606929879 -2.38517540206 -2.44941654318 -2.69030006326 -2.14517630373 -2.46441341965 -3.12631417879 -2.57337560724 -1.92243595909 -1.91658180263 -1.36020983558 -0.824515168233 -0.783715839780 -1.10419475300 -1.46756280206 -1.38661154090 -0.593097153646 -1.07675822760 -1.44760379080 -4.18850441079 -4.21749323794 -3.41184429494 -2.93936148593 -3.22965649622 -3.42945792902 -3.22134714450 -3.12726231149 -2.01656002426 -2.47295498695 -9.11153789113 -4.35760515212 -2.67375957673 -2.37758450744 -2.74274616735 -2.21511952931 -2.30609568194 -2.40544178290 -2.11780810189 -2.31466570941 -2.96624251206 -2.26188788794 -1.79716039205 -2.71208049241 -3.66531081605 -2.92890625266 -2.11603459009 -2.60002967303 -3.05105362232 -1.92866067099 -2.21234904372 -2.99401881469 -2.73209041775 -3.38519041139 -2.42677622476 -2.58348278407 -3.21045608772 -2.82094163942 -2.63690073739 -2.52130253403 -2.25488678154 -2.02607271199 -2.20688649498 -2.03929961090 -1.90320571872 -1.99182488731 -2.85771182138 -1.57851402635 -2.41212533995 -2.20090621529 -1.87465726123 -3.33573418708
