# Number of parameters = 199 Objective function value = -3517.04411314857  Maximum gradient component = 0.000299822279351556
# theta[1]:
-0.122327030685
# theta[2]:
8.70268391479
# theta[3]:
8.07559321141
# theta[4]:
8.42313965963
# theta[5]:
0.465152180565
# theta[6]:
4.00000000000
# log_rinit_devs:
 -0.0748459180712 -0.0430754373205 0.0873227877642 0.00329578289937 0.0273027847281
# log_rbar_devs:
 0.962945348983 0.788998367217 0.578939798326 0.630155066095 0.484879731060 0.885939922315 0.517666476882 0.487762733026 0.531101724077 0.682423510802 0.673671268044 0.714193223356 0.868554090045 0.964760122688 1.16810305592 0.990442234489 0.999240197468 0.791734845041 1.02537096427 0.745999836290 0.723097331741 0.787979982361 0.685190858815 0.412633008696 0.507903146833 0.536707728678 0.393380007946 0.818289207050 0.273305319073 0.0335522750016 -0.176848970762 0.0119217785419 0.0717954021879 -0.413354692204 -0.628415937415 -0.804052237555 -1.09128827876 -1.18348231478 -1.29295272550 -1.46943190646 -1.52963921026 -1.67292205692 -1.71219900063 -1.76435108330 -1.65703772880 -2.21123763077 -2.34824660406 -2.57155354316 -2.08019752792 -0.619059764154 0.949993113539 -0.387334828346 -1.76393952105 -0.758676737725 0.816580341965 0.104351519451 -0.935990286008 -0.0846446828610 1.57748578232 -0.172694089824 -1.85244823104 -0.861876787436 1.67352160292 -0.703138840629 -1.44432988747 -1.16535074091 0.263682752725 0.164114479964 1.18361536158 1.20890961525 -0.198664680416 0.577889789786 0.920391674676 0.443147049650 1.71698933100 -0.362854040645 0.290808676036 0.362671031314 0.651081222087 0.827565700544 0.434168036405 0.397165047308 -0.408274290965 -0.784426384252 0.204734673598 -1.64878141091 1.57206417263 -0.625631938302 1.12014601264 0.839344300296 0.336268741219
# mat_params[1]:
 7.60672171638 10.1072698131
# mat_params[2]:
 7.22905076420 10.2576965678
# log_m_devs:
 0.0755671706368 -0.0755671706368
# log_slx_pars[1]:
 1.62395926340 -0.236111843228
# log_ft_pars:
 -1.25562804379 -1.35660424760 -1.80991859471 -1.68108022462 -1.38141697912 -1.29548538558 -1.42457161548 -1.88071776194 -1.53213907796 -2.35218065864 -2.51862568406 -2.44756839028 -5.00394746508 -1.98082695158 -4.01768222409 -3.11956046323 -2.78705072084 -2.32596634803 -2.18791525779 -3.08998713913 -3.17561566975 -3.20071982432 -3.39001028227 -2.80879131663 -3.08820330227 -3.68459414416 -3.07122652150 -2.40514240417 -2.37428349474 -1.83642632882 -1.36299861872 -1.39427494172 -1.77245775163 -2.16395939571 -2.12265766877 -1.43821062963 -2.03068136135 -2.40771812480 -5.05860855946 -4.96108663588 -4.04359072325 -3.47193098925 -3.66159526290 -3.78766476390 -3.53427358460 -3.39656381745 -2.30959645887 -2.80364364441 -9.49349991707 -4.85120343712 -3.31271205503 -2.98712554967 -3.42654292376 -2.97616059438 -3.01075455862 -3.03067400614 -2.78548368302 -3.04310102558 -3.61963098494 -2.84410825382 -2.47041935854 -3.47739731951 -4.32015144193 -3.45439563709 -2.71450505147 -3.30112773599 -3.70858015731 -2.51319506844 -2.81933061156 -3.58546374510 -3.32565394501 -4.03447132287 -3.07513002016 -3.22236376701 -3.86461343060 -3.43470612317 -3.30424713662 -3.24385055588 -2.98571242129 -2.79491521484 -2.93386482643 -2.75829275983 -2.61075834229 -2.69365083193 -3.51577546949 -2.18388946141 -3.11678437865 -3.06577282592 -3.00557070692 -4.62652645987
