# Number of parameters = 206 Objective function value = -3607.06992877975  Maximum gradient component = 0.000286283711879827
# theta[1]:
0.145837265809
# theta[2]:
9.82704148596
# theta[3]:
9.55115992578
# theta[4]:
9.87439286228
# theta[5]:
0.577114986025
# theta[6]:
4.00000000000
# log_rinit_devs:
 -0.124018949257 -0.0923610244173 0.0539340431906 0.0180360684731 0.144409862011
# log_rbar_devs:
 0.549637351100 0.395020286367 0.199808342694 0.307322600086 0.206700708946 0.655953668539 0.310849286896 0.293505498229 0.335565810311 0.454952128609 0.377651460538 0.308967430941 0.365673429488 0.415880075915 0.612806162960 0.478963243465 0.570678716172 0.381423910651 0.640424130865 0.381360152127 0.361195353454 0.425140772169 0.318534688752 0.0369050048572 0.121757692173 0.135688933000 -0.0136488421952 0.396468764459 -0.110532502098 -0.299965709249 -0.434185917104 -0.166594161656 -0.0417927691490 -0.462800757954 -0.599175322681 -0.694553662384 -0.926856362652 -0.986718259228 -1.07178574105 -1.23344874787 -1.26508224168 -1.39034393009 -1.40848090573 -1.43896479926 -1.30917543290 -1.82041826798 -1.89782059726 -2.08046758171 -1.55871114806 -0.129218773597 1.49433629340 0.150147382575 -1.24097165944 -0.244445122288 1.35102215177 0.612571749298 -0.443308585536 0.397199917534 2.13750076875 0.335292067708 -1.41616711398 -0.399872887870 2.18746513438 -0.253942171942 -1.02233275898 -0.770327322398 0.655791421944 0.565387462009 1.59208853631 1.62146966434 0.175795412964 0.944670353828 1.24955602199 0.719256033403 2.00898019854 -0.266405027655 0.277403786186 0.270618823759 0.531738880025 0.771833457951 0.368498999877 0.321262841397 -0.672988762533 -1.13434126516 -0.162265649403 -2.17894738644 1.10236370699 -1.27666249291 0.467173041661 0.181964489825 0.293496437887
# mat_params[1]:
 7.97891194579 10.4263977100
# mat_params[2]:
 8.95867802911 11.9218343667
# mat_params[3]:
 6.94671109436 9.27364614423
# log_m_devs:
 -0.0628240930159 0.0101106429284 0.0527134500875
# log_slx_pars[1]:
 1.64304021465 0.128737692104
# log_slx_pars[2]:
 1.73847025175 -0.285469005757
# log_slx_pars[3]:
 1.88962400625 -0.346914134775
# log_ft_pars:
 -2.37793308502 -2.50636411127 -2.92178337626 -2.80301119655 -2.54383034195 -2.59185695758 -2.72673336739 -3.16414383529 -2.83141818597 -3.67468491568 -3.79666072108 -1.95905207181 -6.10335533334 -1.21838738978 -4.99499907445 -4.05610077908 -2.96610648008 -2.55007500871 -2.45652012364 -3.39664734750 -3.50449996180 -3.54622399316 -3.73825344718 -3.15982073078 -3.44670500370 -4.03287423104 -3.39832052519 -2.70753585809 -2.67763526548 -2.16368501196 -1.75209237924 -1.85416084733 -2.28958250524 -2.73762323956 -2.76919677473 -2.17841237033 -2.86289297184 -3.28923635420 -5.96500445149 -5.87846263712 -4.97919372420 -4.43127314145 -4.63847472159 -4.78738216960 -4.55937576676 -4.44590454636 -3.40792798898 -3.96271542232 -10.6706652374 -5.94049602217 -4.40254747156 -4.04935145923 -4.51869353466 -4.11845436225 -4.12984897178 -4.09645305589 -3.86479403702 -4.15035539894 -4.72638564663 -3.91672066158 -3.58465328248 -4.63093498870 -5.41736080223 -4.47613190363 -3.76645821608 -4.41026704438 -4.74711510476 -3.46619118549 -3.77259524796 -4.53758565282 -4.27448578946 -5.00040971579 -4.02107767545 -4.11749265182 -4.73261383432 -4.26146220225 -4.10939276061 -4.00961858890 -3.61109550649 -2.47290141203 -2.33513034493 -2.08702859215 -1.94049897104 -2.03495788156 -2.82551026914 -1.38254647501 -1.98699248092 -1.74389553368 -1.60435684147 -3.26039825853
