# Number of parameters = 200 Objective function value = -3521.28199729322  Maximum gradient component = 0.000277219326299166
# theta[1]:
-0.162060357700
# theta[2]:
8.36936535111
# theta[3]:
7.65761030112
# theta[4]:
8.04273800262
# theta[5]:
0.409676200830
# theta[6]:
4.00000000000
# log_rinit_devs:
 -0.0659474036013 -0.0250249595933 0.0866871674043 0.0591576481853 -0.0548724523950
# log_rbar_devs:
 0.928725498088 0.773550587974 0.595379932439 0.607767289239 0.464360931417 0.714184959558 0.392330671959 0.330951699597 0.315723658436 0.408042550730 0.381809955529 0.387028572435 0.485260216101 0.580761922603 0.794009671658 0.756624486726 0.885633193094 0.702190623691 0.852432083811 0.642430130294 0.621163751881 0.661382483871 0.575349906165 0.366916727119 0.427400640982 0.439092705603 0.318226636494 0.598463344629 0.162175220299 -0.0814618476662 -0.319216016532 -0.260607584029 -0.270277278087 -0.681467553591 -0.913592637238 -1.11758996741 -1.37411140333 -1.44939370674 -1.51979356650 -1.63404984063 -1.66551811648 -1.75828900851 -1.77360828149 -1.80198710328 -1.71294642519 -2.13776459430 -2.22956689512 -2.39406125171 -1.85081724063 -0.405988459618 1.17602604186 -0.147883216402 -1.58605803297 -0.559468299964 1.05863581663 0.321819887680 -0.726057968173 0.136375837597 1.84240109688 0.0382986107830 -1.72687120879 -0.649793787023 1.95799420987 -0.508559024173 -1.24441805554 -0.967445663749 0.502355272279 0.385416865535 1.44029063001 1.46690451871 0.0106164127004 0.782281315933 1.13405990621 0.615289606263 1.92087449077 -0.259824089738 0.383244847011 0.413382004494 0.651853254841 0.771280855380 0.399573380173 0.389725085641 -0.350116064136 -0.664260717662 0.393408545282 -1.40270406237 1.92521660186 -0.470477355057 1.18808963864 0.756669064502 0.384592473858
# mat_params[1]:
 6.92946516833 9.93404794951
# log_m_devs:
 -0.106331615231 0.00186792456201 0.124896881842 -0.143448676026 0.123015484852
# log_slx_pars[1]:
 1.53881532796 -0.301738104251
# log_ft_pars:
 -1.54383609005 -1.60223030786 -2.03271271365 -1.89286549614 -1.59388183003 -1.45225095290 -1.53650631109 -1.95711908310 -1.57708087220 -2.35153149387 -2.47927839729 -2.92200556749 -4.90468751333 -2.32413486414 -3.85116234289 -2.96043827213 -2.67041056942 -2.20064078869 -2.05049454527 -2.95903224299 -3.05280087219 -3.08362131485 -3.28267218327 -2.71164059254 -3.00044402277 -3.60787354155 -3.00017130717 -2.29453412086 -2.24420048029 -1.67734345986 -1.16839079474 -1.16133513292 -1.49182446910 -1.85617586680 -1.79052545850 -1.06341730430 -1.64267523956 -2.03865425521 -4.73811979178 -4.69691175896 -3.82838726978 -3.30254556594 -3.53874721165 -3.70204043278 -3.47278614519 -3.36919184291 -2.31292659460 -2.85647609472 -9.61284278593 -4.96059499846 -3.45250598891 -3.11306863969 -3.46878408372 -2.93129735538 -3.04563334039 -3.10953171527 -2.82825788109 -3.03353765468 -3.70214019455 -2.95532369144 -2.51110375623 -3.42283673658 -4.38968041426 -3.58949771788 -2.78567942432 -3.26081023870 -3.68422711189 -2.55820681339 -2.92381724663 -3.70712114242 -3.41566696925 -4.06175603547 -3.09222167190 -3.23970420886 -3.90455422693 -3.46665530399 -3.27546110911 -3.14175045321 -2.85515072663 -2.63438525317 -2.81833959995 -2.65933229905 -2.52886158540 -2.63280018211 -3.49958106725 -2.24253710030 -3.31409543920 -3.14333368502 -2.90496284627 -4.35667782353
