# Number of parameters = 209 Objective function value = -3693.61949616340  Maximum gradient component = 0.000383500975664433
# theta[1]:
-0.368217934591
# theta[2]:
6.76021354480
# theta[3]:
6.85195367498
# theta[4]:
7.40232738063
# theta[5]:
0.520550490862
# theta[6]:
4.00000000000
# log_rinit_devs:
 0.317300135779 0.170203263359 0.107396060989 -0.0898360203924 -0.505063439735
# log_rbar_devs:
 0.649371190743 0.463851509079 0.284994584792 0.394430788608 0.300760830609 0.630547827766 0.298814970116 0.287389843422 0.341566317229 0.496266552500 0.533140464977 0.503721825629 0.485160155114 0.574167934703 0.656077768084 0.722923932231 0.946964070504 0.747357371036 0.915856990546 0.686839984674 0.681547597881 0.750364340781 0.676128980086 0.456962609676 0.546801308311 0.595988997915 0.503222244233 0.872043587969 0.436496074615 0.211814596731 -0.0519178238645 0.00302057080712 0.000248922301044 -0.434344226975 -0.668559993019 -0.927008342754 -1.25961873334 -1.34958055425 -1.39849521077 -1.48551870396 -1.48048340323 -1.56926835651 -1.57604517099 -1.60736934429 -1.50676966818 -2.04190432209 -2.24155970002 -2.51933951233 -2.06410725779 -0.629450740187 0.820949770562 -0.443281886652 -1.88433419105 -0.860736220326 0.737322960901 0.0122605273897 -1.03122228199 -0.169981891001 1.52270146394 -0.296169584369 -2.04301356979 -0.912629963448 1.73843269102 -0.718474374586 -1.43359570095 -1.12802379251 0.352950883611 0.226680833466 1.27841095058 1.31172567341 -0.122214894259 0.668529440456 1.04306571308 0.564525085800 1.87196404234 -0.217945717283 0.486633748305 0.604781186142 0.979749494025 1.32864915833 0.893019249600 0.849115956819 -0.0581823783293 -0.503988052996 0.486896678253 -1.56474498021 1.68887144128 -0.670473908728 1.19595486983 1.00765676720 0.544661123013
# mat_params[1]:
 7.06473376379 10.0667252595
# mat_params[2]:
 7.32696047932 10.5568433479
# mat_params[3]:
 5.85500639011 8.78167480214
# mat_params[4]:
 5.58100867744 8.01145156219
# log_m_devs:
 -0.120402836724 0.120402836724
# log_slx_pars[1]:
 1.05665760694 -0.575688649089
# log_slx_pars[2]:
 1.34753471248 -0.552526148407
# log_slx_pars[3]:
 1.73297147782 -0.151130446577
# log_slx_pars[4]:
 1.63618606644 -0.408688762808
# log_ft_pars:
 -1.19622249476 -1.27549673576 -1.68310671786 -1.58262739641 -1.31844105025 -1.30475809806 -1.41268544092 -1.85456038460 -1.54266129183 -2.44735918365 -2.68520174329 -0.785425563405 -4.95641300758 -0.611544390517 -3.79511240324 -3.01109830005 -2.37416551604 -1.90717031692 -1.75115345030 -2.67244879663 -2.77410652588 -2.82228415063 -3.04895199962 -2.48223934727 -2.77158009397 -3.41006662654 -2.83477401289 -2.17024508314 -2.16472196739 -1.58386363170 -1.03615508400 -1.01240588854 -1.36371171333 -1.74336824236 -1.65602352959 -0.881814519705 -1.40353155503 -1.77569643659 -4.49144123747 -4.48892705491 -3.65358557656 -3.15662655190 -3.42558898233 -3.60008189162 -3.36755352899 -3.26525375119 -2.13901650406 -2.59902043331 -8.49202561495 -3.61181049908 -1.68509552356 -1.40702836914 -2.00514623492 -1.72199023776 -1.63637832406 -1.58764568928 -1.36537051937 -1.72646178281 -2.20165688112 -1.38907771187 -1.09145068110 -2.29243874542 -3.06703528688 -2.15453251531 -1.50334066377 -2.29848684485 -2.76298964073 -1.44589005407 -1.52420847180 -2.26309668559 -2.09624315304 -2.93790666636 -2.02572805768 -2.17073869808 -2.71019107626 -2.32708847088 -2.28268491840 -2.34092438216 -2.11295911765 -2.06879798268 -2.16063607096 -1.99630097854 -1.85219248805 -1.92481895105 -2.69478660187 -1.30070929924 -1.90937792400 -1.82705544658 -1.77788794186 -3.40533995670
