# Number of parameters = 205 Objective function value = -3511.15565887963  Maximum gradient component = 0.00203379618916075
# theta[1]:
-0.438712042698
# theta[2]:
7.51581284611
# theta[3]:
7.14849281442
# theta[4]:
7.41219764527
# theta[5]:
1.02657373436
# theta[6]:
4.00000000000
# log_rinit_devs:
 0.0678134227115 0.0725120529737 0.140710868323 0.00212606686913 -0.283162410878
# log_rbar_devs:
 0.837555550313 0.646515855509 0.437008508843 0.507235811534 0.349158019111 0.724678339639 0.322763252619 0.288284801493 0.308986130479 0.455824495835 0.391962656221 0.343171262161 0.437672966542 0.562802866225 0.884924379201 0.910930459776 1.17741970548 0.940688722555 1.15851560744 0.871302752688 0.857793079734 0.936898969039 0.842502724311 0.574940161178 0.685984946784 0.739848014594 0.621266179222 1.09599936714 0.561475534975 0.333245186252 0.103056282318 0.274937341541 0.334834270554 -0.153183694239 -0.368889775380 -0.564904336670 -0.878839584313 -0.969298306286 -1.06139596282 -1.21309685238 -1.24931565169 -1.37590393078 -1.39824772981 -1.43644998554 -1.29815476684 -1.84910153609 -1.98452026220 -2.21783075526 -1.72690803245 -0.235420209633 1.34726197489 -0.0226251016823 -1.39089531724 -0.389082824587 1.18299206635 0.462567957084 -0.589058827585 0.269816263969 1.92256095642 0.160165488550 -1.51337376244 -0.542357036459 1.99552725956 -0.383159647803 -1.12595704676 -0.839348306643 0.591574615549 0.483554691013 1.50495817878 1.52007402739 0.104834804850 0.876568158589 1.21864262822 0.709058127132 2.10046005254 -0.115086839942 0.401715668892 0.178646387224 -0.0465598392436 -0.321871349840 -0.662755933499 -0.717422703472 -1.72338480452 -2.11975255960 -1.10621192857 -2.80738347169 0.558905156478 -1.84565179437 -0.0439097068885 -0.0835516031530 0.260793113582
# mat_params[1]:
 6.96524023944 10.1831371791
# mat_params[2]:
 3.00839263569 3.02584096017
# mat_params[3]:
 4.53917564997 6.61139311938
# log_m_devs:
 0.00944578152196 0.274827259960 -0.298480994221 0.0142079527391
# log_slx_pars[1]:
 1.44431470668 -0.343764902644
# log_slx_pars[2]:
 1.48787760800 -0.384587767687
# log_ft_pars:
 -1.19315920008 -1.27248963467 -1.71606821554 -1.58901631693 -1.29243518611 -1.17567615662 -1.28859595967 -1.73171776766 -1.36929252029 -2.18512975165 -2.35998468497 -1.05946705343 -4.68621776477 -1.18420645201 -3.65918365190 -2.86859778891 -2.67888133044 -2.19333559143 -2.04298321111 -2.94220623536 -3.02312321366 -3.05173880554 -3.25617602036 -2.67811997731 -2.95587629959 -3.57428387876 -2.98906713298 -2.36110056736 -2.35807580896 -1.80860520581 -1.30668466558 -1.33046874318 -1.72463914694 -2.12162704945 -2.05748358731 -1.34570926738 -1.91833463471 -2.29282263856 -4.95890306276 -4.88921254456 -3.99650170058 -3.44850499610 -3.66973902036 -3.81396690155 -3.57349444286 -3.45748418963 -2.36800392758 -2.85442016410 -9.56654880400 -5.01359832283 -3.55199149044 -3.22654464936 -3.55031126964 -3.00445611255 -3.12830984310 -3.20424511200 -2.89790856918 -3.08992567598 -3.74205588240 -3.00669803622 -2.52529100206 -3.43074950087 -4.39136133559 -3.60915409447 -2.75900864314 -3.22959220402 -3.70441928488 -2.60626907771 -2.94013617355 -3.71605265164 -3.41596068688 -4.05085034961 -3.10090626749 -3.26816558796 -3.96339347712 -3.56166303782 -3.34459878299 -3.16063743273 -2.72955400079 -2.15078397374 -2.17838793277 -1.92491240114 -1.72946906808 -1.77592500179 -2.57232123852 -1.21156275161 -1.92418982133 -1.81773922883 -1.62016509619 -3.20452011646
