# Number of parameters = 202 Objective function value = -3538.18251351943  Maximum gradient component = 0.000445160871929896
# theta[1]:
0.0982106565307
# theta[2]:
9.65753611669
# theta[3]:
9.28735852460
# theta[4]:
9.61055252732
# theta[5]:
0.557299158517
# theta[6]:
4.00000000000
# log_rinit_devs:
 -0.124268415608 -0.0747336418058 0.0843981373096 0.0444926064283 0.0701113136755
# log_rbar_devs:
 0.619758422902 0.461262039850 0.260740841449 0.341084564409 0.224079737871 0.633457706170 0.289557672643 0.264900497352 0.300645019494 0.431682234102 0.385285028934 0.352665989312 0.441634624657 0.536429532526 0.801009765887 0.750909057634 0.942076591643 0.726451967831 0.947363570000 0.670958370763 0.633020717192 0.679080402878 0.562721771670 0.276424841062 0.347109099707 0.354649267341 0.205500232106 0.600037017912 0.0962048667278 -0.101152814266 -0.252870776624 -0.0157357324837 0.0830809879010 -0.346661829889 -0.502674063749 -0.620945588934 -0.869123872523 -0.947829265237 -1.04994432717 -1.22501310761 -1.27545897416 -1.41544440617 -1.45172672145 -1.49973650078 -1.39723334738 -1.93715567957 -2.05581280981 -2.27670065581 -1.80447018427 -0.340062714677 1.28544441381 -0.0792050343586 -1.44660813564 -0.452859805734 1.13199995489 0.408855921224 -0.628546948590 0.205103124447 1.89608362144 0.142628910787 -1.55337823274 -0.586088749349 1.94294847315 -0.439459276035 -1.19380692017 -0.940367755789 0.474494337642 0.389785339357 1.41079783540 1.43712195578 0.0235906860905 0.786169936312 1.10246808146 0.604537962040 1.89050106233 -0.299906758912 0.276121340234 0.285414571432 0.557833917954 0.802817744060 0.391788339248 0.346957776222 -0.626555501366 -1.08891744909 -0.116971208896 -2.12998675820 1.13310184382 -1.22710412227 0.510705662539 0.236264141876 0.302196636225
# mat_params[1]:
 8.36426621190 11.1843185846
# mat_params[2]:
 6.81126502914 9.15602351128
# log_m_devs:
 -0.0904903256871 0.0235946319646 0.0668956937225
# log_slx_pars[1]:
 1.71349548259 -0.213851010133
# log_slx_pars[2]:
 1.86805001862 -0.344350528910
# log_ft_pars:
 -1.78654742728 -1.88107453063 -2.33576913425 -2.22185349497 -1.95052148157 -1.88078379517 -2.02410873941 -2.49438066295 -2.16365811472 -2.97158851654 -3.10225378730 -3.08109883221 -5.49784637169 -1.76311234114 -4.41254112891 -3.52973313960 -3.27070084172 -2.79809210124 -2.67226654359 -3.57690267773 -3.64972050881 -3.66574097590 -3.83915418786 -3.23661111785 -3.50547977376 -4.08627693786 -3.44906745260 -2.77506155871 -2.73209633311 -2.19316477296 -1.75707368326 -1.86148837593 -2.30408139321 -2.72625199398 -2.71572656489 -2.09168741795 -2.74868038971 -3.15663439187 -5.81755590105 -5.71748466933 -4.80498397471 -4.24245330603 -4.44719217551 -4.57958994649 -4.32580527202 -4.18655701933 -3.11958914547 -3.62988339039 -10.3286009264 -5.74290204229 -4.29800934546 -3.89275548730 -4.29154898969 -3.85465428544 -3.94392949584 -3.91974824666 -3.64732202913 -3.91803440632 -4.55613498620 -3.72694691679 -3.33064028816 -4.34097269223 -5.22463163198 -4.28296319859 -3.51185819164 -4.10642841304 -4.51313496119 -3.29948614742 -3.65051792986 -4.40901921328 -4.10614213082 -4.80664326392 -3.85003484719 -3.96530805390 -4.63540915660 -4.14941384602 -3.98096188366 -3.88532543777 -3.55293764511 -2.40799067373 -2.31561697696 -2.08496403851 -1.94269918456 -2.03516309612 -2.82481640326 -1.38387525075 -1.98787254646 -1.75722877700 -1.62238540382 -3.27847561994
