# Number of parameters = 207 Objective function value = -3678.83421203528  Maximum gradient component = 0.000210152075182985
# theta[1]:
-0.336423753053
# theta[2]:
7.39279531153
# theta[3]:
6.58841046861
# theta[4]:
7.15820965976
# theta[5]:
0.500168067408
# theta[6]:
4.00000000000
# log_rinit_devs:
 0.144649819017 0.0865963837920 0.0918010716109 -0.0350313244344 -0.288015949985
# log_rbar_devs:
 1.27698550462 1.08998790024 0.906603836429 0.948821258204 0.802961109301 1.06552479550 0.691700697688 0.616426018865 0.579365920770 0.658578267960 0.605499283394 0.534538885082 0.591145318011 0.636178417305 0.787118403183 0.711105083651 0.760290832799 0.578306703714 0.720734740833 0.493702349756 0.495949469367 0.569899696197 0.512581003487 0.316892657269 0.406821887493 0.467413505652 0.401028599458 0.765389419583 0.369066133140 0.174876447430 -0.0826836948870 -0.0726704669144 -0.113287403729 -0.539753092288 -0.761841113540 -1.04831320804 -1.44276569821 -1.57518837757 -1.63434562423 -1.69399912351 -1.66906561080 -1.73684194508 -1.73149511351 -1.74961647852 -1.63604891360 -2.12668402741 -2.31126193971 -2.58428880540 -2.09419664769 -0.650682249331 0.785290132286 -0.472023689387 -1.92099257466 -0.894450682234 0.703715823442 -0.0248933462403 -1.06778805768 -0.203208696634 1.48603336990 -0.345690553833 -2.10624600155 -0.951842043694 1.70981503992 -0.750763018977 -1.45851176998 -1.14629708196 0.342889224692 0.210664112867 1.26592418651 1.29862543329 -0.135802855250 0.652275887134 1.03387648453 0.554811553009 1.85876007987 -0.221013329609 0.488483090535 0.617266563829 0.995714484186 1.34047875483 0.904760529507 0.852726851009 -0.0449499058003 -0.482462639577 0.507494055780 -1.53780022495 1.70761486709 -0.654732533393 1.21642527164 1.04120413213 0.564154464981
# mat_params[1]:
 7.11138491351 10.0555529501
# mat_params[2]:
 7.13324419223 10.5058815951
# mat_params[3]:
 5.50781632490 8.34409415939
# mat_params[4]:
 5.36168271146 7.77621784930
# log_m_devs:
 -0.0171825659863 0.0171825659863
# log_slx_pars[1]:
 1.23557683374 -0.566789249211
# log_slx_pars[2]:
 1.71514313046 -0.130018765147
# log_slx_pars[3]:
 1.59840954528 -0.428414453740
# log_ft_pars:
 -1.34689573752 -1.42576962586 -1.82917889621 -1.67944550182 -1.37249820804 -1.26314461890 -1.33828808968 -1.71580900734 -1.31050164676 -2.10529697286 -2.25758084183 -1.15069857667 -4.53953611115 -1.19391535806 -3.43424654334 -2.55186342846 -2.21495218432 -1.74282340359 -1.58188494050 -2.49433343532 -2.60119260104 -2.66711818407 -2.90657851527 -2.34300344314 -2.64828293506 -3.31157544488 -2.75041056539 -2.11129350449 -2.09775327876 -1.50592554808 -0.952731868022 -0.927037401717 -1.26907586221 -1.62163983172 -1.51921368209 -0.719770110365 -1.19570667965 -1.54419187554 -4.26914451830 -4.29119842373 -3.48039984623 -3.00278393834 -3.29463081068 -3.48715319592 -3.27068202689 -3.16733867562 -2.04824104689 -2.52407850612 -8.39868210976 -3.51882636251 -1.56831540585 -1.28939722133 -1.88527393387 -1.59650942168 -1.50840501237 -1.46689990602 -1.23850855019 -1.59567163878 -2.07491916211 -1.26598609422 -0.955362660878 -2.15307337404 -2.94306647500 -2.04872843397 -1.39642381353 -2.18794186516 -2.66821710816 -1.36546354582 -1.43357820234 -2.16933867779 -2.00640464206 -2.85140016170 -1.94462563129 -2.09587648088 -2.63094728840 -2.25214999878 -2.20923130277 -2.27071086944 -2.05436273252 -2.05503224843 -2.15411506200 -1.98370934062 -1.83118803781 -1.89807443546 -2.66645942875 -1.28430123088 -1.89338608436 -1.82846759094 -1.77104803873 -3.38774731569
