# Number of parameters = 208 Objective function value = -3712.78818362736  Maximum gradient component = 7.86480925801315e-005
# theta[1]:
-0.335339586355
# theta[2]:
7.31113032578
# theta[3]:
7.08378673830
# theta[4]:
7.46307691520
# theta[5]:
0.978845441225
# theta[6]:
4.00000000000
# log_rinit_devs:
 0.209593275625 0.153379209033 0.121210269418 -0.0822514937393 -0.401931260338
# log_rbar_devs:
 0.786526724935 0.620455198672 0.457785743642 0.525793620051 0.395656280662 0.701028506945 0.376872164956 0.362660691293 0.414565659848 0.570020204420 0.547042948121 0.499797349555 0.559564108853 0.632895964957 0.861149036669 0.881862302537 1.05624708533 0.868825227001 1.04024761488 0.809663104446 0.795665906341 0.854824047869 0.773826257963 0.550807399009 0.629658905267 0.666730323108 0.569405127328 0.927220620755 0.493131947535 0.280054209750 0.0489589763258 0.138113123053 0.156244295847 -0.256830137584 -0.453498281886 -0.646174465391 -0.928977901576 -1.00059027817 -1.05754087862 -1.16067496280 -1.16880407227 -1.26935044104 -1.28984720444 -1.33349763523 -1.25693108788 -1.80007330801 -2.00001259663 -2.28117495481 -1.83809934056 -0.415822416599 1.06382161569 -0.197874064020 -1.64259732116 -0.621002904860 0.988622850685 0.257181134623 -0.792349856343 0.0623866470182 1.77881548459 -0.0577230489421 -1.82348466758 -0.716050981435 1.93672107784 -0.554011464523 -1.28728563832 -1.00676086377 0.465960662885 0.333092921102 1.37585694238 1.40570944394 -0.0458727326907 0.735901942317 1.09017865496 0.569742157022 1.96417446134 -0.274156916445 0.344294472846 0.253874220895 0.327232034220 0.274408704807 -0.135931450090 -0.204500803699 -1.07728377833 -1.49305286997 -0.516225862440 -2.46679200569 0.715940126658 -1.54091286862 0.354944250944 0.270851465147 0.188758112581
# mat_params[1]:
 7.56573844942 10.3799199072
# mat_params[2]:
 7.64987031803 10.7495460001
# mat_params[3]:
 6.27127707553 9.23834752431
# mat_params[4]:
 4.84287197867 7.22903127877
# log_m_devs:
 0.0158460404235 0.192830964331 -0.208677004755
# log_slx_pars[1]:
 1.37200542369 -0.359400704051
# log_slx_pars[2]:
 1.75284004758 -0.176392027792
# log_slx_pars[3]:
 1.55630532100 -0.374810666646
# log_ft_pars:
 -1.01913203775 -1.11144644402 -1.54632245759 -1.42689340486 -1.14147774616 -1.05509488935 -1.17327107419 -1.61669550516 -1.28103986391 -2.15237633928 -2.36879673778 -0.767404347284 -4.68295247652 -0.730632523086 -3.60537006857 -2.81242557469 -2.59059601203 -2.11155243035 -1.96844319887 -2.87908193651 -2.96810131494 -3.01051575490 -3.22345073083 -2.64107172201 -2.92800209149 -3.56000423401 -2.97242756544 -2.32586540719 -2.29768444522 -1.71249794617 -1.18868512358 -1.21813921351 -1.61482476570 -1.99601800099 -1.91858952685 -1.20054371354 -1.78875545439 -2.19674058559 -4.91191291275 -4.88700275385 -4.03774819403 -3.52875703810 -3.79232859506 -3.95282716771 -3.70137064513 -3.56528453670 -2.44012972178 -2.89241149182 -8.67739203517 -3.79430649874 -1.91965254119 -1.63185917510 -2.21614974535 -1.92900073180 -1.86039251953 -1.80775382980 -1.59082620244 -1.94778846470 -2.43249431642 -1.61458748537 -1.32412197779 -2.51038030944 -3.26361880291 -2.32002854353 -1.65500371585 -2.43446490076 -2.86402193617 -1.51890996289 -1.60505254880 -2.33936408346 -2.15249252155 -2.97444375435 -2.04694519387 -2.16586757972 -2.72110538608 -2.32667605694 -2.26432647773 -2.27603898691 -1.92692499105 -1.98365502139 -2.09679830865 -1.91196114680 -1.75780000810 -1.82911278960 -2.63746266313 -1.26846276866 -1.87121185526 -1.80306548808 -1.73335950443 -3.41210646176
