# Number of parameters = 203 Objective function value = -3529.34417634969  Maximum gradient component = 8.02575252493993e-005
# theta[1]:
-0.110196091805
# theta[2]:
8.88501104885
# theta[3]:
8.30641643606
# theta[4]:
8.63967005091
# theta[5]:
0.480855473501
# theta[6]:
4.00000000000
# log_rinit_devs:
 -0.0892934855103 -0.0560828754954 0.0825674814732 0.00597616067242 0.0568327188600
# log_rbar_devs:
 0.903242261325 0.731866204037 0.521889173968 0.577846206290 0.437738983962 0.847814013539 0.484760520310 0.458969338065 0.508760166987 0.663064451430 0.655474309253 0.694367058258 0.845183558759 0.939119697889 1.14331706777 0.965505714047 0.976645050839 0.769979468914 1.00677415517 0.726260356189 0.701794500506 0.765520379014 0.661515257890 0.385486554127 0.479328544321 0.506305760702 0.362214578820 0.787638256747 0.244829347376 0.0124684722612 -0.185623824703 0.0186129584489 0.0881537122594 -0.390762456806 -0.594256663020 -0.757574407678 -1.03806176266 -1.12859524659 -1.23928454653 -1.41906930433 -1.47945148215 -1.62478014341 -1.66502132481 -1.71773165245 -1.61106363880 -2.16679537713 -2.30071692775 -2.52214587087 -2.03144861719 -0.570366499491 1.00511943777 -0.334546729443 -1.70851874920 -0.706227865745 0.872374235229 0.157829170814 -0.883654210176 -0.0356230219615 1.63550241301 -0.118115590145 -1.80033469265 -0.817834613349 1.71975311251 -0.662957612389 -1.40854855541 -1.13530252991 0.291637956590 0.195343637980 1.21522643826 1.24025113439 -0.171624385859 0.603025418462 0.938774733121 0.452786989607 1.72453122442 -0.380758106195 0.254736433940 0.305384140010 0.564492021157 0.702682273549 0.354266023634 0.375902198730 -0.338101463998 -0.662874360426 0.316845089091 -1.58796451250 1.54778132768 -0.810748138706 0.856476461041 0.485286632191 0.318030301742
# mat_params[1]:
 7.69180421368 10.1314970530
# mat_params[2]:
 7.41625056866 10.3795141173
# mat_params[3]:
 8.93051605588 13.3642289790
# log_m_devs:
 0.106267291796 -0.106267291796
# log_slx_pars[1]:
 1.65406769876 -0.214712106154
# log_slx_pars[2]:
 1.69742745797 -0.308760863246
# log_ft_pars:
 -1.26045810271 -1.36468096591 -1.81802995417 -1.69195372781 -1.39598144851 -1.31998095254 -1.45325522780 -1.91270283811 -1.57070164002 -2.39534584647 -2.56170387457 -2.61128525295 -5.04826124996 -1.89892958823 -4.05502737018 -3.15349535508 -2.82075674875 -2.36038330366 -2.22657539316 -3.12888607976 -3.21267986570 -3.23775034319 -3.42496846340 -2.84022643150 -3.11939286819 -3.71463760690 -3.09776719475 -2.43451528791 -2.40169524522 -1.86457127377 -1.40046447372 -1.44742969936 -1.84011137011 -2.23707333758 -2.20225691919 -1.53199569776 -2.13711985523 -2.51929618567 -5.16969051843 -5.06813691628 -4.14855144284 -3.57594187612 -3.76579898916 -3.89106454869 -3.63645667561 -3.49580294313 -2.41204958770 -2.90944617611 -9.60150202712 -4.97454134868 -3.45448697337 -3.10309843017 -3.53242662468 -3.09156450121 -3.14358555036 -3.14859604413 -2.89517440573 -3.16005307443 -3.75463955111 -2.96019140878 -2.58079015328 -3.59435194784 -4.45033630869 -3.55782738658 -2.80894048717 -3.40329007575 -3.81277089202 -2.60776373691 -2.92258177744 -3.68502985904 -3.41239172308 -4.12156669918 -3.16458781128 -3.30139151365 -3.94748561545 -3.49910024739 -3.35861699090 -3.29171157899 -3.00957993947 -2.78660023724 -2.95279091498 -2.81628157964 -2.71615371586 -2.85445705083 -3.73188456015 -2.44915907464 -3.04891519109 -2.96725535296 -2.88715099039 -4.48996415024
