# Number of parameters = 203 Objective function value = -3536.56611860945  Maximum gradient component = 0.000703224123014780
# theta[1]:
0.0149932342592
# theta[2]:
10.2252292848
# theta[3]:
8.97315245122
# theta[4]:
9.26475029615
# theta[5]:
0.683479740827
# theta[6]:
4.00000000000
# log_rinit_devs:
 -0.300938186197 -0.182018232565 0.0623085239245 0.106434037574 0.314213857263
# log_rbar_devs:
 1.30119205237 1.07316430917 0.790634685603 0.782814518848 0.596362714354 1.00971119752 0.552755149906 0.459779232921 0.436576139855 0.524289576105 0.431819864159 0.375390174185 0.456554289454 0.526324333873 0.761944658172 0.619173968725 0.743205777648 0.532255510845 0.815865993586 0.538739761098 0.527708809089 0.609221443537 0.505713513479 0.210277360937 0.314265783390 0.346987167717 0.202353757840 0.666266435434 0.115609031292 -0.0933726148335 -0.253085813519 0.0264177891179 0.150957712305 -0.314855690281 -0.474619263164 -0.591448262549 -0.851158468953 -0.918704013089 -1.01302350472 -1.18869343702 -1.22622179604 -1.36479696166 -1.38781627665 -1.42457010961 -1.28993333218 -1.86296523836 -1.97700900420 -2.18917711079 -1.69980399667 -0.231000668407 1.38151765690 -0.00356080331609 -1.35418824683 -0.372103776205 1.20332998821 0.478390611331 -0.569698064008 0.264114594869 1.95260608608 0.193524801830 -1.47305562335 -0.541966800802 1.99105456102 -0.389475066138 -1.14827828372 -0.888546658375 0.521997114062 0.437792313709 1.45483571893 1.47880084128 0.0636738201471 0.834500864395 1.14668068008 0.640010810615 1.97452042403 -0.267050383000 0.248422861287 0.143574096053 0.235143573079 0.234181546596 -0.158447794908 -0.224190032769 -1.15355009883 -1.57189831578 -0.587309892419 -2.50800232042 0.718646753872 -1.53382569496 0.228988699546 0.0362380018781 0.230524286173
# mat_params[1]:
 8.10917736426 10.8777547506
# mat_params[2]:
 6.46878375362 9.09319490841
# mat_params[3]:
 6.90030664195 9.75115209411
# log_m_devs:
 0.0879032250584 -0.0879032250584
# log_slx_pars[1]:
 1.70678872412 -0.215784027011
# log_slx_pars[2]:
 1.82530852084 -0.250814979307
# log_ft_pars:
 -2.09921729033 -2.14007167871 -2.52972310467 -2.34282920914 -1.99570660756 -1.87029742444 -1.94863286400 -2.34703548451 -1.94572025361 -2.68138829613 -2.75571821247 -6.74443244658 -5.07596300447 -6.58240443484 -3.98152421357 -3.04440536200 -2.72325659484 -2.29199566218 -2.20645767709 -3.13846603620 -3.24271828008 -3.28740813813 -3.48641763677 -2.90307162108 -3.18753389763 -3.78579903916 -3.16654025877 -2.52169956863 -2.49635453624 -1.96658446991 -1.52247477631 -1.61742768875 -2.07072907056 -2.50513311922 -2.50234558572 -1.87460656304 -2.52281870968 -2.93036538834 -5.59535170171 -5.50102558578 -4.59462568924 -4.03721121955 -4.24788189501 -4.38839408155 -4.14787140541 -4.01914211378 -2.95734209098 -3.46857230079 -10.1695931396 -5.58422220219 -4.12701602948 -3.73122763317 -4.13981613714 -3.70188567527 -3.76790554277 -3.74198039116 -3.47217654426 -3.73923953197 -4.35739621870 -3.53190575167 -3.14236224079 -4.15507600996 -5.01895961992 -4.08125783824 -3.31634575318 -3.91455358778 -4.31591848645 -3.09774629419 -3.43743219504 -4.19546099792 -3.89952249505 -4.60385259839 -3.64514082532 -3.76116200242 -4.43954094959 -3.96536133474 -3.79767597644 -3.67636108107 -3.25982046982 -2.35054280653 -2.31721781095 -2.09315849015 -1.94467511696 -2.03884787917 -2.84741393950 -1.43474915230 -2.06752651095 -1.91471881420 -1.84682877063 -3.56079485285
