# Number of parameters = 209 Objective function value = -3685.34250563067  Maximum gradient component = 0.000154462319326871
# theta[1]:
-0.319766116349
# theta[2]:
7.50899686333
# theta[3]:
6.62119979878
# theta[4]:
7.18143490603
# theta[5]:
0.480138462364
# theta[6]:
4.00000000000
# log_rinit_devs:
 0.0669865154804 0.0244533673573 0.0799176056741 0.00434731639803 -0.175704804910
# log_rbar_devs:
 1.30877299576 1.10619483967 0.890357523338 0.933846603345 0.789809612012 1.06987679107 0.669041452378 0.569370774489 0.513163946631 0.541142345443 0.472151536755 0.439009359067 0.542003625275 0.649626558192 0.846310012377 0.773180064014 0.844995492586 0.641185592980 0.797512226466 0.567550488915 0.572019755965 0.651595152317 0.590115787747 0.382039113688 0.482361027533 0.547650768233 0.471557493118 0.854086755406 0.432497459435 0.218094569031 -0.0546723409709 -0.0244784355905 -0.0450282374028 -0.484575348944 -0.727045823370 -1.02805452168 -1.40945541449 -1.52508581749 -1.57106954279 -1.63891373266 -1.61805232306 -1.69330876274 -1.68793187415 -1.70718129172 -1.59050817409 -2.11458719237 -2.31680322278 -2.59251942084 -2.10401247863 -0.653127366541 0.772383882543 -0.488792648367 -1.92906557748 -0.905153227737 0.687686342679 -0.0408661923477 -1.08449707162 -0.216034849218 1.46618919801 -0.360565296171 -2.10223987962 -0.968521043990 1.68715688043 -0.765752383934 -1.47363412785 -1.15778429920 0.327298138854 0.194112286319 1.24609616235 1.28155548223 -0.147312806752 0.646439956479 1.03030731522 0.563342866548 1.86769798505 -0.175355465448 0.556375488792 0.698412060930 1.06874700866 1.35711709485 0.919203425171 0.865809193579 -0.0616060797000 -0.536228895844 0.417118062237 -1.67401017793 1.53296212054 -0.895338856166 0.930440593186 0.730277260147 0.555321673640
# mat_params[1]:
 6.99485152837 10.0127432614
# mat_params[2]:
 7.14716567808 10.4516885314
# mat_params[3]:
 5.48272242806 8.20753065825
# mat_params[4]:
 5.20652961228 7.72383568650
# log_m_devs:
 -0.00798791324980 0.00798791324980
# log_slx_pars[1]:
 1.02990170522 -0.641751095215
# log_slx_pars[2]:
 1.30337177492 -0.613743564723
# log_slx_pars[3]:
 1.68237153748 -0.188238869444
# log_slx_pars[4]:
 1.64059337582 -0.382297273120
# log_ft_pars:
 -1.68260204553 -1.74262768269 -2.10727850398 -1.94718722438 -1.62854051448 -1.56378941846 -1.59853783150 -1.94715837808 -1.52506134062 -2.30231256896 -2.41465174684 -2.60555732778 -4.81032333617 -2.27599494541 -3.81420693882 -2.89646425293 -2.17620193984 -1.71458885237 -1.55066837406 -2.47034487741 -2.57979541517 -2.64059824222 -2.88162564821 -2.32452165420 -2.62402029649 -3.28068101076 -2.72160029776 -2.06950545983 -2.07490083705 -1.49403801032 -0.938562665979 -0.897504658888 -1.23218942189 -1.60232052780 -1.50613016196 -0.700596846084 -1.17091505944 -1.51439413215 -4.23418071935 -4.25362620337 -3.43653549031 -2.95424159089 -3.23707906700 -3.42632491474 -3.20898552113 -3.11899715914 -1.99062164395 -2.45534840020 -8.45892720259 -3.58328144345 -1.64238329546 -1.39160927293 -1.99795254591 -1.68612163373 -1.57289477406 -1.54663750091 -1.33766660163 -1.68182656416 -2.14000055340 -1.35071517387 -1.05560097938 -2.23298448213 -2.99293575089 -2.12256599749 -1.49205114448 -2.26421828838 -2.71378109162 -1.41401998989 -1.50475484805 -2.25265464892 -2.10146256800 -2.93995145185 -2.01927992666 -2.17332336187 -2.71921300977 -2.35647562286 -2.32587088436 -2.38499290369 -2.17639627696 -1.99806489916 -2.05745072289 -1.86277347957 -1.70770576707 -1.77295892584 -2.55963483664 -1.15764270882 -1.71967352895 -1.56766122974 -1.46122096896 -3.06389460558
