# Number of parameters = 206 Objective function value = -3696.53305228855  Maximum gradient component = 0.000127316963255037
# theta[1]:
-0.394008169846
# theta[2]:
7.11397693553
# theta[3]:
6.77286513351
# theta[4]:
7.22170912153
# theta[5]:
0.626584838835
# theta[6]:
4.00000000000
# log_rinit_devs:
 0.234807590194 0.158860685205 0.121965911129 -0.0563406362784 -0.459293550250
# log_rbar_devs:
 0.900533994408 0.729476439354 0.568433925032 0.634769471501 0.509541995384 0.781258292081 0.449742773723 0.416915708851 0.431772136296 0.563607203528 0.539081608712 0.462508689512 0.490755424938 0.528466353682 0.726390124841 0.782981832599 1.00141374567 0.816038055933 0.961430382122 0.735729073187 0.724814430964 0.783424840601 0.711477864899 0.504072190714 0.578878708167 0.620374039317 0.537425324914 0.880318526211 0.477046716231 0.276298077381 0.0304341149207 0.0642011993368 0.0427732189175 -0.368581489480 -0.576968364208 -0.817517923652 -1.15157054294 -1.25507539247 -1.31597880037 -1.39972449836 -1.39706930636 -1.48415186792 -1.49688230652 -1.52928346525 -1.44203720297 -1.96657126694 -2.18760124565 -2.49304837704 -2.03291914422 -0.586665087945 0.867976692188 -0.391567791067 -1.85068791002 -0.819585928005 0.794398298849 0.0543260411066 -0.996895912651 -0.123852877821 1.58795047018 -0.264739862703 -2.03846148028 -0.889047262949 1.78979904562 -0.707052814065 -1.42247138778 -1.11836450877 0.375573885980 0.230970610491 1.28838866762 1.32118697457 -0.139075716338 0.645821836747 1.01437691455 0.501074385258 1.83048907614 -0.339556111477 0.341655764989 0.394668724876 0.658084559623 0.800976894410 0.386989969728 0.352858232192 -0.442181171875 -0.802279904158 0.200670653938 -1.72217350066 1.45179304166 -0.798250792086 1.02050913297 0.785755055700 0.409209801709
# mat_params[1]:
 7.25095195172 10.4036126850
# mat_params[2]:
 5.60523168294 8.32288153722
# mat_params[3]:
 5.83759689985 9.15316204696
# log_m_devs:
 -0.0636671312740 0.159148113388 -0.0954809821142
# log_slx_pars[1]:
 1.27030677153 -0.507277109373
# log_slx_pars[2]:
 1.67415737982 -0.220949014425
# log_slx_pars[3]:
 1.69817685045 -0.257181155996
# log_ft_pars:
 -1.17238298545 -1.25247718127 -1.67650976992 -1.55309219522 -1.27028648351 -1.17155667807 -1.27435186715 -1.69707818615 -1.34203468903 -2.18816855305 -2.38878558765 -0.831406823043 -4.65343697372 -0.745664607498 -3.50262545154 -2.70619910094 -2.49359817010 -2.01508143600 -1.86310940771 -2.77375923210 -2.86444633762 -2.91331402132 -3.13390505858 -2.55491493481 -2.84613338343 -3.48985871612 -2.91048683106 -2.26297648177 -2.23667152297 -1.64092597922 -1.10174459702 -1.10537773047 -1.47307436203 -1.83346555637 -1.73590974280 -0.978068628592 -1.51630803460 -1.89788883991 -4.61621281867 -4.60953261198 -3.77470939120 -3.27745277331 -3.55292296094 -3.72488397050 -3.48357527602 -3.35666032072 -2.21995585038 -2.66448666795 -8.57845147372 -3.70357250432 -1.81916863494 -1.57079854117 -2.15857092306 -1.81862341039 -1.71515775349 -1.70412386157 -1.50601802898 -1.83184588574 -2.30373555622 -1.53091073369 -1.24231971736 -2.38380091721 -3.13683686162 -2.27549080498 -1.64527137149 -2.37923577056 -2.78911430899 -1.48887326822 -1.61298562548 -2.36463975370 -2.19964259853 -3.00921167086 -2.06515086631 -2.19508651681 -2.73823966384 -2.35761232321 -2.29712473447 -2.29751643135 -2.00288943344 -1.71449660264 -1.83707974756 -1.70168615777 -1.60465946040 -1.73712543502 -2.61233755873 -1.28473949600 -1.82221482549 -1.70649641446 -1.65315087607 -3.37921692320
