# Number of parameters = 95 Objective function value = -1191.48218664843  Maximum gradient component = 7.98025877896479e-005
# theta[1]:
-0.561091195566
# theta[2]:
3.29974476242
# theta[3]:
5.88403501426
# theta[4]:
6.25386639484
# theta[5]:
0.830454024687
# theta[6]:
4.00000000000
# log_rinit_devs:
 3.17836825976 1.83753971627 0.0412088014272 -2.37272515759 -2.68439161986
# log_rbar_devs:
 -0.748195428032 -2.06138261424 -1.04286483863 0.537054997500 -0.232602170665 -1.40467466361 -0.453520585320 1.30459754399 -0.610459132391 -2.17997574736 -1.25173786908 1.47840721457 -0.889313116577 -1.67686897999 -1.27373015058 0.173341176763 0.0421310279537 0.963984301946 0.989162168053 -0.393487350369 0.491967946676 0.813257401142 0.408807224963 1.68612729501 -0.248820105343 0.390441999275 0.587095383371 0.957377825803 1.19643441487 0.864049400002 0.813847492509 -0.132200279015 -0.566623832364 0.377542083181 -1.59513158015 1.53795129280 -0.860195841422 0.883519061028 0.752497261069 0.372189772657
# mat_params[1]:
 4.35457614654 6.53472559058
# log_m_devs:
 -0.0447113727158 0.0447113727158
# log_slx_pars[1]:
 1.56178759188 -0.218286807703
# log_ft_pars:
 -1.18765000266 -1.77591097495 -1.41783368572 -1.30391227006 -1.33184998887 -1.09932535065 -1.37474915587 -1.84353845181 -1.11129038173 -0.781316469005 -1.87376385762 -2.66941608725 -1.89505667059 -1.25273330819 -1.97782135006 -2.46431608547 -1.22416548444 -1.25797515789 -1.96648314966 -1.80904104901 -2.63908419781 -1.72902158688 -1.92504636745 -2.48749250760 -2.16830214824 -2.14697029097 -2.20672293852 -2.02814996956 -1.86359592106 -1.93194731811 -1.73633212512 -1.58932282790 -1.66607135958 -2.47976059040 -1.10643207223 -1.69458400080 -1.49884872141 -1.27676509505 -2.85856149250
