# Number of parameters = 206 Objective function value = -3581.93377363654  Maximum gradient component = 419.273185654849
# theta[1]:
-0.267510946853
# theta[2]:
7.87993464307
# theta[3]:
7.16516941883
# theta[4]:
7.54100472236
# theta[5]:
0.429911513331
# theta[6]:
4.00000000000
# log_rinit_devs:
 -0.0124059574030 -0.0216211369827 0.0722855588922 0.0420443746952 -0.0803028392017
# log_rbar_devs:
 1.04914287414 0.871445642525 0.664016576891 0.714747477418 0.603140938823 0.901039930562 0.554477772649 0.482432043393 0.466673160600 0.509620238858 0.447891079769 0.416145167110 0.519287175423 0.605118710636 0.809858713633 0.711146380465 0.785347647804 0.584652340799 0.763713289287 0.551098719471 0.553194287393 0.623435399449 0.551490637781 0.345301406332 0.439661974134 0.480820073675 0.368205653249 0.706024149480 0.237326671504 -0.0267591846584 -0.298481857147 -0.242583144393 -0.253149099357 -0.712311571855 -0.995640074337 -1.25939228546 -1.56371191568 -1.63758528536 -1.68835337030 -1.78417155090 -1.79312521807 -1.87101896097 -1.86346138218 -1.87150495487 -1.74275636256 -2.17804014107 -2.25737217411 -2.40412452110 -1.82306192950 -0.369050061881 1.17914409356 -0.137868372904 -1.57438227931 -0.548813295621 1.06405695618 0.323732110772 -0.734216086402 0.139172136877 1.84794842492 0.0271147337546 -1.73413578244 -0.650086643083 1.97908125889 -0.492386486936 -1.22808750840 -0.936202439644 0.539415213446 0.411587479554 1.46424216326 1.48978882222 0.0315028226711 0.811284188015 1.16622498350 0.648353752564 1.96523796293 -0.211717132812 0.439109093781 0.481948283398 0.730580325520 0.857355326258 0.482024542931 0.469574694707 -0.274842511524 -0.600152594724 0.390422804494 -1.51495266322 1.62247079470 -0.683748848073 1.02708673661 0.679966121966 0.372365730116
# mat_params[1]:
 7.02026882754 10.1124777339
# mat_params[2]:
 6.51358070382 9.57041458298
# mat_params[3]:
 7.33737672408 11.7188125664
# log_m_devs:
 -0.0176077366190 0.147286445245 -0.129678708626
# log_slx_pars[1]:
 0.994450116925 -2.20977424045
# log_slx_pars[2]:
 1.51133644228 -0.392608499196
# log_slx_pars[3]:
 1.69577365348 -0.239281972086
# log_ft_pars:
 -2.23638189649 -2.29134464144 -2.64516525686 -2.50493229237 -2.20786919400 -2.21749671887 -2.24846162554 -2.62667501452 -2.25256277548 -3.06822876489 -3.17444681110 -6.10598385981 -5.58150415502 -6.17746374142 -4.60609667419 -3.63295627402 -2.24304758202 -1.79308923649 -1.64826184419 -2.56648424110 -2.68902209065 -2.74247332145 -2.96737163669 -2.42186080678 -2.72778686953 -3.35531941075 -2.77266576204 -2.07936625973 -2.05204552979 -1.50150014970 -0.974048038583 -0.920127566056 -1.21162643201 -1.56927205541 -1.50000602906 -0.716313166281 -1.21670117013 -1.57819935969 -4.28651944351 -4.27535096944 -3.42984328922 -2.92059222783 -3.16788023251 -3.35162371943 -3.15142496337 -3.07433962434 -2.02534813165 -2.57927675296 -9.34115700288 -4.61151441223 -3.01218733365 -2.76928121483 -3.19150149523 -2.65484559166 -2.66967701039 -2.77048110795 -2.53227537433 -2.72701516377 -3.30490014324 -2.62306198004 -2.23060396637 -3.15079490768 -4.00645859823 -3.28019292094 -2.53379614996 -3.02387494413 -3.40235558924 -2.26173507398 -2.57000970962 -3.36446445157 -3.13064309555 -3.79403614640 -2.80418910345 -2.96648147098 -3.58378340574 -3.20178082231 -3.04367757044 -2.91095473849 -2.62033014921 -2.39544335771 -2.58610687331 -2.43286516427 -2.30726851415 -2.41627032351 -3.26511241654 -1.99667632173 -2.31922887977 -2.21645871118 -2.13543779722 -3.79217837114
