# Number of parameters = 203 Objective function value = -3598.88172165433  Maximum gradient component = 5.74818446506626e-005
# theta[1]:
-0.395106832486
# theta[2]:
7.43361776665
# theta[3]:
6.42579690704
# theta[4]:
6.96046195306
# theta[5]:
0.622270170398
# theta[6]:
4.00000000000
# log_rinit_devs:
 0.114986794963 0.104506751545 0.127767962362 -0.00759403997469 -0.339667468896
# log_rbar_devs:
 1.42706855593 1.24810740372 1.06310922015 1.07770914787 0.906475388222 1.14133443046 0.751462275784 0.649465158937 0.591734733310 0.657657838074 0.578416246851 0.506224027809 0.534885524850 0.561168038797 0.750149195434 0.715330049505 0.814321311148 0.601657979036 0.738761781197 0.525949758078 0.542370275302 0.630559955155 0.587187702679 0.411282088064 0.531334345760 0.618147568770 0.566140035660 0.943012512475 0.541740131046 0.315428955633 0.0329181007527 0.0486969932954 0.0204116320469 -0.422067738893 -0.709934068723 -1.04806552781 -1.44452316463 -1.55155879333 -1.57679438736 -1.61688277503 -1.57646277410 -1.62616327926 -1.59992408412 -1.59722789043 -1.47600276117 -1.99090879660 -2.23294936197 -2.56712413573 -2.17057612391 -0.690752689287 0.756236683103 -0.476391056043 -1.90151880195 -0.889497763567 0.686337200434 -0.0378386800381 -1.08077671804 -0.199989260968 1.46270049263 -0.335295451024 -2.09070742942 -0.997345441116 1.60307729383 -0.804900535796 -1.52363328558 -1.21463289799 0.270290252139 0.131252926611 1.16697260392 1.19391516393 -0.228355173794 0.550177503171 0.930072114890 0.449926944251 1.75113043097 -0.281929200142 0.451645743231 0.603312218997 0.983805209818 1.28869304731 0.863115175200 0.810330743974 -0.123590457336 -0.588791194208 0.379850938414 -1.74455207585 1.47541312255 -1.00845723233 0.817080074205 0.640993695928 0.529573066223
# mat_params[1]:
 7.13196038333 10.3396182409
# mat_params[2]:
 5.08727951456 7.65910222660
# mat_params[3]:
 4.87377518777 7.21653400754
# log_m_devs:
 -0.0289338807333 0.0289338807333
# log_slx_pars[1]:
 1.38569446432 -0.404719236375
# log_slx_pars[2]:
 1.61160267302 -0.379906497031
# log_ft_pars:
 -1.20734125245 -1.26918076625 -1.68864564768 -1.54057314779 -1.22209152326 -1.05908328982 -1.10903765115 -1.48275686818 -1.05086827538 -1.80003103098 -1.92938836559 -1.11731102568 -4.21342863693 -0.811577710077 -3.00958106796 -2.14749909631 -1.84404843922 -1.36722515267 -1.18085389793 -2.08579896278 -2.21218719749 -2.28724964415 -2.54261653346 -2.00448003875 -2.33080766248 -3.01063598564 -2.47457562228 -1.83631378047 -1.84662526258 -1.29144038990 -0.742056357718 -0.679721830261 -0.985085863371 -1.34499426263 -1.25706299003 -0.420591600592 -0.826639450551 -1.14205458204 -3.87807805625 -3.93253471660 -3.14613587231 -2.68747264499 -2.99128623838 -3.20673803734 -3.01792551136 -2.94165486381 -1.83287527400 -2.29971242109 -8.96578807957 -4.24135832209 -2.54748379524 -2.26181936191 -2.61219031217 -2.08455579702 -2.17681972639 -2.28777633891 -1.98249629153 -2.17917693437 -2.82551952473 -2.13243821534 -1.63334877942 -2.55980934822 -3.53638614786 -2.83038065350 -1.99390206383 -2.49285379157 -2.99471572116 -1.89929273812 -2.17347756915 -2.96605923381 -2.71282486901 -3.37419535785 -2.44004401412 -2.63060834528 -3.26490039112 -2.90601762705 -2.74430562999 -2.70858035596 -2.56905335299 -2.49751198365 -2.59495518617 -2.33939014725 -2.12057636887 -2.09742526261 -2.84770068785 -1.48954406207 -1.63931162567 -1.49269318830 -1.36742089401 -2.94630774083
