# Number of parameters = 202 Objective function value = -3594.39896793472  Maximum gradient component = 0.000163999814483227
# theta[1]:
-0.384086572245
# theta[2]:
7.48299352528
# theta[3]:
6.43822807752
# theta[4]:
6.96032818576
# theta[5]:
0.638597900602
# theta[6]:
4.00000000000
# log_rinit_devs:
 0.102781420487 0.0985242863142 0.127601305399 -0.00470502984955 -0.324201982352
# log_rbar_devs:
 1.45093004013 1.27216999726 1.08550445967 1.09574005208 0.921283869358 1.15506187467 0.762255976572 0.656291494944 0.595707574136 0.658900985891 0.579171255566 0.511512869735 0.544835939222 0.576932399874 0.770150647648 0.730145688360 0.824284226845 0.609970073156 0.749402897900 0.538031144454 0.555036038909 0.643715655546 0.600211592755 0.424471309777 0.546180589832 0.633346299105 0.580360712075 0.957600325133 0.552905495709 0.322557210209 0.0389658331179 0.0584677270307 0.0330780396372 -0.411547440720 -0.703449292824 -1.03959446040 -1.42869122171 -1.52888425110 -1.55106830995 -1.59194216829 -1.55188879917 -1.60171298374 -1.57519325296 -1.57263026753 -1.45323619854 -1.97083009857 -2.21244242424 -2.54395342038 -2.14856955647 -0.673644103966 0.775030233482 -0.458907497287 -1.88483381676 -0.872885294491 0.702765405613 -0.0217604509354 -1.06471618311 -0.184588313431 1.47797079150 -0.322209068280 -2.07596526517 -0.982766341784 1.61741966852 -0.793087717615 -1.51197351690 -1.20348570601 0.279837377679 0.139230108199 1.17403187711 1.20113594406 -0.221865657334 0.556372049352 0.934908306722 0.454074224789 1.75642329819 -0.278011739801 0.457299226911 0.608966666594 0.991156294587 1.29949132914 0.867770297673 0.810777060244 -0.123032150995 -0.603055932255 0.314848036643 -1.81673075332 1.29834390605 -1.19374975090 0.561329526593 0.353596729321 0.504944751647
# mat_params[1]:
 7.15982999286 10.3556746763
# mat_params[2]:
 5.11968237237 7.70466321294
# mat_params[3]:
 4.57449716648 6.82751065011
# log_m_devs:
 -0.0262666309463 0.0260497070311 0.000216923915290
# log_slx_pars[1]:
 1.40074464827 -0.395620966306
# log_ft_pars:
 -1.20604515041 -1.26682395975 -1.68688225543 -1.53773987696 -1.21702502139 -1.05025143427 -1.09759503593 -1.46971350243 -1.03415838910 -1.77741977434 -1.90251280132 -1.16536536227 -4.19563280137 -0.848420176432 -3.00116477378 -2.13625856986 -1.83012429724 -1.35375427293 -1.16736878504 -2.07199666088 -2.19936565451 -2.27426231826 -2.52952981136 -1.99252492442 -2.31953793919 -2.99877181658 -2.46284591697 -1.82368886855 -1.83447141843 -1.28205736165 -0.734012485043 -0.670521355305 -0.974566222623 -1.33567264526 -1.24997739199 -0.414861001006 -0.822670069504 -1.14077599972 -3.87817028441 -3.93248453422 -3.14591288017 -2.68716970621 -2.99028661682 -3.20584203482 -3.01745048831 -2.94150772336 -1.83450532791 -2.30271062452 -8.96646407598 -4.22802215246 -2.52295811761 -2.24530497618 -2.61081228131 -2.08784402084 -2.16304001451 -2.27263245696 -1.97729048233 -2.17640333214 -2.80689708545 -2.11568237615 -1.63191162739 -2.56365051943 -3.51821519530 -2.81100447039 -1.98959900286 -2.49448011036 -2.98403036776 -1.87996443284 -2.14775066842 -2.93885084114 -2.69267704874 -3.35974431649 -2.42060688468 -2.60931530709 -3.23854839409 -2.88160042358 -2.72783411422 -2.69127799927 -2.54788699282 -2.47495809086 -2.57488815097 -2.32218223479 -2.10366047367 -2.08097173377 -2.81812026501 -1.43868973532 -2.17039715387 -2.06420726996 -1.76712425698 -3.28726567335
