# Number of parameters = 204 Objective function value = -3547.02526648160  Maximum gradient component = 0.000310295215119784
# theta[1]:
-0.125755432046
# theta[2]:
8.58397220196
# theta[3]:
7.67858010958
# theta[4]:
8.06592202206
# theta[5]:
0.395134949089
# theta[6]:
4.00000000000
# log_rinit_devs:
 -0.112157064628 -0.0803660001032 0.0648244437180 0.0392341190056 0.0884645020073
# log_rbar_devs:
 1.17800711755 0.976975995597 0.742566140050 0.798976799328 0.654229828773 1.05607316332 0.648562936980 0.590025566677 0.583896913000 0.686509492638 0.624020622420 0.609318049439 0.733047073792 0.824730648353 1.05276323646 0.901334595380 0.984499437757 0.762251198490 1.01138268648 0.737394720667 0.727703798334 0.806042531224 0.706279597618 0.432483869269 0.539011187170 0.575391030446 0.428987991376 0.870795869589 0.303372118160 0.0408891768289 -0.198487645640 -0.0235682417430 0.0288252712204 -0.482322031431 -0.724841430545 -0.925836017296 -1.22838688805 -1.31321541302 -1.40959533081 -1.57400177777 -1.62157649881 -1.75543175508 -1.78206412597 -1.82452455178 -1.69776908839 -2.26190728743 -2.39763614211 -2.61455336710 -2.11236357147 -0.639111416872 0.895663903021 -0.443561036182 -1.81780221376 -0.810725084957 0.756455182698 0.0483339467988 -0.990546843259 -0.133983535320 1.50913742357 -0.230789526058 -1.89060786037 -0.902470960576 1.63063447075 -0.730340433498 -1.46426591954 -1.17102799124 0.258034547535 0.155992885391 1.17688806375 1.20300603059 -0.192377422980 0.592244862945 0.948343944818 0.496990374605 1.76799982565 -0.237090712414 0.461183520904 0.593196796721 0.956653783701 1.24246392614 0.818544291742 0.757339067335 -0.174385398047 -0.658730779959 0.248512242409 -1.78167414157 1.35223091032 -0.955095034727 0.775032622776 0.523949765230 0.387486421981
# mat_params[1]:
 7.29737579238 10.0739416491
# mat_params[2]:
 6.88320503632 9.92886445585
# mat_params[3]:
 6.21186101403 9.02903123326
# log_m_devs:
 0.00000000000
# log_slx_pars[1]:
 1.24558057491 -0.0934298897151
# log_slx_pars[2]:
 1.58370421935 -0.323042201719
# log_slx_pars[3]:
 1.71648124329 -0.379127252823
# log_ft_pars:
 -2.16944798968 -2.26030141055 -2.63359643890 -2.46978450585 -2.16264010990 -2.15938887971 -2.24564899138 -2.63012414977 -2.24898892991 -3.06425741543 -3.18531678201 -6.01402866466 -5.59269565432 -6.28593121826 -4.61864735059 -3.66755021390 -2.53086051788 -2.08714164003 -1.96186357177 -2.87937518762 -2.98693554057 -3.02442593143 -3.22745380159 -2.66172113081 -2.94622770411 -3.54558946134 -2.93992051651 -2.26413420959 -2.24156064489 -1.70814019547 -1.21154600159 -1.19966123721 -1.54398838981 -1.93280882778 -1.88954423867 -1.17227316461 -1.73207192491 -2.09989477908 -4.75964177714 -4.68011539035 -3.77603949375 -3.21414107460 -3.40963400085 -3.54612539335 -3.30619692372 -3.18581904376 -2.10085859123 -2.59460725353 -9.27917424189 -4.58133669046 -2.96543366308 -2.72827333046 -3.22964476146 -2.77436068192 -2.72530964011 -2.77334091100 -2.56858231149 -2.81969946907 -3.31433401604 -2.58764032526 -2.25979042970 -3.27361172856 -4.03116074386 -3.22365203007 -2.53742480750 -3.13292595143 -3.51081883167 -2.31135499250 -2.58045924102 -3.35874890717 -3.15135348057 -3.87787795221 -2.90566251421 -3.07559811018 -3.69180154740 -3.31531441022 -3.22769859675 -3.19353833663 -2.98762453840 -2.87404439333 -2.97250305374 -2.75029693532 -2.55001122983 -2.56725893263 -3.29566289123 -1.87960522939 -2.03950626252 -1.85046288389 -1.74307983384 -3.37199731423
