# Number of parameters = 203 Objective function value = -3670.31389541804  Maximum gradient component = 0.000267893289603396
# theta[1]:
-0.316463965653
# theta[2]:
7.80313509138
# theta[3]:
6.63875639695
# theta[4]:
7.20832546747
# theta[5]:
0.467864025428
# theta[6]:
4.00000000000
# log_rinit_devs:
 0.0177252060619 0.0193389535094 0.0917872461414 0.0297364252738 -0.158587830987
# log_rbar_devs:
 1.46910445978 1.27372037540 1.06844543335 1.08224730437 0.916541256889 1.15863982780 0.760750775121 0.651273759482 0.568590474194 0.601028695134 0.516433716031 0.463028076004 0.523469174997 0.554274687274 0.716196440773 0.647760993327 0.735251557011 0.544540364563 0.683216316326 0.452810999892 0.456353493746 0.531611150973 0.475610906805 0.280346613289 0.372182526123 0.435511494064 0.372697102199 0.740535097098 0.347316588251 0.154660751939 -0.103003601270 -0.0908351679260 -0.128499837645 -0.551804451121 -0.770152547501 -1.05219650911 -1.44084533060 -1.56621177384 -1.61955188054 -1.67552489470 -1.64571584153 -1.71026666252 -1.70074495246 -1.71392392520 -1.59682061031 -2.09208123090 -2.28413153157 -2.56810312970 -2.10318011958 -0.660993340172 0.778266109047 -0.479228991710 -1.92750232920 -0.899512171409 0.696527899570 -0.0322619169046 -1.07342865160 -0.205825107413 1.47880876667 -0.349126944510 -2.10513520599 -0.954220381467 1.69861650134 -0.755898632433 -1.46221514981 -1.14915417493 0.335182586255 0.199397390033 1.25237794331 1.28736409953 -0.145013975803 0.642854854613 1.02345865451 0.546853218161 1.85236821128 -0.222953548444 0.492268863982 0.623088036729 1.00647905090 1.34656476573 0.907637759284 0.859776290798 -0.0435801572291 -0.488770162628 0.504563647657 -1.53777795233 1.70681142879 -0.651476886039 1.19846345850 1.00156821427 0.564221514924
# mat_params[1]:
 7.10889590152 10.3159809155
# mat_params[2]:
 5.54598933960 8.38314263659
# mat_params[3]:
 5.43315530656 7.88742987953
# log_m_devs:
 -0.00880093613965 0.00880093613965
# log_slx_pars[1]:
 1.23798976445 -0.564534069074
# log_slx_pars[2]:
 1.68024180549 -0.213922586349
# log_ft_pars:
 -1.66139422470 -1.72699201867 -2.11149567699 -1.93458529432 -1.60772198034 -1.47296569602 -1.52520805017 -1.87111355043 -1.42706582307 -2.16690962265 -2.26459070863 -2.18372115696 -4.59396852148 -1.52006367224 -3.44022692350 -2.52635588854 -2.18160280318 -1.70988742645 -1.54901443305 -2.46220882086 -2.56827770260 -2.63499432066 -2.87571790386 -2.31061665669 -2.61685281514 -3.28364769210 -2.72495089121 -2.09133268663 -2.08035714101 -1.48755346364 -0.932191403103 -0.909269643866 -1.25847591244 -1.61474250484 -1.51367516213 -0.716634237550 -1.19779896070 -1.55276597589 -4.28419247939 -4.31052243992 -3.50441197052 -3.03156448036 -3.33006200821 -3.52646197204 -3.31181900853 -3.21050925972 -2.09249219075 -2.56439007695 -8.48394244008 -3.58688740717 -1.62490739209 -1.39103105112 -2.01521754223 -1.70883483615 -1.57999858780 -1.55395433478 -1.35805244598 -1.70510549455 -2.14642763394 -1.36365748161 -1.08557371133 -2.26691346780 -3.00277008932 -2.13297596949 -1.51824939215 -2.29607630829 -2.73402036235 -1.42606209015 -1.50786134508 -2.25499565063 -2.11360656016 -2.95592325218 -2.02901627173 -2.17746478459 -2.71035445983 -2.34818531158 -2.31718408079 -2.36688569305 -2.13800979896 -1.94790142867 -2.01392743467 -1.83161841513 -1.68792554603 -1.76342488500 -2.56468240376 -1.18046186959 -1.82705962776 -1.69163017276 -1.59434738425 -3.25153522825
