# Number of parameters = 202 Objective function value = -3547.85649731884  Maximum gradient component = 0.000512565511717903
# theta[1]:
0.0834653380360
# theta[2]:
9.75187335822
# theta[3]:
9.32259416252
# theta[4]:
9.64227396538
# theta[5]:
0.543003967534
# theta[6]:
4.00000000000
# log_rinit_devs:
 -0.120676615070 -0.0680910942998 0.0823275080009 0.0510131749294 0.0554270264390
# log_rbar_devs:
 0.638435195519 0.488699823974 0.300075515445 0.363398463189 0.249317994916 0.612577075561 0.292918524808 0.262814428906 0.288559951473 0.401401324483 0.349141279907 0.303812785851 0.366580158261 0.434615370097 0.657393685898 0.592508457476 0.741005754406 0.551525902556 0.753840750306 0.509353876870 0.475597274381 0.515249926452 0.407847052478 0.148789651841 0.208337978426 0.208766529814 0.0667062258787 0.406572620490 -0.0559610559977 -0.247146179774 -0.393227876797 -0.189098279803 -0.104408889544 -0.494159662376 -0.638490709126 -0.746221203468 -0.967358973880 -1.03522227403 -1.12314045608 -1.27639063590 -1.31774438649 -1.43795853253 -1.46503006161 -1.50374912712 -1.40891587123 -1.88525616153 -1.97208656165 -2.15547470727 -1.65369351610 -0.219219802733 1.40844671426 0.0645808922373 -1.33133126920 -0.333213157166 1.26548849998 0.531960452098 -0.510615398891 0.325445047686 2.04463578351 0.261205035045 -1.48489643956 -0.472105104313 2.09346847164 -0.336457526248 -1.09345005595 -0.846167481908 0.583335638940 0.493562753188 1.52673623022 1.55632321031 0.121492643402 0.884216832054 1.20198039410 0.687592243331 1.99488729765 -0.247448545439 0.332478573909 0.334400991050 0.610937879236 0.873815915763 0.455372970131 0.416139506116 -0.575071590672 -1.05367479299 -0.0847295970804 -2.13232551834 1.14012608122 -1.20350916496 0.574479327562 0.320576244787 0.295421358653
# mat_params[1]:
 8.48836906367 11.3382481739
# mat_params[2]:
 6.80752204035 9.10037070396
# log_m_devs:
 -0.0712067635045 0.00370598856804 0.0675007749365
# log_slx_pars[1]:
 1.71397862659 -0.211857852212
# log_slx_pars[2]:
 1.86004545543 -0.371202565035
# log_ft_pars:
 -1.86719482444 -1.95558416718 -2.40331004276 -2.28324443930 -2.00984196259 -1.92953324667 -2.06336315394 -2.52470146043 -2.18809996016 -2.98976274341 -3.11197745487 -3.03492163490 -5.48378769812 -1.59339168235 -4.34823786198 -3.44233541087 -3.15450741253 -2.69719717486 -2.57843291507 -3.49579858120 -3.58036207750 -3.60478270249 -3.78563391705 -3.19242447077 -3.46961150141 -4.05521747106 -3.41942370251 -2.72596174636 -2.67780942685 -2.13652456963 -1.70290036327 -1.80587191000 -2.23905299780 -2.66261171748 -2.65987133431 -2.04590036139 -2.72340268462 -3.15008011655 -5.82999798379 -5.74722064131 -4.85012702727 -4.30337172637 -4.52093669614 -4.66679334561 -4.42406209548 -4.29876512519 -3.25136755498 -3.79390263608 -10.5254062966 -5.90238102623 -4.44974521473 -4.02025094028 -4.38961309671 -3.93709923671 -4.06104558798 -4.03561426190 -3.74810854207 -4.01005055150 -4.69209217915 -3.85341037121 -3.43521561311 -4.42390803191 -5.35639679746 -4.41140912193 -3.62027818192 -4.18893158971 -4.59523543543 -3.38842657088 -3.76271836077 -4.52230585569 -4.20083234085 -4.88657415402 -3.92906627095 -4.03645597704 -4.72616579459 -4.22448209934 -4.03829828555 -3.92408999023 -3.58274552842 -2.42219693210 -2.33485536291 -2.10903167174 -1.96718418711 -2.05297782050 -2.83202116598 -1.37945890782 -1.97244683479 -1.78976092927 -1.69800338584 -3.38904600688
