# Number of parameters = 204 Objective function value = -3632.98486543969  Maximum gradient component = 0.000256928807241043
# theta[1]:
-0.567694646036
# theta[2]:
6.48219433978
# theta[3]:
5.96827861952
# theta[4]:
6.57810625913
# theta[5]:
0.532007797194
# theta[6]:
4.00000000000
# log_rinit_devs:
 0.312307845272 0.164478969603 0.114002568394 -0.0340130313328 -0.556776351936
# log_rbar_devs:
 1.26527924287 1.07269380432 0.857680680929 0.910682855039 0.814029075858 1.01068669258 0.637215738724 0.482426413878 0.429309330372 0.329315975127 0.271327876556 0.247985394072 0.348034937678 0.533760359285 0.717108871377 0.728876340313 0.842519439384 0.722095415753 0.821441839097 0.547733439314 0.540324105205 0.595904244227 0.546352499787 0.403620401440 0.454244052702 0.491659222978 0.462938859385 0.799912421476 0.477105216242 0.376534323572 0.210603817829 0.145827855411 -0.000719105545088 -0.427426015094 -0.596884221572 -0.768197868251 -1.31976137789 -1.58750504685 -1.80271752844 -1.83790043391 -1.79538445803 -1.83628392590 -1.84076611586 -1.85858618589 -1.74277857866 -2.14539607940 -2.28213460877 -2.61743854936 -2.12692512858 -0.637563114667 0.778345674639 -0.479205892242 -1.94778649548 -0.908381007447 0.695866422832 -0.0488377348393 -1.09143904504 -0.217161426712 1.46689775987 -0.404392135674 -2.21274965331 -0.995273059254 1.69213630665 -0.775773767128 -1.46462283440 -1.13435862512 0.375172155427 0.227491750290 1.29332536811 1.32761613541 -0.102512643037 0.681409158582 1.08625260517 0.618996052524 1.92597002935 -0.111258009172 0.619381883132 0.769473798781 1.13598448259 1.40757855181 0.966575726843 0.891798301542 -0.000751750027780 -0.446379744826 0.528829941011 -1.51839187265 1.69403963393 -0.736053221409 1.07830539874 0.872749830185 0.590269550236
# mat_params[1]:
 6.48100583891 9.71580202871
# mat_params[2]:
 6.35790220488 9.94547213633
# mat_params[3]:
 4.74237991303 7.21399052555
# log_m_devs:
 -0.0712332258194 0.0135720139585 0.0576612118609
# log_slx_pars[1]:
 0.703451058464 -3.17229107806
# log_slx_pars[2]:
 1.64580571662 -0.136899147950
# log_ft_pars:
 -1.29453367093 -1.31777959029 -1.68152726195 -1.55260662974 -1.24506651640 -1.15996098967 -1.12975090381 -1.45933308294 -1.01254953235 -1.74966235781 -1.86335682551 -2.09217022750 -4.33495303234 -2.28644080604 -3.44883561817 -2.56039523272 -2.26067496007 -1.77040138470 -1.62586324148 -2.49384801220 -2.59912899978 -2.67752790182 -2.90801357217 -2.33039271085 -2.65821893580 -3.33524501331 -2.77139523656 -2.17866836374 -2.09577654608 -1.50140858294 -0.968068912346 -0.969874301983 -1.29267610755 -1.56326290264 -1.45198568552 -0.660954398175 -1.07868065575 -1.37348179314 -4.07089607055 -4.10225825635 -3.31263622301 -2.84145720285 -3.15004268222 -3.34978979187 -3.14507656121 -2.98194129232 -1.89823968870 -2.35535814038 -8.20244701887 -3.34185400701 -1.35914246002 -1.10221273295 -1.70632992218 -1.39435050147 -1.28041495304 -1.26354547557 -1.03185872596 -1.37069990073 -1.84400061289 -1.05900925595 -0.722751104336 -1.89782229945 -2.69993772375 -1.86579656836 -1.22686766798 -2.00412209326 -2.50514098215 -1.23357512638 -1.28503024078 -2.02339584996 -1.88392191134 -2.73909396026 -1.83964102641 -2.01148877225 -2.54529125345 -2.19413766065 -2.16876281047 -2.24207969287 -2.05400590711 -1.87029885400 -1.91121402971 -1.70284457887 -1.54143578862 -1.60959388006 -2.41973215574 -1.04454762751 -1.62648124783 -1.45021347231 -1.29127870565 -2.92665718958
