# Number of parameters = 204 Objective function value = -3376.93261361792  Maximum gradient component = 0.000317481084100243
# theta[1]:
-0.571982466877
# theta[2]:
7.58594396488
# theta[3]:
6.08010431879
# theta[4]:
6.71714557334
# theta[5]:
0.342066179283
# theta[6]:
4.00000000000
# log_rinit_devs:
 -0.0748258227330 -0.0397439756923 0.114037806837 0.147856219760 -0.147324228172
# log_rbar_devs:
 1.74950645910 1.55383199918 1.32321622467 1.31666383462 1.18127811886 1.43838428509 1.04034969027 0.922203580504 0.855170509344 0.836576543954 0.728392250341 0.648376239820 0.738517558750 0.818520935310 1.02848302045 0.961949101324 1.06623898923 0.913625200745 1.05602771187 0.773685249808 0.752404624091 0.799186655368 0.717691862377 0.521258612158 0.566061240193 0.581722563818 0.500093128020 0.854140339014 0.453166909658 0.313692345274 0.128334431901 0.105930341902 -0.00660386218927 -0.468409616044 -0.658269394732 -0.843890141339 -1.37228197386 -1.62611430080 -1.84758878010 -1.93654299130 -1.93884213745 -2.01485481439 -2.03889498011 -2.06872050337 -1.93566782128 -2.34874884432 -2.45453882563 -2.78941763014 -2.38934316887 -0.856350709414 0.711305708682 -0.583628883221 -1.94696303150 -0.939660054282 0.579700758209 -0.0989930961603 -1.09218420353 -0.261495410083 1.29447445930 -0.343683702038 -1.99676316709 -1.06476247952 1.38368850055 -0.859600361234 -1.52978453630 -1.27910368439 0.143693273893 0.0558631749244 1.04780308165 1.05030531394 -0.301999161879 0.435211218826 0.840290149405 0.388116795252 1.62058285743 -0.329358489022 0.344611630529 0.473837387306 0.831402890226 1.16122650300 0.753884824168 0.680698045398 -0.146033221442 -0.524422568195 0.431727922360 -1.53194020611 1.51055310466 -0.768549194957 0.949722854711 0.774367561902 0.486257372942
# mat_params[1]:
 5.04499909014 8.11202521969
# mat_params[2]:
 4.66602072437 6.83137076554
# mat_params[3]:
 4.71084488958 7.32188945477
# log_m_devs:
 0.00000000000
# log_slx_pars[1]:
 0.723756025475 -3.08289768187
# log_slx_pars[2]:
 1.47886827163 -0.468245669744
# log_slx_pars[3]:
 1.63684778165 -0.250039604094
# log_ft_pars:
 -2.13487611071 -2.16404211375 -2.50913168607 -2.33235398270 -2.00660175452 -1.92725741898 -1.92477209951 -2.25944457933 -1.83482609011 -2.57371072153 -2.63881994824 -7.25692486785 -4.99392375130 -7.31671268652 -3.97511212907 -3.01296671473 -2.67051928594 -2.19101092276 -2.07510755110 -2.94553207666 -3.03326942188 -3.09168803198 -3.29596943191 -2.69495559982 -2.99607743945 -3.63707078242 -3.03527250423 -2.42114667272 -2.31196684085 -1.69640742447 -1.15741307318 -1.16620941577 -1.49769847598 -1.76142156198 -1.63416251801 -0.846937106484 -1.28965300340 -1.58781047117 -4.25547195640 -4.23511379710 -3.39440136687 -2.87798716080 -3.14170518815 -3.31396599954 -3.10191319795 -2.92858176884 -1.85125089927 -2.30553391342 -9.13367763738 -4.91740443734 -3.57699829987 -2.75209604595 -2.75202760957 -2.35184549476 -2.96313529156 -2.79437490736 -2.22179500730 -2.57646347376 -3.62708312103 -2.49617797045 -1.66830778739 -2.67903551993 -4.31365632146 -3.11719288760 -1.99763235929 -2.51962986190 -3.50189942021 -2.40338105696 -2.89052723300 -3.55377333183 -2.98130848888 -3.66476958226 -2.90017284782 -3.00476947056 -3.92665771606 -3.20056447540 -2.98781472705 -3.04753903584 -2.99694008794 -2.06642786891 -2.15367357234 -1.95063704611 -1.78189801490 -1.84796789643 -2.64993544037 -1.32613866272 -1.63076284074 -1.46249905445 -1.31869475585 -2.97029864203
