# Number of parameters = 207 Objective function value = -3688.34185892488  Maximum gradient component = 6.86402508325357e-005
# theta[1]:
-0.293804751199
# theta[2]:
7.60907204622
# theta[3]:
6.73058293469
# theta[4]:
7.28037710660
# theta[5]:
0.474360545618
# theta[6]:
4.00000000000
# log_rinit_devs:
 0.0495680720967 0.0162766048832 0.0778749638550 0.00743555381645 -0.151155194651
# log_rbar_devs:
 1.27491567739 1.07560648048 0.861757809417 0.904286181509 0.760751611212 1.04308399603 0.649182971281 0.553941697004 0.503302820582 0.538703564379 0.471643110192 0.438229714788 0.535059594784 0.635968264869 0.825901427995 0.749338172613 0.820136097369 0.617386610190 0.777009819483 0.549188256598 0.552386592857 0.630012601321 0.566202284114 0.356758097354 0.455252186003 0.516994793159 0.437285286803 0.814917757042 0.390943463175 0.172771671696 -0.0981246546080 -0.0612469195038 -0.0760856505150 -0.512527242603 -0.753107461361 -1.04012204155 -1.40276001438 -1.50600175637 -1.54919738833 -1.62019481337 -1.60165452094 -1.67821692789 -1.67390448831 -1.69420910119 -1.58069810168 -2.10300270077 -2.29916642115 -2.57243575788 -2.09998234495 -0.660781785837 0.778251097077 -0.480159237285 -1.92292804333 -0.897303196067 0.697352794603 -0.0299949120201 -1.07327551363 -0.205805665036 1.48156368180 -0.343048035113 -2.09140823140 -0.952853279889 1.69797348799 -0.754931884043 -1.46557345578 -1.15378875416 0.326983733671 0.193893702449 1.24399909126 1.27867862544 -0.153319270041 0.636690545855 1.01337572598 0.536995302059 1.84290624997 -0.234309372527 0.477906132246 0.605014193114 0.986134072350 1.32645030147 0.889015712452 0.843598691189 -0.0661899554643 -0.514961558283 0.478022087158 -1.56914673125 1.67942111910 -0.683049867852 1.16780422067 0.969439561686 0.545078315071
# mat_params[1]:
 7.06171702685 10.0602569798
# mat_params[2]:
 7.23773776178 10.5198574042
# mat_params[3]:
 5.65689906242 8.52858409756
# mat_params[4]:
 5.48712868140 7.93873837771
# log_m_devs:
 -0.00836376396030 0.00836376396030
# log_slx_pars[1]:
 1.04498553128 -0.524794404125
# log_slx_pars[2]:
 1.31994626759 -0.588663744366
# log_slx_pars[3]:
 1.68621948215 -0.217972216706
# log_ft_pars:
 -1.71809220944 -1.78042220041 -2.14675004651 -1.98639482693 -1.66911045735 -1.60696457947 -1.64723073128 -2.00078247014 -1.58419057306 -2.36635714872 -2.47985151400 -2.58091106422 -4.86726819574 -2.21261100268 -3.85673607333 -2.93599078643 -2.20727943049 -1.74622880891 -1.58537554359 -2.50619139887 -2.61510054153 -2.67366460272 -2.91204756677 -2.35355495824 -2.65168212127 -3.30453525683 -2.74204308165 -2.08668316493 -2.08961635548 -1.50939587785 -0.955443911394 -0.918788499289 -1.25844822115 -1.63246306062 -1.54008026168 -0.743916978041 -1.23185007623 -1.58773895751 -4.31011536407 -4.32572994584 -3.50591199259 -3.02207729038 -3.30375514799 -3.49123386511 -3.27174997974 -3.18098214076 -2.05826784208 -2.52680068470 -8.51819866359 -3.62024849877 -1.66413483216 -1.42969698952 -2.05412487231 -1.74966597017 -1.62217054915 -1.59402498778 -1.39987024234 -1.74839237486 -2.18895945672 -1.40457968529 -1.13108702163 -2.31386324253 -3.04494565501 -2.16848560336 -1.55376457420 -2.33296326321 -2.76570654543 -1.45301471295 -1.53731205344 -2.28453925393 -2.14111794856 -2.98232009535 -2.05376034507 -2.20013494519 -2.73420016922 -2.37024556664 -2.33853602976 -2.38719439930 -2.15432628831 -1.96165972987 -2.02686310091 -1.84489264972 -1.70158902480 -1.77640571911 -2.57493822617 -1.18736814892 -1.83508487203 -1.69817436627 -1.60157298139 -3.25716814379
