# Number of parameters = 200 Objective function value = -3525.97644162204  Maximum gradient component = 0.000240944367062504
# theta[1]:
0.134215384925
# theta[2]:
10.6300573787
# theta[3]:
9.46489365433
# theta[4]:
9.78597857369
# theta[5]:
0.544039971541
# theta[6]:
4.00000000000
# log_rinit_devs:
 -0.293255926731 -0.176729816069 0.0639551558870 0.103832250404 0.302198336508
# log_rbar_devs:
 1.21859321054 0.993778929693 0.716233807750 0.723258617468 0.546928269746 0.964098520317 0.523257125507 0.437888392734 0.420967460246 0.507168713374 0.410284671907 0.345280026158 0.415149190495 0.475232709120 0.701715830602 0.558133406950 0.681465494961 0.474836364915 0.754315741930 0.476047957664 0.457534819043 0.530587892762 0.420377062302 0.119197132966 0.212602837247 0.234665318147 0.0839904406050 0.533867713942 -0.00382809353490 -0.200543414874 -0.344234335979 -0.0568495044577 0.0736883251125 -0.378206380818 -0.526373572470 -0.633111993828 -0.887116968390 -0.956349272004 -1.05265916752 -1.23100272081 -1.27024326883 -1.41027381208 -1.43536544719 -1.47324081026 -1.34407238807 -1.91043369338 -2.02103563426 -2.23521220478 -1.75411644692 -0.293360809031 1.33114930838 -0.0489362922216 -1.39656398175 -0.416344686816 1.15548006611 0.433320513747 -0.608442271333 0.221373736584 1.90902764217 0.161137792221 -1.50913556979 -0.573463314248 1.94595621481 -0.418486414429 -1.17729689397 -0.922245557164 0.482085186005 0.401417403432 1.41319830688 1.43884764600 0.0314751512416 0.797678588192 1.10619332411 0.609868542511 1.88599058546 -0.299933233702 0.254425623345 0.253546955017 0.506252673553 0.724146225802 0.321762853531 0.270295780189 -0.733768531230 -1.20262560396 -0.246494622486 -2.25617425503 0.972473785413 -1.32207412064 0.425417665189 0.196668637992 0.289279096167
# mat_params[1]:
 8.48182053373 11.2473462150
# mat_params[2]:
 6.88184494546 9.25218899826
# log_m_devs:
 0.00000000000
# log_slx_pars[1]:
 1.73490682977 -0.215196862514
# log_slx_pars[2]:
 1.88461890831 -0.327497932144
# log_ft_pars:
 -2.32123857375 -2.36664987812 -2.75943485022 -2.57870536939 -2.24125719910 -2.12604337084 -2.21276442570 -2.62051900192 -2.22945685499 -2.97392042012 -3.04601810622 -6.43966749288 -5.35373713939 -6.17787081075 -4.23791019475 -3.29219787531 -2.96760964280 -2.53689053448 -2.45326829724 -3.38712771086 -3.48683426923 -3.52706077139 -3.71880694502 -3.12838675392 -3.40818960854 -3.99801304957 -3.36731026039 -2.71099393914 -2.67965134837 -2.15030624893 -1.72055297752 -1.83402852892 -2.29597284871 -2.73437854967 -2.73944697277 -2.12671458259 -2.78975291610 -3.20088485704 -5.86453133382 -5.76589241790 -4.85661219215 -4.29747759151 -4.50565009142 -4.64465718863 -4.40272213934 -4.27105746537 -3.21173616108 -3.72812356784 -10.4267131768 -5.83148029280 -4.37723991918 -3.97166260946 -4.38412146649 -3.96461633869 -4.03283736751 -3.99442922190 -3.72356412056 -4.00237459837 -4.62192418603 -3.78596719161 -3.40024732881 -4.42936671598 -5.28929675606 -4.33257231637 -3.56914847885 -4.18766083096 -4.59263144961 -3.36276110519 -3.69848004860 -4.45382343764 -4.15608134893 -4.86779771566 -3.91322232534 -4.02570862854 -4.68395967994 -4.19724942795 -4.03276033294 -3.94366744426 -3.59624610979 -2.45399876637 -2.33689878736 -2.08932514502 -1.93576457010 -2.02308279225 -2.80805333471 -1.35736306815 -1.94058848771 -1.73309464083 -1.62835675319 -3.32412116140
