# Number of parameters = 207 Objective function value = -3679.96229599278  Maximum gradient component = 0.000149561157406934
# theta[1]:
-0.266367047582
# theta[2]:
7.46303314639
# theta[3]:
6.57960383060
# theta[4]:
7.13714600262
# theta[5]:
0.491924367712
# theta[6]:
4.00000000000
# log_rinit_devs:
 0.124673408863 0.0742297076853 0.0884342491300 -0.0266593151021 -0.260678050576
# log_rbar_devs:
 1.32847189291 1.14172691549 0.957105672975 0.993495734102 0.845678869482 1.10205922514 0.727524207649 0.646870152182 0.602256181718 0.672657896244 0.617422832863 0.558384533936 0.630887889092 0.695376418550 0.861056514197 0.781710633182 0.830652166471 0.649911101504 0.791900909996 0.565896871724 0.565437760003 0.635804957846 0.575749524338 0.378556392093 0.464403335769 0.520478111137 0.450655471060 0.808349314833 0.411785513281 0.216532446671 -0.0399740207313 -0.0302454670701 -0.0714395634395 -0.496376936842 -0.718621856388 -1.00279093854 -1.39305725806 -1.52640436871 -1.58943805791 -1.65475020851 -1.63631165964 -1.70981972785 -1.71084748269 -1.73460644616 -1.62859029801 -2.12836860430 -2.33145604262 -2.62857560173 -2.16498709656 -0.717356589995 0.712143330006 -0.540040922844 -1.98965337460 -0.962433194742 0.634505938685 -0.0933606224805 -1.13489706327 -0.269629296171 1.41700335097 -0.415017989416 -2.17840249764 -1.01829833911 1.64229993144 -0.814841519387 -1.52064958114 -1.20684364283 0.283074493083 0.150606260245 1.20579134100 1.23794188155 -0.195196726876 0.590560673282 0.972611642524 0.492364232512 1.78840190623 -0.289287316719 0.419014836718 0.554757950019 0.944228041796 1.30198176956 0.873319065967 0.828992927239 -0.0441340431013 -0.458604354855 0.555910057069 -1.45233615261 1.84054295220 -0.631201252619 1.17888822908 0.922908513764 0.552197344808
# mat_params[1]:
 7.09797681291 10.0419411020
# mat_params[2]:
 7.11505681563 10.4718972812
# mat_params[3]:
 5.41933630770 8.23390388298
# mat_params[4]:
 5.36907903854 7.76816856710
# log_m_devs:
 -0.0743921864375 0.0743921864375
# log_slx_pars[1]:
 1.23621820746 -0.568929610968
# log_slx_pars[2]:
 1.71238154090 -0.120909313447
# log_slx_pars[3]:
 1.60142891195 -0.427680081197
# log_ft_pars:
 -1.39086798386 -1.46848320391 -1.86947716336 -1.71581404381 -1.40611283617 -1.29313976425 -1.36480498003 -1.73731129970 -1.32604575513 -2.11200909260 -2.25596146482 -1.31955853135 -4.56351574505 -1.45717487039 -3.49966512228 -2.61112630850 -2.27128991386 -1.79966947135 -1.64091577638 -2.55292946942 -2.65672572139 -2.71926900549 -2.95487777342 -2.38876113702 -2.69101824217 -3.34989772043 -2.78478471424 -2.14242029978 -2.12557319578 -1.53254516247 -0.981756022290 -0.958868757304 -1.30122158903 -1.65198660126 -1.54773079085 -0.751359458108 -1.23175816566 -1.58054704556 -4.30087184718 -4.31623577582 -3.49908659060 -3.01540185291 -3.30108810576 -3.48723983934 -3.26384469676 -3.15335033779 -2.02354781558 -2.48439014172 -8.35774459412 -3.48615215777 -1.53098621079 -1.25082494995 -1.84596998729 -1.55785864973 -1.47125222587 -1.43164523864 -1.20088473635 -1.55881954938 -2.04047665562 -1.23136363121 -0.916379329384 -2.11560797743 -2.91092807943 -2.01953279484 -1.36529528391 -2.15804762906 -2.64558446330 -1.34703469991 -1.41084697813 -2.14496819285 -1.98267385287 -2.82956043935 -1.92502017270 -2.07799198451 -2.60854519782 -2.22832224347 -2.18353490863 -2.24555319870 -2.03294661615 -2.01315549530 -2.11673611349 -1.95616529114 -1.81510507256 -1.89582015756 -2.68271185874 -1.32156245040 -1.97199692335 -1.82761242030 -1.68355706936 -3.20935153506
