# Number of parameters = 201 Objective function value = -3605.28329712494  Maximum gradient component = 0.000101981575915667
# theta[1]:
-0.335957382562
# theta[2]:
7.74514689188
# theta[3]:
6.56195623464
# theta[4]:
7.02267630289
# theta[5]:
0.727865172096
# theta[6]:
4.00000000000
# log_rinit_devs:
 0.0572208451751 0.0580031138578 0.105400860998 -0.0185849120524 -0.202039907978
# log_rbar_devs:
 1.57778858309 1.39286871039 1.19447893765 1.19973989469 1.02022495223 1.29044139041 0.884619425046 0.781256095204 0.733593520744 0.808333165562 0.747269496039 0.724962885639 0.829919879385 0.917404257386 1.12285599766 1.01917966652 1.05341060671 0.848495583043 1.02355575431 0.801322969168 0.808357263051 0.890970694651 0.828921258190 0.624501162302 0.736222707212 0.803754123562 0.722647967043 1.11161212317 0.661214846981 0.418378057698 0.144101959288 0.203839051672 0.197959462971 -0.267112986029 -0.544517981279 -0.832634441943 -1.18417652236 -1.27152844939 -1.31480380094 -1.39610868145 -1.38708932730 -1.47251596796 -1.47559505854 -1.50230607998 -1.40858616305 -2.00015323941 -2.30244499720 -2.70549427854 -2.38253816293 -0.899326627393 0.527138452107 -0.691912794935 -2.10643606873 -1.09575270565 0.467705603334 -0.248649294600 -1.28683088429 -0.405174314444 1.24439732205 -0.545972564721 -2.28664772298 -1.19657778447 1.38652599732 -1.00098843469 -1.71808490635 -1.40535972784 0.0673541894901 -0.0710613219797 0.953746908190 0.979941935546 -0.430722829970 0.343658251174 0.716779045657 0.241491923112 1.52775339087 -0.485440881057 0.243826624554 0.396913903497 0.777945428430 1.07739892055 0.649491223937 0.586510655691 -0.338878681036 -0.795393285565 0.179052612462 -1.87694699131 1.35075539158 -1.10448836534 0.684824356216 0.463851528681 0.446986212527
# mat_params[1]:
 7.26082739713 10.0825905975
# mat_params[2]:
 7.26476183228 10.4721099585
# mat_params[3]:
 5.01271210393 7.57936342541
# log_m_devs:
 0.0626183025952 -0.0626183025952
# log_slx_pars[1]:
 1.43416212986 -0.349857408096
# log_ft_pars:
 -1.19466249789 -1.26965663768 -1.69138967603 -1.53564259856 -1.20644153153 -1.05438546292 -1.11352681136 -1.48947920461 -1.05768537353 -1.80984528353 -1.94031511929 -1.46714084002 -4.31002889921 -1.40833061271 -3.26734553630 -2.39059845305 -2.06339897965 -1.59597423428 -1.43348129051 -2.34198258702 -2.45916651480 -2.52113884078 -2.75850371489 -2.20858647717 -2.51840394884 -3.17135739418 -2.61203568385 -1.96598544263 -1.96171449495 -1.40413343588 -0.864304009633 -0.819852041197 -1.14291431674 -1.50605349005 -1.42029997584 -0.619497442355 -1.08368263557 -1.43015949630 -4.14667195822 -4.15671695023 -3.33156222355 -2.83790286727 -3.10506258780 -3.28618306668 -3.06538606674 -2.95246705236 -1.80678140059 -2.21946711950 -8.81875089148 -4.07208548930 -2.32220265428 -2.05909323070 -2.47402128982 -1.98527281515 -2.01792875047 -2.11695858339 -1.84644422261 -2.06825921866 -2.65632117712 -1.95839710500 -1.51477459717 -2.48695128152 -3.38518429737 -2.66053536744 -1.88269149514 -2.43237493456 -2.91076581836 -1.77630772176 -2.01085911340 -2.79220908062 -2.56924510978 -3.26862669805 -2.32561376692 -2.51091607163 -3.11645705263 -2.76047162166 -2.63568124947 -2.61238984358 -2.45873368399 -2.36910707770 -2.46553236543 -2.22452255026 -2.01673344921 -2.01219650647 -2.76926103771 -1.40592438324 -2.21050454299 -2.14294934466 -1.91650037166 -3.46899510064
