# Number of parameters = 206 Objective function value = -3675.07822380908  Maximum gradient component = 0.000524166822350928
# theta[1]:
-0.331380210641
# theta[2]:
7.95769476115
# theta[3]:
6.89836532764
# theta[4]:
7.27372815887
# theta[5]:
0.931128320845
# theta[6]:
4.00000000000
# log_rinit_devs:
 -0.0494453209364 -0.0415014691355 0.0681357371611 0.0434920392649 -0.0206809863540
# log_rbar_devs:
 1.35066692021 1.15241021791 0.920491812276 0.948395973935 0.813770683208 1.10595942062 0.719678003042 0.615996669399 0.575782411167 0.582557622447 0.490426468747 0.421432214850 0.519577279502 0.629204603236 0.882419733740 0.808580068625 0.893659788415 0.670523523509 0.854858038685 0.641618773482 0.659005888986 0.749081928322 0.693087361257 0.496714772705 0.620932896003 0.693839653368 0.612789530307 0.998741790899 0.537957309789 0.278557295315 0.00672917612545 0.0915459619846 0.106217583173 -0.354257468719 -0.626071063235 -0.873831503063 -1.16200934615 -1.20114317589 -1.21725943177 -1.28885396695 -1.26572371087 -1.33542628819 -1.32011710699 -1.32739801535 -1.22029417955 -1.76373552790 -1.97461828215 -2.27215797073 -1.87974648642 -0.448877388915 1.02962687473 -0.215029284893 -1.65043597637 -0.637659148623 0.956056472679 0.221995002693 -0.835495753825 0.0397387468891 1.74270370220 -0.0919752137835 -1.85773291512 -0.773169269822 1.85250567727 -0.615805332938 -1.35386911275 -1.06256384970 0.410248414713 0.269815824054 1.30314766086 1.32895819831 -0.116818508552 0.661431355748 1.01446604639 0.492602986122 1.88159502529 -0.335738254464 0.303351170665 0.238046478584 0.340353097452 0.320515326041 -0.0925379945550 -0.161313961591 -1.03100841689 -1.44328352182 -0.468865217316 -2.41222452192 0.752941952499 -1.50071658384 0.380565606464 0.311557682254 0.192329074465
# mat_params[1]:
 7.30504178395 10.3267148493
# mat_params[2]:
 7.60066034868 10.6906997363
# mat_params[3]:
 5.99535242587 8.97210370362
# mat_params[4]:
 4.65839886191 6.93767867502
# log_m_devs:
 0.123876507264 0.141435698686 -0.265312205950
# log_slx_pars[1]:
 0.521693121598 -3.92980370826
# log_slx_pars[2]:
 1.52189769177 -0.366120024564
# log_ft_pars:
 -2.22077830441 -2.25699635497 -2.58487878437 -2.42263795515 -2.09902180869 -2.10087647336 -2.09536681370 -2.43851782814 -2.03286524248 -2.81780235429 -2.89526739216 -6.73269602439 -5.26274065338 -6.82483986625 -4.32711454888 -3.37076164581 -1.87566171709 -1.42355927212 -1.27251368807 -2.18272644374 -2.31331962554 -2.38024361294 -2.62346401465 -2.08669908025 -2.40706899874 -3.06203208263 -2.50821316660 -1.85632358474 -1.85994796713 -1.32487944193 -0.796644495674 -0.748604415942 -1.06913619699 -1.45073214126 -1.39442630722 -0.619283277332 -1.12085735267 -1.50559812952 -4.24506827901 -4.26528149391 -3.45241688199 -2.97415960669 -3.25421020539 -3.45293039651 -3.25238188330 -3.16823976183 -2.08136959253 -2.56370305551 -9.20933211626 -4.38664435459 -2.64401955514 -2.40801748776 -2.86865623931 -2.37463624019 -2.35789332158 -2.44975687392 -2.22707806508 -2.44343393384 -2.98619817437 -2.29792050744 -1.93144205549 -2.88961017803 -3.69189013584 -2.94564034561 -2.22550199768 -2.75855416144 -3.13379891449 -1.95507899299 -2.20597574745 -2.98513788032 -2.77098437398 -3.46374358681 -2.48102830566 -2.63768414574 -3.25528455243 -2.89774426349 -2.77275043202 -2.64946843223 -2.30143461030 -1.95707054609 -2.08028992027 -1.89494128899 -1.73942214458 -1.80565718524 -2.61802535102 -1.26020763392 -1.88696344305 -1.82752075035 -1.73324127867 -3.40985660460
