# Number of parameters = 206 Objective function value = -3660.99841900019  Maximum gradient component = 0.000172770324528211
# theta[1]:
-0.0525139907241
# theta[2]:
9.18948537526
# theta[3]:
8.25608383475
# theta[4]:
8.64032565038
# theta[5]:
1.11409802194
# theta[6]:
4.00000000000
# log_rinit_devs:
 -0.125014375720 -0.0700903937070 0.0835298508913 0.0243587141583 0.0872162043774
# log_rbar_devs:
 1.17565144967 0.994861501188 0.769103665437 0.785653166015 0.616923943121 0.966022620187 0.583827401538 0.516564635283 0.531279060882 0.635449974016 0.575573129725 0.529404577624 0.600887784779 0.648899028710 0.824802555933 0.642177582218 0.625142955866 0.441432278201 0.680726758578 0.456332465545 0.458864394189 0.539130357382 0.464328032210 0.230174508193 0.338455191568 0.385050383972 0.273990323690 0.664721609032 0.171184934811 -0.0539307952194 -0.233538715734 -0.0166244612527 0.0842372116307 -0.326177578265 -0.472249857431 -0.568090879334 -0.765199545095 -0.774906926879 -0.804448383264 -0.911422732574 -0.900528622774 -0.991967601812 -0.986994002249 -0.996375758940 -0.882927763048 -1.43073701670 -1.61031541880 -1.91818165373 -1.59909596807 -0.215011832284 1.33593439291 0.0824399103334 -1.33080050899 -0.338609222477 1.24095217126 0.512030689314 -0.544749070292 0.301196688285 2.02985563970 0.203392987243 -1.57829129251 -0.532656656263 2.07047055809 -0.399396448143 -1.16584858240 -0.916312109201 0.525987630379 0.422307793077 1.43891635506 1.46244029838 0.0188948415082 0.786434469774 1.10856639775 0.559844314157 1.97091056466 -0.399253176084 0.122311749758 -0.0439658798149 0.000207392358811 -0.0338097771199 -0.422317387857 -0.480927227111 -1.42984543352 -1.87334190183 -0.898851695923 -2.86382050639 0.333673465432 -1.90191014172 -0.0307358076321 -0.156858854428 0.0634054025131
# mat_params[1]:
 8.04576506951 10.3941653635
# mat_params[2]:
 8.41119491651 11.1473083633
# mat_params[3]:
 7.96808293982 11.2932926524
# mat_params[4]:
 5.71110657462 8.33548038488
# log_m_devs:
 0.143353742772 0.0871062425972 -0.230459985370
# log_slx_pars[1]:
 1.68951864364 -0.195170522677
# log_slx_pars[2]:
 1.69184884391 -0.293960421607
# log_ft_pars:
 -1.23300852856 -1.32203332834 -1.74841112330 -1.59565476098 -1.26978975547 -1.16292893592 -1.25419587546 -1.66922583870 -1.28719516434 -2.07349027388 -2.19930322793 -1.79150879618 -4.56021685106 -0.962756855209 -3.42108634275 -2.49247027633 -2.13055821708 -1.68806139290 -1.57381773492 -2.50410660647 -2.62247462795 -2.68281392535 -2.90345903691 -2.33967209607 -2.64947555387 -3.27949211356 -2.68627537704 -2.03400383818 -2.01106707627 -1.47034279555 -0.996991703214 -1.05827923229 -1.49363196290 -1.92992390285 -1.93541386575 -1.30709760576 -1.97713829858 -2.43840716040 -5.17418166389 -5.15087701811 -4.31044995045 -3.81325657836 -4.07891731116 -4.26252500614 -4.04961956632 -3.94277460147 -2.88158180371 -3.38310566781 -10.0155486323 -5.22818419946 -3.58626906506 -3.20923410935 -3.63087284942 -3.21478210597 -3.28486836034 -3.27234638725 -3.01091424482 -3.28075095915 -3.90146358737 -3.08899621943 -2.71051208926 -3.72741636699 -4.57972294582 -3.65240342150 -2.89521615747 -3.49743773849 -3.87951092829 -2.63071161710 -2.92037855526 -3.67001447347 -3.38386276184 -4.09061861203 -3.12768126614 -3.23634976871 -3.90576688193 -3.44587641873 -3.28162772721 -3.14847527456 -2.69305930432 -2.16306203790 -2.21109399800 -2.02102541971 -1.88301578231 -1.96820574335 -2.76882262836 -1.35464611928 -1.93730450371 -1.80461154276 -1.74902596123 -3.45177326217
