# Number of parameters = 206 Objective function value = -3709.21482850479  Maximum gradient component = 0.000561800075312123
# theta[1]:
-0.332457576761
# theta[2]:
7.44494996416
# theta[3]:
7.11903332410
# theta[4]:
7.49189995621
# theta[5]:
0.942917149878
# theta[6]:
4.00000000000
# log_rinit_devs:
 0.166392721695 0.128981193180 0.121836771742 -0.0506030189590 -0.366607667658
# log_rbar_devs:
 0.819660256044 0.657378388072 0.493427472312 0.556346347375 0.427514956984 0.721660214377 0.399548553462 0.376431604783 0.410917527222 0.547615504837 0.509291782828 0.445352164768 0.478701203290 0.535141149406 0.765728308565 0.813845348707 1.03447340750 0.844023853383 1.00764906304 0.780602007768 0.766938440504 0.824552571717 0.745247080655 0.526730020259 0.603619563891 0.640474129521 0.546332872387 0.895442679956 0.471133036843 0.260429725083 0.0303610843610 0.113994752766 0.129872118010 -0.274772373480 -0.467919733222 -0.657771913108 -0.934850957891 -1.00320971367 -1.05631792387 -1.15459599065 -1.15944148009 -1.25566587590 -1.27311706303 -1.31230191754 -1.23496657165 -1.76942341511 -1.96800440166 -2.25008443525 -1.81596449598 -0.395106815893 1.08983821103 -0.175150374163 -1.62338982379 -0.600841521270 1.01206577476 0.279077579778 -0.770474971629 0.0830119983425 1.80270189741 -0.0355974392969 -1.80524632953 -0.694619188662 1.96214755972 -0.534528876149 -1.26742836463 -0.988509888837 0.486242540888 0.353532468123 1.39931231423 1.42995310091 -0.0245464195145 0.757532407198 1.11219089478 0.590029945178 1.98927575798 -0.257290231437 0.359363947556 0.262904717587 0.329001892467 0.267265577746 -0.144365797767 -0.213403259481 -1.08494183291 -1.50068785691 -0.524061306862 -2.47456928675 0.708103974364 -1.54707367130 0.347623229442 0.260702562198 0.187925976511
# mat_params[1]:
 7.60324258962 10.6120470676
# mat_params[2]:
 6.31595163275 9.27023887694
# mat_params[3]:
 4.87280019802 7.27192512391
# log_m_devs:
 -0.00189150130253 0.203883024645 -0.201991523342
# log_slx_pars[1]:
 1.36952497383 -0.360881373814
# log_slx_pars[2]:
 1.75905988057 -0.178836394984
# log_slx_pars[3]:
 1.55821518602 -0.377494075999
# log_ft_pars:
 -1.16148509974 -1.24936710410 -1.68170719373 -1.55752244226 -1.27255230926 -1.17996374541 -1.29427732699 -1.73159904866 -1.38588968956 -2.23659661281 -2.43060077722 -0.878518119334 -4.71847665829 -0.749241002798 -3.58707156165 -2.78779209324 -2.57881207820 -2.09930896881 -1.95670554603 -2.86755752909 -2.95606234635 -2.99891037454 -3.21224721140 -2.62926517741 -2.91748708563 -3.55154168019 -2.96477559302 -2.31852381364 -2.28937916196 -1.70234651144 -1.17796245165 -1.20997857628 -1.60917128573 -1.99063527663 -1.91350392052 -1.19743337986 -1.79014178510 -2.20299561470 -4.92329847193 -4.90252985049 -4.05760770726 -3.55289877683 -3.82215216980 -3.98630536503 -3.73652875970 -3.60269266439 -2.48166766200 -2.93642222327 -8.68431943455 -3.80006691875 -1.92815224867 -1.63788091809 -2.22190596421 -1.93689559732 -1.86888622875 -1.81261406043 -1.59487346255 -1.95339919879 -2.43935340925 -1.61914655051 -1.32903932996 -2.51735686976 -3.27167179942 -2.32442844871 -1.65930734959 -2.44129666823 -2.86990871519 -1.52116464466 -1.60837036733 -2.34371127407 -2.15617943059 -2.97860828812 -2.05149290944 -2.16875542539 -2.72504550356 -2.32944197003 -2.26670754558 -2.27857537141 -1.92578869920 -1.99427667229 -2.10818924384 -1.92331046142 -1.76838709535 -1.83953309708 -2.64655867043 -1.27685617134 -1.88037708369 -1.81287913870 -1.74504927732 -3.42284920836
