# Number of parameters = 208 Objective function value = -3697.26309616238  Maximum gradient component = 0.00226160105114861
# theta[1]:
-0.223074078728
# theta[2]:
8.68327122203
# theta[3]:
7.69118683393
# theta[4]:
8.05543620768
# theta[5]:
1.07411488480
# theta[6]:
4.00000000000
# log_rinit_devs:
 -0.106101988812 -0.0628456833529 0.0690785072417 0.0312375307775 0.0686316341456
# log_rbar_devs:
 1.21334482653 1.01800144783 0.788966996359 0.812542227842 0.653334011093 0.980828343394 0.589127796217 0.503336067586 0.479437445529 0.552098662822 0.488922246024 0.457864590671 0.556663981885 0.647891220496 0.863674954464 0.750484402326 0.834056816962 0.627367333345 0.851956045196 0.630522173690 0.640159980800 0.725212243414 0.656649525172 0.434974370045 0.552169788889 0.607885972298 0.504349484857 0.895866529880 0.396394136568 0.141410069013 -0.0831835790093 0.0858340073458 0.150223392564 -0.295169058461 -0.494899098540 -0.641020838268 -0.861304508805 -0.875866068074 -0.901968820285 -1.00187742462 -0.990718858738 -1.08010745146 -1.07613733536 -1.08991584036 -0.989099144943 -1.55479377583 -1.75403017761 -2.05739955701 -1.70877879598 -0.310835701029 1.19980996698 -0.0509010766140 -1.47665086965 -0.474773576502 1.11600262353 0.382849336757 -0.676838793608 0.179806907136 1.90447535091 0.0683946888719 -1.70113480631 -0.647719441799 1.97327507921 -0.509779671504 -1.26643673845 -1.00146816881 0.453855505624 0.333348086673 1.35789978682 1.38467018357 -0.0639071708619 0.711911826687 1.04525334550 0.506722696554 1.93234064544 -0.396805271822 0.172130061942 0.0158723328854 0.0378078258246 -0.0585352547127 -0.445664223065 -0.490672046624 -1.34706059248 -1.73790636349 -0.720843945706 -2.61597526420 0.650374417797 -1.79950805811 -0.0250655414041 -0.296438152123 0.0528393023991
# mat_params[1]:
 7.81057051291 10.4681718602
# mat_params[2]:
 8.04412673993 10.8440480005
# mat_params[3]:
 7.02424642384 10.1367756606
# mat_params[4]:
 5.21755103398 7.69366718818
# log_m_devs:
 0.195193700794 -0.243818200899 0.0486245001050
# log_slx_pars[1]:
 1.45515297593 0.108939710513
# log_slx_pars[2]:
 1.64059267689 -0.293771947839
# log_slx_pars[3]:
 1.62155164063 -0.330819557199
# log_ft_pars:
 -1.80114704811 -1.87357708136 -2.24061950128 -2.06568718474 -1.73807637590 -1.69068290654 -1.74858158644 -2.11629117810 -1.71492875704 -2.50738951302 -2.61557554449 -4.18346984332 -4.99942057528 -2.51500299198 -3.98455460144 -3.04556643386 -1.98133668060 -1.53703796819 -1.41171179906 -2.33454092432 -2.46045393209 -2.52172393852 -2.74916819743 -2.19945361773 -2.51352005211 -3.14841307496 -2.56909747429 -1.91235019473 -1.90107470989 -1.36996926344 -0.873372789118 -0.873497469076 -1.24865538088 -1.66253223620 -1.64727885788 -0.961396399765 -1.56813835078 -2.00458209579 -4.73933602386 -4.72670457689 -3.89127317937 -3.39625222838 -3.65920976930 -3.84345073426 -3.63026171580 -3.52971867119 -2.45546842820 -2.94447039303 -9.56647222864 -4.72532599390 -2.99683536979 -2.71048712283 -3.20070559468 -2.76838624080 -2.74560510685 -2.77163674427 -2.56233183044 -2.82166022930 -3.35616827174 -2.60350284686 -2.28072171424 -3.29551460535 -4.05361459412 -3.19629697330 -2.50537018826 -3.10417966493 -3.43805792635 -2.18388190300 -2.44082481364 -3.20508378641 -2.97627674872 -3.69730012385 -2.71243535586 -2.83453284330 -3.47039018888 -3.07047502219 -2.95352423485 -2.82762127946 -2.38297389473 -1.96860567377 -2.07869407877 -1.91543364077 -1.79137448303 -1.89497978764 -2.73292898633 -1.38201533087 -2.04640398435 -1.79090964365 -1.56636783835 -3.08108243602
