# Number of parameters = 210 Objective function value = -3731.20880646713  Maximum gradient component = 0.000166468091882320
# theta[1]:
-0.326514304838
# theta[2]:
6.91954287741
# theta[3]:
7.28140935219
# theta[4]:
7.65685821226
# theta[5]:
1.03881232034
# theta[6]:
4.00000000000
# log_rinit_devs:
 0.304334724860 0.183982445459 0.120560711118 -0.108506548071 -0.500371333367
# log_rbar_devs:
 0.365523940104 0.197987177628 0.0320188389075 0.155365663828 0.0737961115760 0.444617082080 0.152410622609 0.185899945856 0.294282852939 0.489978486195 0.513977786571 0.473036447874 0.431041946217 0.529666631476 0.676572573897 0.791588931909 1.09704694386 0.891082711916 1.08063056328 0.847577330336 0.838015346725 0.904665150431 0.821640801865 0.589331185227 0.680591543639 0.722775650323 0.617464991384 0.995190646757 0.534025545928 0.302779785625 0.0676084055344 0.189459005517 0.231949184816 -0.193603785519 -0.398160703899 -0.581026007587 -0.844330253684 -0.897531095612 -0.946171515089 -1.05581715907 -1.06325533121 -1.16724792050 -1.18374699416 -1.22271910357 -1.13797835802 -1.69981527861 -1.89512617566 -2.17088690228 -1.74373172752 -0.328315619124 1.15976906046 -0.107317762116 -1.54681658792 -0.529952403242 1.07993574972 0.346742668086 -0.707373002992 0.144445335219 1.87142816293 0.0330893127230 -1.73001436517 -0.638908409238 2.01618250752 -0.480596694083 -1.22186811329 -0.946800358403 0.522017763397 0.393907401472 1.43417838359 1.46491092954 0.0110216454465 0.796268062301 1.14362375125 0.620239936338 2.03041800600 -0.236161514361 0.365117470595 0.246021468058 0.287966844238 0.199518674672 -0.207569168914 -0.274671249784 -1.15557495690 -1.57635868402 -0.601363535700 -2.55101030540 0.630751951549 -1.61637231311 0.278725640387 0.190605896150 0.171706901285
# mat_params[1]:
 7.56871514107 10.4661377491
# mat_params[2]:
 7.74415821864 10.7037605346
# mat_params[3]:
 6.53391561872 9.50193513066
# mat_params[4]:
 4.97526247360 7.41930708338
# log_m_devs:
 -0.0633880612665 0.239829525714 -0.176441464448
# log_slx_pars[1]:
 1.19993397634 -0.105145122931
# log_slx_pars[2]:
 1.46296286898 -0.436810913676
# log_slx_pars[3]:
 1.76957225061 -0.192282603746
# log_slx_pars[4]:
 1.57958788173 -0.353349973927
# log_ft_pars:
 -1.06177731358 -1.15673090058 -1.58128372983 -1.49562673478 -1.24579205915 -1.26230847570 -1.40701590381 -1.89306723336 -1.62867842082 -2.57514374731 -2.82634575719 -0.551621876636 -5.06508481613 -0.408325778668 -3.91945782292 -3.17550168246 -2.49524207516 -2.02497636746 -1.88115600529 -2.79891687722 -2.89748654453 -2.93577777500 -3.15082227597 -2.58069238291 -2.86637712182 -3.48945676785 -2.90507854093 -2.24483467047 -2.23609859285 -1.67649368977 -1.15571988862 -1.16883284314 -1.55800119549 -1.96564614360 -1.91031529706 -1.19595851057 -1.78990748245 -2.20113417920 -4.91324767762 -4.88709428189 -4.03466342398 -3.52413783840 -3.78088240550 -3.94236128873 -3.69656437214 -3.58223461656 -2.47031142556 -2.92612250900 -8.78402359198 -3.89855083457 -2.03754795934 -1.74223826285 -2.32273021868 -2.03974668138 -1.97580340625 -1.91451802634 -1.69682515338 -2.05536784752 -2.54295254428 -1.71939825224 -1.43261148594 -2.61933339531 -3.36663360554 -2.40730718914 -1.73953909161 -2.52204561217 -2.94104111847 -1.58282475127 -1.67624027711 -2.41247468618 -2.22012544241 -3.03945015909 -2.10960591048 -2.22291069986 -2.78596977417 -2.38723356319 -2.32177957288 -2.32891122625 -1.95981733799 -2.00685465583 -2.11644365026 -1.93287548728 -1.78136154022 -1.85544067076 -2.66310045644 -1.28585583777 -1.88526996807 -1.80359675172 -1.73994558081 -3.42465907130
