# Number of parameters = 209 Objective function value = -3656.28896994086  Maximum gradient component = 0.000496877491528428
# theta[1]:
-0.293674818819
# theta[2]:
7.08157091964
# theta[3]:
6.71500768346
# theta[4]:
7.19593122247
# theta[5]:
0.576526089051
# theta[6]:
4.00000000000
# log_rinit_devs:
 0.142871709730 0.0624741383545 0.0921271547797 -0.0129807920028 -0.284492210862
# log_rbar_devs:
 0.950878422850 0.753679896462 0.527439207120 0.606640560255 0.497132973091 0.805912107836 0.423754942202 0.333574035460 0.323903701598 0.352828620291 0.308758463634 0.293215446844 0.436091565565 0.622989122237 0.933514256131 0.971617742350 1.19861555955 0.976539180115 1.16061751593 0.928737401491 0.929693974449 1.00657808192 0.933369232049 0.714767550151 0.822551558782 0.879743279290 0.782032535138 1.17217326861 0.697519222061 0.442035296749 0.170113226433 0.253771842152 0.262700125893 -0.212404629758 -0.489153353406 -0.755516769596 -1.08130611057 -1.15577565597 -1.20322408856 -1.30198848187 -1.30500525639 -1.40264253339 -1.41259947234 -1.44415463761 -1.35235336234 -1.95710704218 -2.24624636665 -2.63525927455 -2.31677406215 -0.847713340537 0.594913917573 -0.639640381880 -2.06198335559 -1.04570068446 0.528915589705 -0.192823876695 -1.23748916074 -0.353257154572 1.31402375068 -0.487695992919 -2.23171345154 -1.12949672400 1.47336999508 -0.935078233865 -1.65473676005 -1.33952062218 0.134924784157 -0.000982913195545 1.03230484108 1.06026180721 -0.360148154728 0.419709614123 0.788871444597 0.307290607100 1.59985265308 -0.468437102756 0.244989858490 0.389810495431 0.796656355184 1.18190464516 0.748262154491 0.708047851577 -0.167929583308 -0.582097748477 0.430036108944 -1.57242096547 1.70375906636 -0.737471197014 1.07283325713 0.838178440511 0.475441348950
# mat_params[1]:
 6.89460231250 10.0032511571
# mat_params[2]:
 7.28454358329 10.4181318627
# mat_params[3]:
 5.35643677271 8.16753172421
# mat_params[4]:
 5.36322963943 7.73585433338
# log_m_devs:
 -0.121151111795 0.0716146034877 -0.0441884784550 0.0937249867622
# log_slx_pars[1]:
 0.108604860521 -5.98351534890
# log_slx_pars[2]:
 1.48234135390 -0.371874479138
# log_slx_pars[3]:
 1.60800409058 -0.419686992634
# log_ft_pars:
 -1.65733594387 -1.70358517903 -2.05882601093 -1.93302876720 -1.63323164117 -1.63874785693 -1.65381553362 -2.02691492136 -1.64488641901 -2.46571395380 -2.60032122726 -3.54397821290 -5.08200925360 -3.27045956341 -4.25661383683 -3.40021258948 -2.17183037765 -1.70340321914 -1.55155805514 -2.46421072966 -2.57732545272 -2.62810177762 -2.85407030510 -2.29923647363 -2.60050223927 -3.23663635099 -2.66453316450 -2.00330435490 -1.99569242283 -1.44595071154 -0.913204819628 -0.870844999523 -1.19416600243 -1.56570773047 -1.49165500841 -0.708835068395 -1.19590040532 -1.55285990581 -4.25958276783 -4.25166379359 -3.41042858154 -2.90306521978 -3.15437266282 -3.32521737922 -3.09834205613 -2.98455157128 -1.84729978091 -2.26493753457 -8.85487543653 -4.06104692079 -2.28155142926 -2.06411316007 -2.53520506076 -2.05498040049 -2.02429632543 -2.12536733526 -1.89539506020 -2.12178509331 -2.65346632660 -1.97562885613 -1.59396145699 -2.57965558557 -3.40063258621 -2.68521708892 -1.96771688253 -2.53334572737 -2.96034565636 -1.80055808217 -2.02493054018 -2.80969149620 -2.61750227959 -3.33300678069 -2.36959837567 -2.55011467086 -3.13510801474 -2.78757628353 -2.68031497880 -2.63380305042 -2.44294453954 -1.95988318851 -2.07492380450 -1.92806894253 -1.79687427780 -1.88252441134 -2.67377309667 -1.31085505957 -1.95702480437 -1.81380879406 -1.67847805693 -3.22113367970
