# Number of parameters = 206 Objective function value = -3540.87152834341  Maximum gradient component = 0.000514384663476312
# theta[1]:
0.0190671655009
# theta[2]:
10.1676986693
# theta[3]:
8.91069123671
# theta[4]:
9.20220760073
# theta[5]:
0.689978731681
# theta[6]:
4.00000000000
# log_rinit_devs:
 -0.300235150236 -0.181251044289 0.0631953718425 0.106479102922 0.311811719761
# log_rbar_devs:
 1.30867756146 1.08009087964 0.796755922143 0.788649217415 0.600949418562 1.01576776415 0.555709309257 0.461986040880 0.437834037045 0.526073738448 0.433504612179 0.377600867653 0.460161605086 0.531201375627 0.768679120430 0.625695081056 0.750343794833 0.538226165288 0.823018885726 0.544873638855 0.534451295445 0.616985409166 0.513538590666 0.217612363234 0.322867606721 0.356667914960 0.212133775709 0.679399800499 0.125992266733 -0.0845392311773 -0.246365577156 0.0331123604291 0.157671562866 -0.310802372796 -0.472123095578 -0.590375388620 -0.851653948161 -0.919182624001 -1.01343275534 -1.18908073737 -1.22640737798 -1.36505328275 -1.38779353801 -1.42445772826 -1.28830776489 -1.86273146297 -1.97696410001 -2.18920664339 -1.69880204657 -0.229003149091 1.38101977590 -0.00336336635051 -1.35379341772 -0.371481390712 1.20356911848 0.478744514742 -0.570109263946 0.264784065561 1.95251034108 0.192856127017 -1.47297002584 -0.541966959926 1.99163672674 -0.389230632833 -1.14806971742 -0.887137901286 0.523851638035 0.439174342566 1.45619616014 1.47984186303 0.0644286469810 0.835841133031 1.14849272648 0.640666395416 1.97929255225 -0.265604164584 0.245551893082 0.128617666849 0.195845840423 0.155920450502 -0.235076789313 -0.302679663068 -1.23362934694 -1.64929188734 -0.625267753453 -2.49694728505 0.861440019424 -1.48350994691 0.269439735942 0.0330968695468 0.237361751417
# mat_params[1]:
 8.08026294962 10.8637448032
# mat_params[2]:
 6.41570034502 9.09490712001
# mat_params[3]:
 6.51696851470 9.02459181749
# log_m_devs:
 0.0760651639037 -0.126453657826 0.0503884939222
# log_slx_pars[1]:
 1.70023357523 -0.216067695825
# log_slx_pars[2]:
 1.86042870495 -0.148170978188
# log_slx_pars[3]:
 1.75603489504 -0.456362883472
# log_ft_pars:
 -2.08586606618 -2.12704487041 -2.51680597585 -2.32937243047 -1.98145655706 -1.85562889025 -1.93371054028 -2.33132553085 -1.92857446145 -2.66327200360 -2.73790374664 -6.76798714441 -5.05927285525 -6.61234751504 -3.96729436789 -3.03137775534 -2.71073853442 -2.27940401351 -2.19362929730 -3.12552796778 -3.23013602754 -3.27498321085 -3.47459299511 -2.89171646107 -3.17610853346 -3.77485355067 -3.15660722074 -2.51291548100 -2.48845099178 -1.95846484744 -1.51207443076 -1.60478393426 -2.05745765156 -2.49182090618 -2.48801136670 -1.85805477381 -2.50441639605 -2.91125527261 -5.57610899661 -5.48209072723 -4.57580488665 -4.01838741896 -4.22919722291 -4.36973785605 -4.12944865424 -4.00131332934 -2.93918035000 -3.44963857935 -10.1508168146 -5.56616597255 -4.10752291042 -3.71439826341 -4.12237990481 -3.68124096845 -3.74724046315 -3.72433597481 -3.45491655415 -3.71971344931 -4.33723867941 -3.51450779047 -3.12443099048 -4.13395251835 -4.99820462393 -4.06485315345 -3.29972233841 -3.89410103681 -4.29560477205 -3.08053851666 -3.42029771113 -4.17860128365 -3.88323894286 -4.58607664447 -3.62674479410 -3.74402365317 -4.42330972101 -3.95113101423 -3.78278287920 -3.65720487779 -3.23359752737 -2.24858809599 -2.20559964984 -1.97128613270 -1.81619764068 -1.91106301082 -2.73570839756 -1.33792924917 -2.12240193546 -1.89507022959 -1.79136668187 -3.42388899120
