# Number of parameters = 206 Objective function value = -3579.75710571946  Maximum gradient component = 0.000132442105597065
# theta[1]:
-0.0977415773560
# theta[2]:
8.73501662944
# theta[3]:
8.10685754864
# theta[4]:
8.38962020344
# theta[5]:
0.740853002763
# theta[6]:
4.00000000000
# log_rinit_devs:
 -0.0858415794316 -0.0335391264051 0.0919650690959 0.0503961002171 -0.0229804634762
# log_rbar_devs:
 0.834923708440 0.675886732011 0.485914731254 0.502816825208 0.358003488577 0.639348398593 0.307836898450 0.249933989059 0.245992718931 0.345576073587 0.314240898817 0.304904020653 0.390807324122 0.476010296903 0.692707767347 0.643551205820 0.776019780692 0.592523454291 0.767335792755 0.551633302263 0.534038367662 0.582389637762 0.496960467003 0.278595046004 0.348858879960 0.366466114077 0.247315622885 0.558791471562 0.113630061799 -0.109481313500 -0.308581265369 -0.184352452256 -0.146804293560 -0.538931176057 -0.719589591537 -0.863533847303 -1.08469558467 -1.14035220846 -1.20512433631 -1.32416778829 -1.34846197203 -1.44282828270 -1.45452125847 -1.48007629446 -1.38014546416 -1.81071461680 -1.88285039684 -2.03778220868 -1.49643194131 -0.0565395611800 1.54341689952 0.209369844669 -1.21888219890 -0.206144117660 1.41319109553 0.667127226270 -0.388628054576 0.463122331141 2.19594128595 0.371966547443 -1.40555185985 -0.355479162524 2.26065080817 -0.229719081000 -0.983327265781 -0.724859250270 0.733241496144 0.627072748838 1.67946386580 1.70631199649 0.241420253401 1.00899100985 1.33954661188 0.795093183953 2.21002638806 -0.139567216675 0.394076423345 0.223319289064 0.231498883790 0.132760317607 -0.271426508863 -0.330880062305 -1.18554801538 -1.57066032746 -0.528700729487 -2.40517628939 0.920821627952 -1.50034008432 0.250071534054 -0.0429996903876 0.202341023349
# mat_params[1]:
 7.66579759555 10.6403699059
# mat_params[2]:
 5.73104064719 8.31457902244
# mat_params[3]:
 5.99963981040 8.64635469755
# log_m_devs:
 -0.0471097562490 0.0396076523361 0.160197094687 -0.196015082091 0.0433200913167
# log_slx_pars[1]:
 1.60024575935 -0.247459483614
# log_slx_pars[2]:
 1.69914431894 -0.317349176118
# log_ft_pars:
 -1.53409701403 -1.59919372542 -2.02987684493 -1.88843499323 -1.58609769586 -1.45597084454 -1.54765739779 -1.97338171289 -1.59890410488 -2.37855430644 -2.50527607337 -2.91065847869 -4.91714029699 -1.92506430771 -3.83565877175 -2.94194210818 -2.65227301928 -2.18854132818 -2.05304950187 -2.96833473869 -3.06519323092 -3.10082883139 -3.30161755145 -2.72923851799 -3.02148518356 -3.63117666077 -3.02387295883 -2.33549365821 -2.29361456511 -1.74015205296 -1.25917841146 -1.29905245807 -1.68296036516 -2.08222020961 -2.05062283977 -1.38355168489 -2.02364300554 -2.45185984656 -5.15740441931 -5.11001401074 -4.24139728735 -3.71919908935 -3.96181641935 -4.12732998892 -3.89909930359 -3.79633821915 -2.75798982808 -3.31472780804 -10.0799590791 -5.45956213448 -3.99573132533 -3.59404831713 -3.92538630831 -3.40094150395 -3.55619296406 -3.58089354955 -3.28116949352 -3.49608992684 -4.20937868671 -3.41259901725 -2.95728201867 -3.87033492619 -4.86317084541 -3.99334120687 -3.17084420771 -3.64871554861 -4.06379655566 -2.91497456773 -3.30773832304 -4.07868846379 -3.75342101005 -4.39721815001 -3.42902937509 -3.54995364612 -4.27901315881 -3.80871523521 -3.59292643301 -3.39141720587 -2.93897493311 -2.14072701526 -2.20552863637 -2.02571817742 -1.89233044593 -1.99346685214 -2.81917950269 -1.45118008440 -2.14795153490 -1.91099147600 -1.73679219773 -3.28792382662
