# Number of parameters = 202 Objective function value = -3529.59364428155  Maximum gradient component = 0.000383730261312126
# theta[1]:
-0.169387294085
# theta[2]:
8.48916480143
# theta[3]:
7.83662447169
# theta[4]:
8.20072744707
# theta[5]:
0.427813327594
# theta[6]:
4.00000000000
# log_rinit_devs:
 -0.0714642801776 -0.0299168430184 0.0853257461587 0.0546558390894 -0.0386004620520
# log_rbar_devs:
 0.870322117320 0.717012208560 0.538654335129 0.556442657840 0.416929525646 0.678797026184 0.361371288320 0.307196630445 0.301201499674 0.398597999932 0.371317926471 0.369681495339 0.460591031344 0.551373007979 0.766243242872 0.729576407132 0.863645434457 0.680154647359 0.835680286429 0.623372049966 0.601132533000 0.641120794011 0.553468977060 0.341097949418 0.401665323467 0.411881571797 0.288891273670 0.572605956026 0.131882757745 -0.108484217989 -0.335912152652 -0.260252060295 -0.259227297390 -0.666611763184 -0.885473752009 -1.07154143303 -1.31619409016 -1.38674993118 -1.45810276321 -1.57648556021 -1.60890531997 -1.70404604729 -1.72037489182 -1.74974801234 -1.66096279708 -2.08937626548 -2.17772453904 -2.33965272677 -1.79744059716 -0.356323534163 1.23099866846 -0.0959935830033 -1.53158781558 -0.507969406515 1.11106109240 0.373052323589 -0.675752998256 0.183449479837 1.89524256581 0.0893164836256 -1.67570758923 -0.606592351368 2.00160897357 -0.469666938760 -1.20912323563 -0.937041084318 0.529576606828 0.415818660428 1.47019374705 1.49706918691 0.0378152294388 0.808473161885 1.15490969345 0.630679145329 1.93562625051 -0.262618133927 0.368868750320 0.385104829400 0.605262205946 0.700668897845 0.370432073636 0.415699815861 -0.243327657149 -0.519168670989 0.497354617019 -1.39648341557 1.74285270494 -0.739334900586 0.866230308384 0.378674181956 0.362009924286
# mat_params[1]:
 7.10417865635 10.0698062309
# mat_params[2]:
 8.80743494790 13.6262618964
# log_m_devs:
 -0.0597105531951 0.0489673642489 0.167977209518 -0.147848283312 -0.00938573725977
# log_slx_pars[1]:
 1.56746015795 -0.274655994723
# log_ft_pars:
 -1.52741450558 -1.58888443440 -2.02248848404 -1.88637064948 -1.59055423520 -1.45615767464 -1.54696074269 -1.97494797666 -1.60320505131 -2.38483174281 -2.51545852146 -2.69196565191 -4.93282462492 -2.03997694071 -3.86358694485 -2.97470133332 -2.68866488433 -2.21913653715 -2.07230857346 -2.98134519539 -3.07407405563 -3.10434223919 -3.30138175016 -2.72811099067 -3.01647686358 -3.62201464765 -3.01140874262 -2.30757548652 -2.25636274082 -1.69168717590 -1.19052948564 -1.19565671534 -1.53886087964 -1.91042396171 -1.85309720184 -1.14325767968 -1.74026480612 -2.14497592975 -4.84413367561 -4.79794140713 -3.92637919960 -3.39879581723 -3.63384723167 -3.79559070622 -3.56466040158 -3.45854730072 -2.40581548668 -2.95172907303 -9.70875125941 -5.06398122726 -3.56704592632 -3.20595173997 -3.55974620366 -3.03212035677 -3.15522481514 -3.20312181303 -2.91922746550 -3.13250978516 -3.81120791958 -3.04508461437 -2.60280151465 -3.52261440337 -4.49484665482 -3.66746935721 -2.86396770902 -3.34789836265 -3.76805137192 -2.63052900725 -3.00447024179 -3.78306415194 -3.48240329982 -4.13217048852 -3.16304660599 -3.30093332318 -3.97150191131 -3.51686905079 -3.32298322802 -3.18533811772 -2.88001768518 -2.63816449119 -2.84761685819 -2.72576880432 -2.63917484847 -2.79430948689 -3.70422680922 -2.47892866848 -3.40612238540 -3.26277441921 -3.03678029882 -4.47625507134
