# Number of parameters = 201 Objective function value = -3646.12397058086  Maximum gradient component = 0.00259412912979020
# theta[1]:
0.185879338981
# theta[2]:
10.6940943247
# theta[3]:
9.78504059523
# theta[4]:
10.2075709345
# theta[5]:
0.829100791875
# theta[6]:
4.00000000000
# log_rinit_devs:
 -0.229890948796 -0.148976528846 0.0559305646464 0.0632631469033 0.259673766092
# log_rbar_devs:
 1.04006390109 0.842671243981 0.593794158128 0.621583527683 0.458881081431 0.844124896224 0.449094060420 0.370267673169 0.382760921928 0.473851090321 0.382001363799 0.297216814093 0.340845970104 0.383690511653 0.593432613739 0.462112813873 0.570631846354 0.384899069140 0.651870070739 0.410955707789 0.404828621082 0.485262066105 0.402111726118 0.137197413979 0.239878515125 0.280632656798 0.160400626595 0.580507072153 0.0941901515003 -0.0784156645075 -0.189820401289 0.114293202335 0.268791447049 -0.120364653231 -0.220739926759 -0.277566840883 -0.471073098409 -0.489999406115 -0.534833327442 -0.668499952893 -0.664919993574 -0.771693004980 -0.764802452555 -0.717260663069 -0.550511177367 -1.15621226148 -1.41876004524 -1.88704598259 -1.79477732210 -0.372887955858 1.23860014746 -0.0318641731513 -1.42000355641 -0.413377950135 1.16167934113 0.446264123053 -0.593494170642 0.239824723277 1.96424679864 0.172040936943 -1.60248006419 -0.561268821938 1.99697057210 -0.416841871326 -1.18796313653 -0.949685409457 0.466020734780 0.376799257229 1.37741250000 1.39826247306 -0.0345991503521 0.715399623826 1.01310772231 0.450575969816 1.66961758211 -0.594747003835 -0.0999021183302 -0.132414162472 0.0971513448068 0.312726874343 -0.0598317138051 -0.129762300869 -1.20031107138 -1.65491783715 -0.681880130161 -2.68939367910 0.574780993625 -1.78291958996 -0.00844058649980 -0.261376274983 0.263334350036
# mat_params[1]:
 8.49403683322 10.6894511172
# mat_params[2]:
 9.82884560236 13.3184812499
# mat_params[3]:
 7.08947854611 9.66648949791
# log_m_devs:
 0.0877608440091 -0.0877608440091
# log_slx_pars[1]:
 1.82043170426 -0.221689176233
# log_ft_pars:
 -1.62647935618 -1.70012511277 -2.10933815597 -1.95301590382 -1.63313957698 -1.54207324985 -1.63539260304 -2.04837849863 -1.67377074320 -2.44525447422 -2.53365711583 -3.41767189248 -4.84509750926 -1.28245922326 -3.67875928882 -2.73427427884 -2.40750161159 -1.97079305780 -1.89229612479 -2.83024835117 -2.93766165955 -2.99477596513 -3.20310245552 -2.62107908102 -2.92457109773 -3.54347877658 -2.93234440673 -2.30121103446 -2.27540198446 -1.74915424975 -1.33818137152 -1.49353004990 -2.00169123891 -2.46032175896 -2.49087450176 -1.91992186143 -2.62804117774 -3.09036637730 -5.80856313836 -5.75800558808 -4.89918772385 -4.38632124730 -4.64523040070 -4.83381032976 -4.63783243343 -4.53083385312 -3.47555675559 -3.94511128410 -10.4836927427 -5.71182233903 -4.05012778792 -3.70876995543 -4.23938264224 -3.96866560945 -3.98793243981 -3.91519359363 -3.67782878405 -4.02911626910 -4.56433969922 -3.72575461837 -3.42147025037 -4.57699502607 -5.31816391426 -4.29437367599 -3.57708892252 -4.34607910441 -4.75373718445 -3.39346561964 -3.54107202709 -4.27117109539 -4.03269328166 -4.81523360543 -3.86766469790 -3.95935815101 -4.46755526563 -3.98362898687 -3.83740795184 -3.79708541431 -3.40661010719 -3.01144826466 -2.91067754699 -2.63282990571 -2.42940681134 -2.46208852661 -3.21522962163 -1.75294733761 -2.54949864340 -2.35910331499 -2.25190164857 -3.87517701102
