# Number of parameters = 96 Objective function value = -399.991446635467  Maximum gradient component = 0.000535045279405901
# theta[1]:
-0.426644445855
# theta[2]:
4.58526643683
# theta[3]:
6.27591752263
# theta[4]:
6.49660500939
# theta[5]:
1.09185834061
# theta[6]:
4.00000000000
# log_rinit_devs:
 2.80731687906 1.61245235419 -0.0588324217897 -2.14409119070 -2.21684562076
# log_rbar_devs:
 -0.205864221484 -1.56292987495 -0.579243615587 1.01805540999 0.219433587343 -1.00075550817 -0.0441761654425 1.81515362024 -0.203874660276 -1.84674164233 -0.896778919766 1.96075642733 -0.622750529705 -1.46463536019 -1.12304876394 0.317556019428 0.0629527349829 0.937157515175 0.771267490898 -0.869493394700 0.0656523633169 0.418903243586 0.0155510437104 1.23954049972 -0.631100996822 -0.00116926759830 0.187775020213 0.540035064648 0.758960664566 0.439604563445 0.399631785453 -0.447405084061 -0.813343517906 0.190335573835 -1.65208354836 1.58043302440 -0.821221777843 0.923609795059 0.692461739213 0.231789662570
# mat_params[1]:
 4.95426929081 7.50133383202
# log_m_devs:
 0.160520677645 -0.251527345018 0.0910066673727
# log_slx_pars[1]:
 1.59969744437 -0.244170450601
# log_ft_pars:
 -1.72920686284 -2.23980329567 -1.81695932588 -1.73204112504 -1.74977236717 -1.51111617728 -1.74303511754 -2.26996672953 -1.54377801839 -1.22419817672 -2.23767576174 -3.04755150675 -2.25438770401 -1.58794991221 -2.20957409061 -2.56172558280 -1.24620265974 -1.25162626512 -1.85818431050 -1.56040187715 -2.48386894478 -1.62318307488 -1.85102205971 -2.40712180500 -2.10486624441 -2.11865876669 -2.21856410223 -2.04136956550 -1.85359391051 -1.91107777067 -1.72204484054 -1.59859213461 -1.71798323227 -2.59212423364 -1.26522885611 -1.93042627888 -1.66693104096 -1.42006549075 -2.96331539470
