# Number of parameters = 204 Objective function value = -3654.92560420032  Maximum gradient component = 0.000578880078485500
# theta[1]:
0.163460459148
# theta[2]:
10.1148733598
# theta[3]:
9.84178355034
# theta[4]:
10.2670945177
# theta[5]:
0.870444688756
# theta[6]:
4.00000000000
# log_rinit_devs:
 -0.149102077059 -0.112027543868 0.0612036288671 0.0214020166670 0.178523975393
# log_rbar_devs:
 0.555973611845 0.396062404501 0.185675593943 0.269175692548 0.148966136283 0.599103909513 0.257722352507 0.241900702473 0.318941086875 0.458245783024 0.398168999759 0.349262106730 0.446542220123 0.528396565209 0.764237051509 0.627725193106 0.701391372825 0.517737369754 0.788875727861 0.531384886651 0.517297629305 0.592505635468 0.499002462145 0.219993064923 0.317728166724 0.350886488410 0.221691322821 0.652858813019 0.158482498631 -0.0113683787601 -0.120587913569 0.191493602030 0.349615807774 -0.0496870219790 -0.153427142419 -0.214776989020 -0.419883528547 -0.447520156083 -0.501749078260 -0.646127653424 -0.649774356040 -0.765859601496 -0.766330237131 -0.734120643701 -0.575386310582 -1.19343420648 -1.45016023443 -1.90491609621 -1.78004711919 -0.361203692534 1.24863903787 -0.0202938944388 -1.40646731126 -0.400732580359 1.17350460226 0.457480259132 -0.584969353704 0.250080394163 1.97704318322 0.182357958605 -1.59103997980 -0.551392884429 2.00973796258 -0.405066253978 -1.17806775068 -0.938225257168 0.477202375851 0.387976637482 1.38731744554 1.40755690258 -0.0274942670868 0.723455045994 1.01888423160 0.452587482330 1.66062819563 -0.601693771593 -0.111669627052 -0.142284439873 0.0859143282173 0.298237013839 -0.0705310563371 -0.140774094601 -1.20243104057 -1.64698573312 -0.667208550802 -2.66131511374 0.616259084811 -1.78566156036 -0.0380369981118 -0.328324107015 0.275119585937
# mat_params[1]:
 8.23096778510 10.2708574992
# mat_params[2]:
 8.73326503111 11.0297225342
# mat_params[3]:
 9.96251764073 13.4835342701
# mat_params[4]:
 7.16973901214 9.77111774957
# log_m_devs:
 0.0952538720804 -0.0670207831240 -0.0282330889564
# log_slx_pars[1]:
 1.81885543881 -0.220491142239
# log_ft_pars:
 -1.13362411116 -1.25468852768 -1.70686582774 -1.59677182955 -1.31845442049 -1.28684778433 -1.43501985816 -1.90402734714 -1.58863774855 -2.42532188402 -2.57007287011 -1.73410061640 -4.95530825320 -0.762999775736 -3.87013440041 -2.96698856009 -2.65772536697 -2.22530039825 -2.14212633832 -3.07519163128 -3.17535728380 -3.22441831967 -3.42383067144 -2.83505953425 -3.12992626544 -3.73799687031 -3.11733343926 -2.47858950739 -2.45147877820 -1.92778863962 -1.52248382217 -1.68021087964 -2.18543132843 -2.64374577227 -2.67500221704 -2.10444304176 -2.80963682199 -3.26287266385 -5.96971483493 -5.90858974507 -5.03950490113 -4.51735179715 -4.76473853872 -4.94278807027 -4.73785995162 -4.62331040279 -3.56213008703 -4.03247325667 -10.5754786919 -5.79680888454 -4.13358095920 -3.79208224843 -4.32178663676 -4.05009550168 -4.07058760270 -3.99896755715 -3.76167485995 -4.11167765740 -4.64778222022 -3.80990851937 -3.50565394229 -4.65948979557 -5.40119522126 -4.37863692349 -3.66146166702 -4.42887113298 -4.83556846391 -3.47640760980 -3.62452566064 -4.35387770687 -4.11445724608 -4.89565392550 -3.94681678661 -4.03768343777 -4.54107231435 -4.05406263977 -3.90426741053 -3.86080169325 -3.46854919758 -3.07261673571 -2.97122347852 -2.69271113673 -2.48939092146 -2.52388375676 -3.28073717143 -1.82504228180 -2.64620555753 -2.42123745953 -2.27921469499 -3.86392842279
