# Number of parameters = 197 Objective function value = -3364.00406305018  Maximum gradient component = 3823.11153448625
# theta[1]:
-0.665417933180
# theta[2]:
6.68387944342
# theta[3]:
5.79575454616
# theta[4]:
6.36340424060
# theta[5]:
0.464601393572
# theta[6]:
4.00000000000
# log_rinit_devs:
 0.161929599294 0.100188538726 0.146008400380 0.0936621355611 -0.501788673961
# log_rbar_devs:
 1.41446965979 1.23009202803 1.02208450404 1.04050301757 0.933264366300 1.09478463691 0.731595270484 0.576731477194 0.500382338903 0.396432821068 0.306739679376 0.242396319624 0.358983190626 0.491630648998 0.533241196169 0.537686672223 0.639665578109 0.529328983718 0.596766605822 0.309316588131 0.308646966154 0.366032190332 0.331859484533 0.221663356352 0.273719320507 0.323104901158 0.317798532525 0.641355329117 0.354642146490 0.272830970524 0.116615844484 0.0185363981057 -0.165691117319 -0.589067728773 -0.758029105389 -0.935800752546 -1.58831513912 -1.96357593746 -2.29294098529 -2.29490684257 -2.22531266951 -2.22682915909 -2.20766010691 -2.18713361222 -2.02949142417 -2.30696656059 -2.32950878583 -2.57295212172 -2.07108452934 -0.554625972474 1.03766791780 -0.243357945858 -1.65654046394 -0.632000565409 0.927293451985 0.225985731849 -0.779268157736 0.0558922713152 1.66712474480 -0.0328921697893 -1.76243126925 -0.760091814565 1.75544768036 -0.568963088084 -1.24008910161 -0.996013242246 0.460117936186 0.359547353876 1.37759344281 1.38577062835 -0.00649382038404 0.736195662996 1.15386189566 0.677107282281 1.94645046162 -0.0384003660063 0.677446164975 0.826416328150 1.20309095935 1.49403505864 1.08842630467 1.04534725075 0.189441732627 -0.254941657457 0.683141735369 -1.25927026548 1.85549526561 -0.577772730694 1.07620404509 0.693013155055 0.477403723271
# mat_params[1]:
 4.86027261886 7.74725948392
# log_m_devs:
 -0.152085473215 0.152085473215
# log_slx_pars[1]:
 0.850194568257 -1.32404451945
# log_ft_pars:
 -1.54028858832 -1.56430476368 -1.93026968339 -1.78100680214 -1.46729015968 -1.33695779000 -1.30815939772 -1.62960788956 -1.17109293703 -1.87982124390 -1.95616762335 -3.28280483362 -4.40799256617 -1.56924758149 -3.28868734202 -2.36170676902 -2.02122527015 -1.53337393159 -1.35579572928 -2.22470995901 -2.34527381524 -2.43336540658 -2.68252243764 -2.13044268706 -2.47347547918 -3.16838755521 -2.62631913355 -2.01172739451 -1.94959356622 -1.36786235055 -0.827742700645 -0.787776042019 -1.06035174220 -1.32554085368 -1.21508186687 -0.371580953678 -0.683657794610 -0.869304309788 -3.53449407719 -3.61117047477 -2.85405159723 -2.40898880390 -2.73526503781 -2.97417544244 -2.82047188849 -2.72931491216 -1.72236733810 -2.27332587008 -9.19952007113 -4.93843657311 -3.61129530008 -2.76851607010 -2.73682234900 -2.32500644995 -2.99169323790 -2.80584634858 -2.21131931739 -2.56434673203 -3.68190290982 -2.52438018034 -1.66752533233 -2.65375074712 -4.37013581948 -3.14526394073 -2.00078150571 -2.49170450364 -3.49262583413 -2.38980032837 -2.90695511772 -3.57263814450 -2.97517148462 -3.64388617471 -2.88828311426 -2.97478498518 -3.93124601087 -3.17998187426 -2.96504512066 -3.03708134245 -3.01241130172 -2.98420003647 -2.93734769813 -2.64437217129 -2.32362316536 -2.24640457126 -3.20914601013 -1.69704718190 -3.26639821293 -2.70768206146 -2.50188848111 -3.98507004301
