# Number of parameters = 205 Objective function value = -3709.03241318899  Maximum gradient component = 0.000424090015346935
# theta[1]:
-0.248388298043
# theta[2]:
8.22849497973
# theta[3]:
7.08174571806
# theta[4]:
7.51393630590
# theta[5]:
0.664820564965
# theta[6]:
4.00000000000
# log_rinit_devs:
 -0.0484371981894 -0.0118973643271 0.0874956399515 0.0366972675762 -0.0638583450112
# log_rbar_devs:
 1.37724785039 1.18399792641 0.970634826608 0.971004472254 0.795769135564 1.04741202636 0.649519087468 0.535146276450 0.461100260518 0.500168895226 0.423114836604 0.388972833349 0.462325805490 0.517136676130 0.702202384102 0.616645152849 0.698010267551 0.505491269664 0.668882396056 0.446313646399 0.447345760538 0.519906253442 0.454358842412 0.248277045001 0.339959578419 0.393524740696 0.314003176577 0.676570995907 0.259060652216 0.0462046974249 -0.199929872465 -0.135740577471 -0.130535266881 -0.541836796007 -0.745677624691 -0.957822290791 -1.25284252476 -1.31566492717 -1.34940133667 -1.42079478486 -1.39926525415 -1.47066647970 -1.46311053819 -1.47894709936 -1.37313866469 -1.87560395254 -2.03371568335 -2.26362127974 -1.75867239761 -0.338258955273 1.14785897024 -0.121247842789 -1.57303570299 -0.549639165752 1.06487968908 0.325906527399 -0.729435885179 0.133867930442 1.85884061083 0.0124511570867 -1.75876581830 -0.646252155164 2.01935750003 -0.485269372003 -1.21759000294 -0.931909627342 0.548335909137 0.412343047308 1.46251319583 1.49547128046 0.0324156799529 0.817721290968 1.17147199125 0.646473963562 2.03701905565 -0.216744593122 0.414164600012 0.344866110366 0.460069654058 0.449509130485 0.0433575084061 0.00957563427193 -0.797202575547 -1.16095812122 -0.119563473669 -1.99992105294 1.28628670124 -1.17153857981 0.580464547246 0.272914724962 0.315876096780
# mat_params[1]:
 7.55815676072 10.6292410955
# mat_params[2]:
 6.26109165145 9.15913774549
# mat_params[3]:
 5.27072344584 7.78230803288
# log_m_devs:
 0.0507083559641 0.130946435533 -0.259406402595 0.0777516110979
# log_slx_pars[1]:
 1.34834860128 -0.383878438189
# log_slx_pars[2]:
 1.70099875954 -0.246927397996
# log_ft_pars:
 -1.70456151453 -1.77018955545 -2.15668049611 -1.97266958826 -1.63712417441 -1.50033438924 -1.55495363403 -1.90593827199 -1.46150542588 -2.19794760050 -2.29061379168 -3.04093730305 -4.65242263873 -1.96831484545 -3.54601501350 -2.62320906418 -2.27783533964 -1.80963898834 -1.66553646762 -2.58343282744 -2.68843906735 -2.74796800694 -2.97946558164 -2.40988252991 -2.71193859562 -3.36461192732 -2.79380045270 -2.15400900163 -2.13604576984 -1.54853318531 -1.00507600427 -1.01148673667 -1.39569137969 -1.77662283594 -1.69854193204 -0.956023275348 -1.52405148810 -1.93711673830 -4.67996975947 -4.68930274957 -3.87174543640 -3.39256179756 -3.68662074389 -3.87670584675 -3.65448400621 -3.54886804250 -2.45560598478 -2.94877479104 -8.87531166063 -3.97859273222 -2.12934259772 -1.86910084415 -2.44861084358 -2.10862689600 -2.01485214132 -1.99255396273 -1.80021239273 -2.12522675121 -2.59864598572 -1.81712219214 -1.54064070820 -2.67454591938 -3.40308350829 -2.50931899730 -1.87320354098 -2.60018770646 -2.97460558641 -1.65093741368 -1.80026823770 -2.55543464154 -2.37565342357 -3.17263521905 -2.21646194144 -2.33261720183 -2.90198123989 -2.51654851530 -2.45094915895 -2.42548974452 -2.05499531025 -1.65494925056 -1.76111447795 -1.62595763354 -1.53705759765 -1.67970449504 -2.56451759221 -1.23948637890 -1.87659565639 -1.56151536142 -1.31597272816 -2.85970171843
