# Number of parameters = 202 Objective function value = -3545.26907475650  Maximum gradient component = 0.00125735982955696
# theta[1]:
0.149019111355
# theta[2]:
10.3572757106
# theta[3]:
9.42051289643
# theta[4]:
9.74921959065
# theta[5]:
0.506588793576
# theta[6]:
4.00000000000
# log_rinit_devs:
 -0.220019538224 -0.126747833542 0.0685490058664 0.0885827519784 0.189635613921
# log_rbar_devs:
 1.01161814874 0.823753675280 0.592520792772 0.604495082594 0.453007608662 0.793729213463 0.424191149002 0.350848909698 0.334315960182 0.409141256544 0.330552905385 0.279056933887 0.338699375256 0.388920355472 0.573402245002 0.448539624540 0.541468081613 0.362884155489 0.585941542140 0.350072597089 0.327606694878 0.379032021748 0.278716905786 0.0223470186824 0.0909889329211 0.0979529759510 -0.0410716008961 0.310356217440 -0.155194464283 -0.343706414503 -0.484213919069 -0.265973026633 -0.170240394328 -0.558540189600 -0.695546134889 -0.794621266909 -1.01036254788 -1.07025084330 -1.15104479867 -1.29930048117 -1.33271031888 -1.44737386697 -1.46683198678 -1.49855413954 -1.39391105563 -1.86650907949 -1.94271166464 -2.11507527444 -1.60381205320 -0.176320734313 1.45175742206 0.105988765305 -1.28720871635 -0.293716473625 1.30200417073 0.567440137734 -0.476988544215 0.357620543110 2.07954839937 0.294444022743 -1.44964493545 -0.441905366054 2.12496448386 -0.305082039246 -1.06404183340 -0.817634243251 0.609767441976 0.520863361780 1.55260486059 1.58253687152 0.146372112566 0.909536153298 1.22393124541 0.706279953013 2.01081883623 -0.241938588224 0.327956571960 0.325891905099 0.598759945377 0.858007388573 0.445167489775 0.407396638940 -0.581554646158 -1.05148657181 -0.0755197804623 -2.11336874803 1.17586583788 -1.21038554233 0.542579714501 0.259187060816 0.302900570181
# mat_params[1]:
 8.57318526865 11.4016245361
# mat_params[2]:
 6.84199661104 9.11368086916
# log_m_devs:
 -0.0629134958183 0.0133999543329 0.0495135414855
# log_slx_pars[1]:
 1.72409006304 -0.213244741099
# log_slx_pars[2]:
 1.86995925873 -0.373214269119
# log_ft_pars:
 -2.22749060528 -2.28341925577 -2.69116786808 -2.52761359750 -2.21213213558 -2.09510581689 -2.18794028471 -2.60513216411 -2.22544715122 -2.98166122984 -3.06227676625 -5.69870079731 -5.38506944517 -4.97615057472 -4.25508732899 -3.29959566528 -2.96054324324 -2.52509930038 -2.42602726947 -3.35959018430 -3.45996361032 -3.49841174515 -3.69090994941 -3.10719528857 -3.39316839813 -3.98616814287 -3.35593984268 -2.66741806290 -2.62477766275 -2.08843595050 -1.65899124043 -1.76626182458 -2.20646066527 -2.63853099916 -2.64546968341 -2.03993848043 -2.72581878369 -3.15964046367 -5.84649281971 -5.76981494432 -4.87908171777 -4.33874333600 -4.56190103118 -4.71463958158 -4.48018300764 -4.36195931603 -3.32262444847 -3.87499918478 -10.6135136468 -5.97833782805 -4.51970610205 -4.08643244404 -4.45743081572 -4.00997626383 -4.12956775636 -4.09821265606 -3.80987380711 -4.07424392605 -4.75477938673 -3.91195978397 -3.49561250947 -4.48938138565 -5.41808901188 -4.46637287150 -3.67638015008 -4.25169213098 -4.65582580828 -3.44256043676 -3.81470599515 -4.57342509757 -4.25142292859 -4.93964045441 -3.98192775643 -4.08600256870 -4.77195630017 -4.26661034764 -4.07852619510 -3.96298679511 -3.61223312283 -2.42496076466 -2.32408330201 -2.09457083250 -1.95430391224 -2.04475036478 -2.82931159776 -1.38185145210 -1.98714222587 -1.76589806717 -1.63812842533 -3.29628445650
