# Number of parameters = 200 Objective function value = -3490.39583676841  Maximum gradient component = 2.78491581051325e-005
# theta[1]:
-0.176787857678
# theta[2]:
8.55282304290
# theta[3]:
7.35790465643
# theta[4]:
7.80657733387
# theta[5]:
0.370634405651
# theta[6]:
4.00000000000
# log_rinit_devs:
 -0.144312952172 -0.0759439142875 0.0768865245479 0.0905686114623 0.0528017304493
# log_rbar_devs:
 1.33371830901 1.14902309191 0.934634738476 0.914827159942 0.740551925714 0.999146689436 0.610213226464 0.505681457829 0.443256981867 0.500838895459 0.437456478843 0.422087830505 0.516881069959 0.598917145629 0.789793411599 0.684433255022 0.753731373566 0.563841882970 0.738321118778 0.522794863026 0.514211071713 0.571929412628 0.490610627791 0.276209155722 0.353839373884 0.380801526929 0.263533536498 0.582762384798 0.126162720749 -0.128193804596 -0.388138821728 -0.329410051814 -0.336664278147 -0.776432185710 -1.03235120819 -1.26902031707 -1.55765806783 -1.62883906947 -1.68304920793 -1.77957399817 -1.78819706566 -1.86626701841 -1.86136878303 -1.87329575136 -1.75288490949 -2.18921140767 -2.27485286306 -2.43456482215 -1.89342268944 -0.435578890758 1.13192236266 -0.203291267518 -1.61373617286 -0.596893731679 0.993635053020 0.272365858852 -0.765873263927 0.0930920505173 1.75269366137 -0.0102824400109 -1.72212504998 -0.688603054984 1.87106939311 -0.533016672010 -1.26148666892 -0.974666037414 0.478282950256 0.367610478513 1.40983969997 1.43529458431 0.0183831522253 0.796129629890 1.16466954659 0.696743011561 1.98986852340 -0.0505219791334 0.663877131724 0.794257758445 1.16101977851 1.46195513451 1.02625776723 0.968576219046 0.0266789500161 -0.487660983061 0.358624346675 -1.75636430342 1.23708570823 -1.14743203107 0.519904551205 0.231255906237 0.449624942853
# mat_params[1]:
 6.75534863050 9.81778848657
# mat_params[2]:
 5.69448114874 8.51937683551
# log_m_devs:
 -0.0655655536240 0.0516395209460 0.0139260326780
# log_slx_pars[1]:
 1.49461226047 -0.330617705638
# log_ft_pars:
 -1.76052178047 -1.80698046138 -2.21249212152 -2.04000670869 -1.71069074325 -1.54669690803 -1.60417306193 -1.98278375022 -1.55716779298 -2.28078463823 -2.36688020455 -6.05699489850 -4.74921924685 -5.85861903636 -3.68689720563 -2.75250593298 -2.40648050189 -1.95418956582 -1.81332915296 -2.73526505609 -2.84643763439 -2.89254652691 -3.10758481188 -2.54516363372 -2.84049406773 -3.45994956142 -2.86280336450 -2.16380094181 -2.12351912074 -1.55093923411 -1.01458146913 -0.979019473892 -1.29842988503 -1.66384899190 -1.59236494400 -0.827848162401 -1.36706029411 -1.75009284526 -4.46431219127 -4.44906736710 -3.60262466434 -3.09529500244 -3.35057333570 -3.53272400836 -3.32423262428 -3.23983884861 -2.18944652286 -2.73857046646 -9.50205118921 -4.85321510059 -3.32369517273 -3.01587534842 -3.38168711802 -2.84648116846 -2.93154754792 -3.00861826861 -2.73092901178 -2.93512715516 -3.56247800209 -2.83499612361 -2.39106447365 -3.31432867383 -4.24814191333 -3.47445550747 -2.67140113232 -3.16004320783 -3.60457357697 -2.49128159529 -2.83221623757 -3.61938742795 -3.34589861567 -4.00212611049 -3.04877903344 -3.22715650482 -3.89782801628 -3.49931980142 -3.34274594861 -3.28159607009 -3.11701257189 -3.04393673372 -3.13786436895 -2.88127495405 -2.64899950682 -2.62230336418 -3.32857662503 -1.90199317350 -2.63648317495 -2.47210721650 -2.20640956449 -3.69204291963
