# Number of parameters = 203 Objective function value = -3544.16510961344  Maximum gradient component = 0.000265436962516444
# theta[1]:
0.116784957952
# theta[2]:
10.2834685554
# theta[3]:
9.34002572159
# theta[4]:
9.66901580239
# theta[5]:
0.502213813792
# theta[6]:
4.00000000000
# log_rinit_devs:
 -0.218961257906 -0.125880970077 0.0687362516998 0.0886984608521 0.187407515431
# log_rbar_devs:
 1.01839195776 0.830589859996 0.599611871324 0.609855350628 0.457458665643 0.795254852920 0.425517496694 0.351515191410 0.334039582937 0.408850964272 0.331299891595 0.281273647601 0.342040706921 0.393139790511 0.577429489795 0.452934615630 0.544771583348 0.366111809658 0.587756809301 0.352878697966 0.330835325385 0.382218520913 0.282422785777 0.0275378186189 0.0962205794275 0.103414180204 -0.0353178786439 0.313784446295 -0.152378644024 -0.343753210499 -0.487666822794 -0.273716462247 -0.180645249126 -0.569623799280 -0.708618669039 -0.809307559864 -1.02479409260 -1.08397762251 -1.16381805870 -1.31057703080 -1.34339610038 -1.45690582098 -1.47571407227 -1.50698058953 -1.40216574326 -1.87292246699 -1.94863252364 -2.11958155656 -1.60681131715 -0.179280164737 1.44687940032 0.101860990363 -1.29246137779 -0.298163978134 1.29794963734 0.563502238419 -0.481194514367 0.354224476907 2.07528968195 0.289733090539 -1.45426484061 -0.445519263714 2.12220318197 -0.309023296339 -1.06747052881 -0.820136108869 0.608334533565 0.518714653098 1.55109656189 1.58065171826 0.143791621957 0.907092275967 1.22254916250 0.705036642243 2.01140893019 -0.242380687808 0.330192506807 0.331992616370 0.613250937376 0.884335966647 0.471741137980 0.438542965622 -0.533748858773 -0.997090073529 -0.0353546731922 -2.09107357006 1.14673751997 -1.23586095199 0.513172315620 0.230592000604 0.302294922575
# mat_params[1]:
 8.51399387036 11.3524868935
# mat_params[2]:
 6.78525091452 9.02480450966
# mat_params[3]:
 6.95958077721 9.37955186974
# log_m_devs:
 -0.0391851257903 0.0391851257903
# log_slx_pars[1]:
 1.71790131632 -0.213424821299
# log_slx_pars[2]:
 1.86783976318 -0.362738772773
# log_ft_pars:
 -2.19824022107 -2.25356148284 -2.66114149224 -2.49695019631 -2.18051509406 -2.06176045484 -2.15347403974 -2.56968174666 -2.18871114241 -2.94422791821 -3.02539372784 -5.72896916694 -5.35036647970 -5.03930654712 -4.22261375916 -3.26773043972 -2.92841503066 -2.49237202009 -2.39216444251 -3.32538316942 -3.42611894044 -3.46468991748 -3.65773725753 -3.07462370852 -3.36082357127 -3.95442461890 -3.32499695710 -2.63577201142 -2.59262607251 -2.05468904977 -1.62145794951 -1.72442698125 -2.16179179687 -2.59254974022 -2.59782306709 -1.98928579604 -2.67339789773 -3.10740217797 -5.79547346202 -5.72036041893 -4.83082156611 -4.29147350431 -4.51567945096 -4.66921401788 -4.43531086923 -4.31810220393 -3.27903317219 -3.83180803249 -10.5716523243 -5.93626501213 -4.47615604096 -4.04519858883 -4.41546687180 -3.96448135491 -4.08428542201 -4.05589553844 -3.76796074426 -4.03015186102 -4.71048816403 -3.87026555995 -3.45321865513 -4.44358834387 -5.37360771664 -4.42624118014 -3.63603593152 -4.20714101421 -4.61134160496 -3.40138817345 -3.77440015014 -4.53357970345 -4.21204325069 -4.89855736440 -3.94008313431 -4.04539212223 -4.73225717272 -4.22864178970 -4.04041623396 -3.92352420143 -3.57642034139 -2.39781765047 -2.30528601450 -2.08020264074 -1.94242972120 -2.03447649206 -2.82275542685 -1.38082794220 -1.97688509744 -1.78150579957 -1.66536425379 -3.33640574009
