# Number of parameters = 204 Objective function value = -3665.33661897925  Maximum gradient component = 0.000111150527659830
# theta[1]:
0.0319256954774
# theta[2]:
9.74065957053
# theta[3]:
8.75365859008
# theta[4]:
9.10559195634
# theta[5]:
1.18827094092
# theta[6]:
4.00000000000
# log_rinit_devs:
 -0.177520295368 -0.106274570135 0.0751078749474 0.0523942201401 0.156292770416
# log_rbar_devs:
 1.16154922526 0.974279935883 0.738412174246 0.753735060644 0.586643424611 0.939811986320 0.553061529191 0.478418937601 0.487124217361 0.589924543619 0.526285802795 0.468223592727 0.530204020531 0.593879973727 0.819090400879 0.719352572342 0.841104583063 0.648578244667 0.890114753625 0.655251650451 0.648082325708 0.721609982881 0.639175145516 0.389424219432 0.488863461226 0.528983831625 0.412250830319 0.806757650187 0.315188706698 0.109955429580 -0.0417817030847 0.208244013893 0.326659428387 -0.0754167845216 -0.204721595875 -0.287208812965 -0.485117486123 -0.504537265926 -0.547273508381 -0.672918086340 -0.673948606133 -0.781926440779 -0.787080510268 -0.783712739134 -0.667141398655 -1.26198331820 -1.50933465385 -1.92190649425 -1.75206434683 -0.353780012805 1.21309547407 -0.0358555056588 -1.43896496646 -0.443810291676 1.13033122372 0.409754178833 -0.636828331155 0.199917425627 1.92202734001 0.110468641348 -1.66876881692 -0.631056359691 1.95133431623 -0.497152394565 -1.26570303533 -1.02622891434 0.403431009882 0.307301712664 1.31520630118 1.33705255515 -0.0973821080756 0.661138562844 0.975233599874 0.417834726575 1.79613160962 -0.585717062903 -0.0977118298338 -0.266582817319 -0.215682327550 -0.239398230207 -0.601566512554 -0.643762131085 -1.57242563304 -1.97985264177 -0.960042572209 -2.88182756905 0.413921176893 -2.05432232613 -0.316469982461 -0.657497807515 0.0120424221090
# mat_params[1]:
 8.27641325265 10.6639521206
# mat_params[2]:
 8.43900768477 11.8113752329
# mat_params[3]:
 6.08847686660 8.76692914731
# log_m_devs:
 0.110459022005 0.141086309440 0.0275521501542 -0.256883646955 -0.0222138346436
# log_slx_pars[1]:
 1.74761930489 -0.202820499816
# log_ft_pars:
 -1.39633706921 -1.47085357934 -1.88998432811 -1.73588501669 -1.41182133149 -1.29971503640 -1.38793941316 -1.80162020250 -1.42098797530 -2.19416075678 -2.30307926348 -2.80334520388 -4.66117828833 -1.26972043546 -3.52861006590 -2.61400972448 -2.30835021930 -1.85675030968 -1.75537426919 -2.68280626952 -2.78800614287 -2.83943424857 -3.04774661378 -2.46973910205 -2.77120260697 -3.39166716535 -2.78746362249 -2.14569586750 -2.11637553922 -1.57696989675 -1.12751360600 -1.23005153773 -1.69849082374 -2.13917679318 -2.14733966640 -1.53969549820 -2.22047774826 -2.67697862631 -5.39819534212 -5.35568782947 -4.50030918439 -3.98846462299 -4.24477345273 -4.41980915767 -4.19860397392 -4.07743470367 -3.00058880826 -3.46167725635 -10.0214457752 -5.23564439128 -3.57357940036 -3.21516770288 -3.68866776988 -3.33336699379 -3.36906944541 -3.33286023708 -3.09052792433 -3.39618449063 -3.96943579475 -3.14645290213 -2.80736000708 -3.88534128208 -4.67028456938 -3.70200590477 -2.97255477585 -3.64753339993 -4.02426884050 -2.72013203040 -2.95411690531 -3.69687195407 -3.43356717607 -4.17445468683 -3.21391884427 -3.31262754534 -3.92907868388 -3.46669385073 -3.31826528361 -3.21905454742 -2.75489168279 -2.26002692929 -2.27312128739 -2.06829972292 -1.93318570893 -2.03238509533 -2.86111379813 -1.47766749666 -2.19323227943 -1.87583123597 -1.63654596234 -3.15869687361
