# Number of parameters = 208 Objective function value = -3698.73138175756  Maximum gradient component = 0.000140451626234446
# theta[1]:
-0.264449805628
# theta[2]:
7.17703120945
# theta[3]:
7.57084211130
# theta[4]:
7.93396397201
# theta[5]:
1.18407338805
# theta[6]:
4.00000000000
# log_rinit_devs:
 0.247157291989 0.155214732380 0.121291102013 -0.0977568404503 -0.425906285931
# log_rbar_devs:
 0.279223839419 0.121881779123 -0.0414309939364 0.0907607049440 0.0146667136829 0.419993853785 0.138816329730 0.188591823455 0.310727507508 0.509850562059 0.508632455038 0.439838566285 0.382886829883 0.456233896592 0.606585566760 0.709108087055 1.01391515234 0.805637618597 1.02328245630 0.797943679398 0.800514221377 0.879029794400 0.805129791978 0.579404866497 0.690779079501 0.741354422457 0.633737637606 1.02145455822 0.521679292447 0.267152575225 0.0417687685774 0.206496217059 0.266967744278 -0.180783920082 -0.384641825923 -0.536704090795 -0.763551911364 -0.785575372334 -0.818390377688 -0.923738918080 -0.918793962547 -1.01298243581 -1.01399938958 -1.03273197554 -0.936311213028 -1.50607856174 -1.70811666925 -2.01065505784 -1.65131795161 -0.247308051488 1.26486779371 0.00708314461704 -1.42150878264 -0.417370077044 1.17809685741 0.441854480558 -0.620038441357 0.238784906136 1.96658246330 0.125815656931 -1.64426367948 -0.587516034889 2.04129677934 -0.448661738834 -1.20406785678 -0.936469850891 0.522867121837 0.400089376904 1.42784853853 1.45574512522 0.00468944271880 0.783811202691 1.12014351056 0.585507675808 2.01624135852 -0.298696990873 0.282178668690 0.129973678549 0.149279964512 0.0479893341004 -0.352744532235 -0.415576981674 -1.31615821365 -1.74480071604 -0.771840705265 -2.72115738712 0.457378161035 -1.77695686778 0.115193791898 0.0283930704826 0.0851830395550
# mat_params[1]:
 7.78998136374 10.6037597289
# mat_params[2]:
 7.98201034403 10.8043949323
# mat_params[3]:
 6.93375300463 10.0058010279
# mat_params[4]:
 5.11091546759 7.59088062144
# log_m_devs:
 -0.0393623030304 0.233004855691 -0.193642552661
# log_slx_pars[1]:
 1.30503712462 0.0264873546123
# log_slx_pars[2]:
 1.63596949063 -0.295836622612
# log_slx_pars[3]:
 1.60156444544 -0.339985965908
# log_ft_pars:
 -1.07177995618 -1.18104164536 -1.61328463749 -1.53177686001 -1.28974766093 -1.32835350337 -1.49117192347 -1.99106662471 -1.73830026749 -2.68815063689 -2.92580683786 -0.505342199775 -5.13717773807 -0.213829403586 -3.92264869635 -3.17260314071 -2.09857442720 -1.63651309300 -1.50275046942 -2.42294663193 -2.54151464984 -2.59562451932 -2.81616706717 -2.26093527701 -2.56937109010 -3.19811580563 -2.61362141436 -1.95219554278 -1.93738230052 -1.40466507272 -0.908829920518 -0.909041677733 -1.28054630298 -1.69021489660 -1.67083348239 -0.982309345728 -1.58368612842 -2.01313632756 -4.74020043148 -4.72114331361 -3.87926576347 -3.37803300023 -3.63466622303 -3.81345676596 -3.59538314940 -3.49016778894 -2.41057300575 -2.89460151425 -9.51623557311 -4.68297041067 -2.96368850974 -2.67855337258 -3.16626281297 -2.72805652274 -2.70556800776 -2.73429271099 -2.52376210758 -2.77974414073 -3.31732500085 -2.56717100276 -2.24156041862 -3.25184267834 -4.01660794329 -3.16588084860 -2.47387717825 -3.06719445976 -3.40165838216 -2.15179086370 -2.41176078555 -3.17772483435 -2.94903841201 -3.66839021091 -2.68429848227 -2.80883682060 -3.45035443990 -3.05458577655 -2.94024373996 -2.81670169170 -2.38087808502 -2.01800872764 -2.12513497504 -1.94750532958 -1.80381228486 -1.88195647773 -2.68849998707 -1.30188727864 -1.89507223613 -1.80073146673 -1.74115567703 -3.43120651127
