# Number of parameters = 206 Objective function value = -3708.82380539758  Maximum gradient component = 0.000279131490003015
# theta[1]:
-0.269910862451
# theta[2]:
7.81254384971
# theta[3]:
7.07013305419
# theta[4]:
7.49363385767
# theta[5]:
0.746096484113
# theta[6]:
4.00000000000
# log_rinit_devs:
 0.0645631924518 0.0513013491773 0.0922433113264 -0.0274907292725 -0.180617123683
# log_rbar_devs:
 1.14146091068 0.959539557658 0.767069725773 0.805252312061 0.651373381635 0.946801932388 0.574347581803 0.506290150430 0.492344015306 0.586209454547 0.527894694019 0.481221191951 0.551904453439 0.608694728436 0.786077743383 0.689231939030 0.735212180449 0.547616820892 0.725579740070 0.497338417360 0.495934290771 0.568836690994 0.497747078793 0.281518140600 0.373603055128 0.423965455027 0.335643044256 0.709876532686 0.274132577604 0.0575180088812 -0.186822135756 -0.108438688116 -0.0956686406693 -0.518554859751 -0.723293903553 -0.931723042822 -1.22950608851 -1.29513423374 -1.33599058759 -1.41756400398 -1.40283880164 -1.48234914999 -1.48047588100 -1.50450825737 -1.39982366638 -1.91305395399 -2.06411501358 -2.28126059389 -1.74879431397 -0.327648611313 1.15882522905 -0.112383027028 -1.55840219186 -0.537202104738 1.07380476084 0.335638237695 -0.721336684807 0.142485194085 1.86569557953 0.0211250887625 -1.74371448694 -0.640378024219 2.02095941242 -0.477824768421 -1.21246009593 -0.925895926173 0.551134748764 0.416457322860 1.46266439074 1.49523002466 0.0370450340367 0.824720228576 1.17870533271 0.661078561384 2.05407849486 -0.180927851374 0.458938766492 0.396232181740 0.516530935530 0.512467416724 0.0873594997815 0.0315548461430 -0.832330218389 -1.24816367297 -0.262345388723 -2.21161491771 0.981020319159 -1.24446156976 0.643114779032 0.529377752840 0.300525412188
# mat_params[1]:
 7.50351797311 10.3031147476
# mat_params[2]:
 7.65571170564 10.8825658966
# mat_params[3]:
 6.28457279474 9.20631901299
# mat_params[4]:
 5.19108067308 7.71905064880
# log_m_devs:
 0.0547001996628 0.148749170594 -0.203449370257
# log_slx_pars[1]:
 1.35376373254 -0.371363622195
# log_slx_pars[2]:
 1.69616227620 -0.247008600893
# log_ft_pars:
 -1.35968008564 -1.44801664611 -1.85868110325 -1.70491615882 -1.39293895122 -1.29215709977 -1.38118926785 -1.77357130261 -1.37800037176 -2.17971279434 -2.32863607253 -1.31962018437 -4.64967317870 -1.24866315452 -3.56106297292 -2.67391443904 -2.34006848502 -1.87197558429 -1.72972646618 -2.64815790852 -2.75246057003 -2.80956219411 -3.03777990900 -2.46652767736 -2.76439791433 -3.41047977923 -2.83436196191 -2.19135614295 -2.17151985062 -1.58498060721 -1.04367446129 -1.05118037313 -1.43643401936 -1.81888571231 -1.74267131458 -1.00419847199 -1.57457232348 -1.98395234509 -4.71800306046 -4.71775322476 -3.89106802131 -3.40334391781 -3.68713131587 -3.87010179425 -3.64424612172 -3.53367916506 -2.43715300367 -2.93131989085 -8.89515438211 -4.00023555885 -2.15867968620 -1.89910687352 -2.47574748663 -2.13187568909 -2.04001232295 -2.02030885762 -1.82710716889 -2.14866316479 -2.62266937641 -1.84286506692 -1.56458848871 -2.69347225701 -3.42189772429 -2.53025762885 -1.89156991975 -2.61337244526 -2.98733143132 -1.66726609558 -1.81932805184 -2.57428052478 -2.39301649808 -3.18764401724 -2.23164865250 -2.35133716151 -2.92760864085 -2.54577847447 -2.48331172231 -2.46072642881 -2.10005626456 -1.71492511517 -1.80829415850 -1.65536371717 -1.54442140716 -1.65814344990 -2.50622687372 -1.13358684096 -1.67487451241 -1.52960388002 -1.47003577948 -3.21386530026
