# Number of parameters = 203 Objective function value = -3632.94108125593  Maximum gradient component = 0.00156586260084801
# theta[1]:
0.128043486656
# theta[2]:
10.2514752447
# theta[3]:
9.07014289658
# theta[4]:
9.73251517157
# theta[5]:
0.622188654150
# theta[6]:
4.00000000000
# log_rinit_devs:
 -0.265968799428 -0.148286271921 0.0779908960586 0.0944489687208 0.241815206570
# log_rbar_devs:
 1.22927497472 0.998473273728 0.714899089433 0.707044879555 0.498096344534 0.828573818179 0.379861849235 0.249486862461 0.197882410238 0.232761886623 0.0810897921086 -0.0785639260106 -0.114092657712 -0.148267402657 -0.0221689740365 -0.253016842672 -0.277961802973 -0.472580866291 -0.208762512014 -0.425874088172 -0.401061644714 -0.294092330206 -0.345686258535 -0.565735495724 -0.422042104363 -0.342495104762 -0.428448856663 0.00863653471935 -0.474270637881 -0.667237392613 -0.798938664780 -0.502820500837 -0.332041215173 -0.698026664042 -0.775969968818 -0.800240786042 -0.945243062985 -0.903658607656 -0.888235471840 -0.959901509503 -0.900887015372 -0.951414162346 -0.894553035347 -0.833129419647 -0.636799329166 -1.14523257760 -1.28648401509 -1.59811368081 -1.31514796322 0.0676346017604 1.67186135292 0.397469585486 -1.00787643657 -0.0111058042272 1.56498204405 0.837028270323 -0.221423050884 0.624468404241 2.36436029751 0.547148081572 -1.24483578565 -0.182237076703 2.40890174897 -0.0406112974207 -0.812603949676 -0.562855390779 0.868536069360 0.769840023916 1.78190860835 1.80397643317 0.350621762706 1.10987661932 1.41199095569 0.844818125561 2.11278223659 -0.213295318306 0.292850909754 0.274320631065 0.539277003457 0.801895012946 0.407333024182 0.349597542524 -0.683303010595 -1.14039678229 -0.169626002568 -2.18498101087 1.06507238175 -1.24374620679 0.549722898236 0.329594819604 0.554142511059
# mat_params[1]:
 8.84566735724 11.3917177561
# mat_params[2]:
 9.68458435010 13.2993153308
# mat_params[3]:
 6.77667475605 9.24040397491
# log_m_devs:
 0.0526319132068 -0.0526319132068
# log_slx_pars[1]:
 1.73315612117 -0.192324137512
# log_slx_pars[2]:
 1.85249367598 -0.317998732385
# log_ft_pars:
 -1.86635714022 -1.90817086966 -2.28440919754 -2.08507247693 -1.72249035734 -1.58148648010 -1.63023168644 -1.99483045806 -1.55701261747 -2.27081013871 -2.31043640652 -2.10796164594 -4.49214024329 -0.845233184939 -3.14683363875 -2.13853726457 -1.71368414139 -1.27512963124 -1.17341613366 -2.11974871459 -2.25780598936 -2.34075630168 -2.58489200254 -2.03760720377 -2.37442115663 -3.03535465703 -2.46759513827 -1.84968863836 -1.85584472094 -1.34116638332 -0.898952183014 -1.01255096743 -1.51815259340 -2.01216249487 -2.07538309881 -1.51629815004 -2.25831705753 -2.77479249965 -5.55561368518 -5.57087863465 -4.77293619845 -4.31925010203 -4.63229228135 -4.86622342218 -4.71030634954 -4.65848067377 -3.66166408739 -4.21169780827 -10.8649765080 -6.07033181345 -4.45174083047 -4.06797052052 -4.50578408233 -4.12380949590 -4.18904322289 -4.15456003105 -3.89543101767 -4.18335214063 -4.79607980049 -3.97195207263 -3.61102106823 -4.65873251731 -5.49347557440 -4.53695025894 -3.78955669308 -4.43315753463 -4.81760351892 -3.54408924022 -3.81714866503 -4.56047751194 -4.27471155252 -4.99231669331 -4.02391136552 -4.11768286618 -4.70644713614 -4.20814726172 -4.02551679449 -3.91482685766 -3.51343212415 -2.54326583518 -2.39786650991 -2.13986642161 -1.98730986532 -2.07343808063 -2.85632129019 -1.40282883281 -1.98515029001 -1.79468744270 -1.70587492533 -3.40585567444
