# Number of parameters = 198 Objective function value = -3481.05633447669  Maximum gradient component = 0.000388729275682278
# theta[1]:
-0.135413740203
# theta[2]:
8.51648307859
# theta[3]:
7.88708265698
# theta[4]:
8.33244910876
# theta[5]:
0.367134811183
# theta[6]:
4.00000000000
# log_rinit_devs:
 -0.0812010272560 -0.0411472586598 0.0887596722261 0.0541514437328 -0.0205628300432
# log_rbar_devs:
 0.886000018086 0.723809162628 0.533038500654 0.577955778891 0.442116482461 0.766196999952 0.428485868550 0.388886796189 0.397478195611 0.515105889976 0.483486748579 0.481720511762 0.591045218553 0.703489509012 0.958396062808 0.931937646222 1.11103013615 0.902940738824 1.08185758148 0.830497298401 0.798418664836 0.839682121493 0.734780762417 0.485258510970 0.550338214254 0.558657769060 0.418344811272 0.757461739642 0.268607800948 0.0268242344770 -0.196516239375 -0.0778173793787 -0.0566180559570 -0.502930530793 -0.725936995075 -0.915850022965 -1.19090125421 -1.28312818400 -1.38355396186 -1.53902348494 -1.59569748147 -1.72359031214 -1.76139111911 -1.81265719588 -1.72818947825 -2.23940332097 -2.37898305996 -2.60112161091 -2.12605393553 -0.655749917330 0.916586481317 -0.430434544183 -1.82014256230 -0.806352379863 0.772576521544 0.0644539738414 -0.962054620807 -0.112826045013 1.52453609786 -0.203356674287 -1.87965991528 -0.877893342058 1.64274198261 -0.720529810217 -1.44676802464 -1.16429741979 0.270294797436 0.171016170280 1.20232509115 1.22970640686 -0.165436015114 0.609671436705 0.972685984580 0.520573099423 1.79018422651 -0.216486645401 0.486897254019 0.614182742056 0.974339643331 1.26260143296 0.849966257207 0.800211776008 -0.0875030406445 -0.526808142877 0.442034611395 -1.53733676654 1.71884172426 -0.677601033969 1.02229198823 0.681764934666 0.416266114700
# mat_params[1]:
 7.03311665111 10.0222733027
# log_m_devs:
 -0.103360825410 0.0525437276205 0.0508170977892
# log_slx_pars[1]:
 1.57087845367 -0.271146385456
# log_ft_pars:
 -1.57117794428 -1.64155532909 -2.08496484392 -1.95649106132 -1.66855790999 -1.55281384102 -1.66484598530 -2.11186551842 -1.75474869866 -2.54896478134 -2.68691278767 -2.58751929194 -5.10675396622 -2.28957868905 -4.07208700722 -3.20147418398 -2.94203715264 -2.46102994691 -2.31098355422 -3.20960073428 -3.28716641575 -3.30339941172 -3.48654296419 -2.89930185144 -3.17209415675 -3.76252444530 -3.14114257282 -2.44593661793 -2.39745508760 -1.83732191117 -1.34328940355 -1.35941918621 -1.71635289633 -2.09155955013 -2.03155343987 -1.32660282008 -1.91391800709 -2.29514987233 -4.95963375018 -4.87927803789 -3.97577353411 -3.41699080817 -3.62128511838 -3.75519152599 -3.50079094977 -3.36797750706 -2.27963143067 -2.77459722237 -9.47300492153 -4.84698644155 -3.32331593018 -3.01058901422 -3.42761684007 -2.94032955545 -2.98473746434 -3.02963327138 -2.77816928152 -3.01708078961 -3.60070610941 -2.84611799791 -2.45020013682 -3.42765065822 -4.29964234047 -3.47539708998 -2.71955188278 -3.26953379369 -3.69468560205 -2.53977154115 -2.86843312294 -3.64673511228 -3.38781710619 -4.08061831125 -3.12668024763 -3.29623254607 -3.95786680689 -3.54814000842 -3.42339071639 -3.38319578352 -3.20150658395 -3.10969366915 -3.19987597057 -2.96292578798 -2.75226974426 -2.76237553386 -3.52586146464 -2.15438831974 -3.15616103928 -3.06436356388 -2.89856875692 -4.40424490597
