# Number of parameters = 201 Objective function value = -3478.91269531529  Maximum gradient component = 0.00122712027305170
# theta[1]:
-0.0419179003362
# theta[2]:
9.31184549841
# theta[3]:
7.92239198854
# theta[4]:
8.36669357258
# theta[5]:
0.344465731349
# theta[6]:
4.00000000000
# log_rinit_devs:
 -0.258266788789 -0.156685113142 0.0606949554548 0.110860971556 0.243395974920
# log_rbar_devs:
 1.45974276202 1.24780667415 0.991265746868 0.974127295027 0.791128766742 1.14949249897 0.710225557542 0.613819268859 0.569532892421 0.646992077185 0.561565007616 0.519040360295 0.606092813359 0.681304496959 0.901761663275 0.771086352511 0.872955237461 0.664408408052 0.903221552715 0.642284648819 0.628350014009 0.696289448423 0.593702644830 0.323750189751 0.412086105290 0.435129377355 0.290292236366 0.692623581459 0.157784924914 -0.0917062341117 -0.316996125895 -0.150485280446 -0.0982471966949 -0.575050115956 -0.793550197039 -0.973591534104 -1.25628133593 -1.33504378500 -1.42625718823 -1.58147600907 -1.62280522137 -1.74778019446 -1.77045617435 -1.80874918087 -1.68794996000 -2.22881285617 -2.35638987987 -2.56817995520 -2.08115992192 -0.611396015402 0.950768160042 -0.407077477569 -1.77098211593 -0.771988074604 0.788914810900 0.0865433224716 -0.943562480750 -0.0968810989979 1.52740704510 -0.186396052801 -1.82756317048 -0.866321784967 1.63438808539 -0.701864377764 -1.43279371198 -1.14756613247 0.272925853921 0.178186753232 1.19620323052 1.22025781695 -0.163780997388 0.613646276468 0.969447844412 0.524514060253 1.78458235479 -0.205145605377 0.486926244807 0.616425857668 0.975034862784 1.25490132062 0.834391621666 0.771250738704 -0.141301359717 -0.610166913491 0.317867863638 -1.66197866670 1.51450465127 -0.831817529081 0.843072724101 0.539735127324 0.439792681897
# mat_params[1]:
 7.10907033271 10.0803617292
# mat_params[2]:
 6.44624741519 9.17701942296
# log_m_devs:
 -0.0457330614398 0.0457330614398
# log_slx_pars[1]:
 1.57374194881 -0.258308534220
# log_slx_pars[2]:
 1.74420768782 -0.395852115188
# log_ft_pars:
 -2.02775340163 -2.07017296753 -2.46558368710 -2.27948544309 -1.93799649290 -1.79549594569 -1.86885917145 -2.25758844098 -1.84245353379 -2.56929008318 -2.64813089445 -6.97476825617 -4.98580488695 -6.92532067058 -3.90221269514 -2.96878660173 -2.63655958920 -2.19675125203 -2.08533712715 -3.00966594367 -3.11325712978 -3.15181233515 -3.35312844062 -2.77545698440 -3.05509692680 -3.65365668299 -3.03886187366 -2.36084156263 -2.32347340464 -1.76530110257 -1.26114712826 -1.27531055714 -1.65099922567 -2.04354662243 -1.99442799911 -1.29093836054 -1.88129091388 -2.26796650962 -4.94006697132 -4.86611782907 -3.97003580889 -3.41843713912 -3.63226724436 -3.77621225902 -3.53644923960 -3.41592592626 -2.33833057189 -2.84007188984 -9.54553863454 -4.93002194006 -3.40452584333 -3.08414543282 -3.49969870739 -3.01872161696 -3.06000955790 -3.09646060884 -2.84088245533 -3.08184393211 -3.65837465057 -2.89603483182 -2.49939643716 -3.48278196269 -4.34896964783 -3.51350078631 -2.75455705861 -3.31217987448 -3.74481196817 -2.58911856199 -2.91207205206 -3.68422058999 -3.42134074000 -4.11681367401 -3.16639727776 -3.33682049870 -3.99819961708 -3.58508402033 -3.46045331003 -3.42499456727 -3.24491079331 -3.15049438035 -3.23586701579 -2.99379549710 -2.77657545523 -2.77824535034 -3.52266992355 -2.12165335015 -2.15203218378 -1.89901056101 -1.74099364967 -3.33062900319
