# Number of parameters = 206 Objective function value = -3697.22603016519  Maximum gradient component = 0.000350301838175123
# theta[1]:
-0.221634131124
# theta[2]:
8.68071580566
# theta[3]:
7.69067963260
# theta[4]:
8.05615976734
# theta[5]:
1.06547933743
# theta[6]:
4.00000000000
# log_rinit_devs:
 -0.106063551650 -0.0628767430676 0.0691416299729 0.0311911601804 0.0686075045643
# log_rbar_devs:
 1.21194827568 1.01639262898 0.787119636233 0.810954319005 0.651653863215 0.979788991122 0.587597208640 0.501805241619 0.477920633583 0.550726664730 0.487342528836 0.455941111372 0.554312054566 0.645040904405 0.860665065039 0.747545491328 0.831418183556 0.624294132549 0.849087793581 0.627261855005 0.636885117751 0.722065450149 0.653247781563 0.431083540876 0.548362457833 0.604147824784 0.500522536043 0.893010445875 0.393488713790 0.138570103160 -0.0864049386760 0.0827618452508 0.147679224159 -0.297731729357 -0.497496116870 -0.643839712144 -0.864561208694 -0.879177737984 -0.905254668631 -1.00520630882 -0.993951021688 -1.08336726283 -1.07925260374 -1.09288378418 -0.991377530402 -1.55722218518 -1.75622094238 -2.05951806067 -1.71067082200 -0.312332006804 1.19862265934 -0.0522576609214 -1.47784560985 -0.475812583917 1.11488456720 0.381772792794 -0.677979288438 0.178954792844 1.90345748586 0.0676342672507 -1.70157929485 -0.648311690891 1.97230511092 -0.510133132425 -1.26675034607 -1.00148640604 0.453650872530 0.333113603367 1.35760985836 1.38434088934 -0.0640567771484 0.711801842644 1.04511043930 0.507035454779 1.93146036109 -0.395912381730 0.174573077059 0.0206864829753 0.0464580258835 -0.0470848960921 -0.435435785069 -0.479698659771 -1.33563277034 -1.72677171025 -0.708673345999 -2.60372296136 0.662847233785 -1.78581877332 -0.0139623463118 -0.289539285821 0.0579729060712
# mat_params[1]:
 7.80821918386 10.4668100929
# mat_params[2]:
 8.04205440278 10.8433554027
# mat_params[3]:
 7.02664119447 10.1425918976
# mat_params[4]:
 5.23617190268 7.72223848280
# log_m_devs:
 0.193061669189 -0.242686490494 0.0496248213048
# log_slx_pars[1]:
 1.45397045860 0.108316925568
# log_slx_pars[2]:
 1.63752477854 -0.299362036687
# log_ft_pars:
 -1.80186727424 -1.87435532617 -2.24135397377 -2.06643317942 -1.73880872191 -1.69165413427 -1.74958469196 -2.11726315926 -1.71585087516 -2.50836300523 -2.61654268150 -4.16779913231 -4.99994315385 -2.48688738273 -3.98376254578 -3.04491504987 -1.98686652654 -1.54257456672 -1.41704205809 -2.34002538792 -2.46601244795 -2.52700681951 -2.75443905652 -2.20479784997 -2.51849902790 -3.15306008157 -2.57384976564 -1.91697144873 -1.90629299139 -1.37554655932 -0.878320104230 -0.878093054734 -1.25341529436 -1.66816274690 -1.65315521110 -0.966795316230 -1.57358338997 -2.00990425276 -4.74447023449 -4.73190423332 -3.89647993843 -3.40146655354 -3.66453072653 -3.84875678308 -3.63551898238 -3.53566309891 -2.46171792704 -2.95040705956 -9.57213846568 -4.73025234979 -3.00171365562 -2.71902559162 -3.21046678181 -2.77572830511 -2.75067371857 -2.77921987025 -2.57165672754 -2.82927779245 -3.36151183931 -2.61202832375 -2.29062628648 -3.30293873435 -4.05810440664 -3.20468921046 -2.51550362603 -3.11167948229 -3.44330738546 -2.19073011295 -2.44841467757 -3.21342673434 -2.98612446061 -3.70627173195 -2.71994997061 -2.84290812056 -3.47773955750 -3.07951646593 -2.96317723642 -2.83585097761 -2.39216429330 -1.94111545981 -2.04657354807 -1.88389079902 -1.76306090975 -1.86983142445 -2.71355764854 -1.36244283390 -2.02680917736 -1.75888885044 -1.53017348126 -3.05227344520
