# Number of parameters = 205 Objective function value = -3599.94701084922  Maximum gradient component = 0.00109791701490569
# theta[1]:
-0.0315341109275
# theta[2]:
7.94552284760
# theta[3]:
9.10969094318
# theta[4]:
9.47385995364
# theta[5]:
0.620006517604
# theta[6]:
4.00000000000
# log_rinit_devs:
 0.179168299024 0.0972106903019 0.113037247088 -0.0978604141839 -0.291555822230
# log_rbar_devs:
 -0.451255058242 -0.538857454080 -0.651011773778 -0.403294249295 -0.398948244885 0.207329078465 -0.0332269218259 0.0959166013997 0.279185182338 0.510539554648 0.460812717425 0.351526432141 0.317725377344 0.390642700697 0.643718055575 0.709711014745 1.04426294762 0.812139845860 1.07393868511 0.768449495016 0.734283963375 0.795941779801 0.672032516371 0.355927010448 0.447447232390 0.464450226472 0.301646819731 0.765128373393 0.199596582351 -0.0126902065461 -0.171158125768 0.115701098114 0.242217938137 -0.235676820180 -0.399684296509 -0.519748824852 -0.788848199616 -0.864733824550 -0.968867290523 -1.15648645466 -1.20233021130 -1.35171970943 -1.38306945235 -1.42715940328 -1.29165372258 -1.87713619419 -1.99453326521 -2.21958742147 -1.72796689733 -0.261198810126 1.35034615916 -0.0143510928151 -1.37832505231 -0.381785168097 1.20191609081 0.475174848782 -0.575929382094 0.265988365764 1.97276912174 0.202430603286 -1.49310232786 -0.521058910992 2.03102969706 -0.362112382441 -1.12501926953 -0.861396529339 0.553506895997 0.466689196537 1.48291221960 1.50918561774 0.0895610466482 0.863487000479 1.17478929711 0.675465827953 1.96326441609 -0.233517849772 0.334278906911 0.345605736535 0.614390444472 0.848925626393 0.441263998096 0.391478039215 -0.596541477834 -1.06759077939 -0.108654191517 -2.12725696845 1.10889084065 -1.19709087723 0.568004235504 0.336833845446 0.346115785307
# mat_params[1]:
 8.04717985085 10.6653991352
# mat_params[2]:
 8.47615317554 11.4328835879
# mat_params[3]:
 6.77202794145 9.17358284013
# log_m_devs:
 -0.129647979457 0.129647979457
# log_slx_pars[1]:
 1.51179121012 0.128027694788
# log_slx_pars[2]:
 1.71833641793 -0.287855767160
# log_slx_pars[3]:
 1.86739137777 -0.319001224329
# log_ft_pars:
 -1.36765363509 -1.57613365111 -2.08387406292 -2.08022805225 -1.93423327790 -2.12206428634 -2.38978162871 -2.96605047182 -2.77670084137 -3.75856211951 -3.98509775028 -0.329877422214 -6.16431082536 -0.106505420829 -5.00002602976 -4.24411672141 -3.13455416095 -2.67307556939 -2.54894695388 -3.46057723232 -3.54267959612 -3.56117424389 -3.73407606332 -3.13779315197 -3.40635404895 -3.97907619189 -3.33817537030 -2.66002540880 -2.63068699253 -2.11200962938 -1.68001373162 -1.76029133461 -2.18914755990 -2.62714461181 -2.63953697839 -2.01972707190 -2.66573848877 -3.06380216792 -5.71478196486 -5.60766589682 -4.68858586313 -4.11971795740 -4.30969772365 -4.44012850232 -4.19532676271 -4.06633943813 -3.00383885984 -3.51767566189 -10.1885593047 -5.50488473233 -3.97340066540 -3.65785433732 -4.15870725303 -3.76446858894 -3.74319622115 -3.71942149962 -3.50500818416 -3.79445730480 -4.32558854858 -3.53157880450 -3.21992550465 -4.27864273476 -5.02557828668 -4.09940775887 -3.41063616551 -4.06754297915 -4.41044533752 -3.13546916292 -3.41994462292 -4.18495744419 -3.94405090402 -4.68319174180 -3.70710460018 -3.82087483503 -4.43326489033 -3.99004072468 -3.86599201688 -3.79067869954 -3.42604023765 -2.40657457601 -2.30681994634 -2.06808642486 -1.91934447064 -2.00785783546 -2.79440285536 -1.34833122933 -1.93131451953 -1.73192883287 -1.63136083123 -3.32675893887
