# Number of parameters = 202 Objective function value = -3651.87623600579  Maximum gradient component = 0.000109203605577345
# theta[1]:
-0.159194843935
# theta[2]:
8.78832453413
# theta[3]:
7.78718299494
# theta[4]:
8.14710361191
# theta[5]:
1.15632634547
# theta[6]:
4.00000000000
# log_rinit_devs:
 -0.0888513084572 -0.0303631612274 0.101348499772 0.0344547144389 -0.0165887445261
# log_rbar_devs:
 1.22781545261 1.05269975219 0.839812254435 0.840571276997 0.666734503337 0.955608588231 0.580553399561 0.497526699661 0.483462741706 0.569565143284 0.509758043695 0.455536819536 0.505001402591 0.562398240245 0.773064857140 0.693937717827 0.794724733756 0.602249766754 0.803846606579 0.593105493226 0.595009808506 0.667820295345 0.598842965432 0.386741162391 0.489081188404 0.537340799705 0.439363344078 0.796794407956 0.331378004329 0.0921930693594 -0.119425610288 0.0346782886798 0.0949090178168 -0.314721424695 -0.493214671819 -0.624161386442 -0.828372695413 -0.840753603140 -0.863258338588 -0.954222031296 -0.941035576135 -1.02315523399 -1.01840257688 -1.02865944105 -0.936053778323 -1.47453062789 -1.67249759220 -1.98183753236 -1.65888271571 -0.265620666099 1.26621106695 0.0149030696593 -1.41285923351 -0.413280183176 1.17728939991 0.444316559078 -0.611645692162 0.240430326507 1.96337051438 0.130242194981 -1.65104503867 -0.596495170383 2.01550549809 -0.468221173273 -1.22553372522 -0.968620794041 0.487298616120 0.371546421679 1.39687598832 1.42223043516 -0.0244713741773 0.745840854555 1.08139951986 0.540973322063 1.97627947509 -0.362250842657 0.202667950807 0.0318985924900 0.0416298695912 -0.0601973686992 -0.457478291691 -0.519445786098 -1.43770072807 -1.87533600528 -0.901218933601 -2.85564235464 0.325735529202 -1.91545778482 -0.0378420700736 -0.143191186564 0.0279681892540
# mat_params[1]:
 8.06544164536 10.7928623124
# mat_params[2]:
 7.20487089739 10.3494421057
# mat_params[3]:
 5.20642696408 7.72679923924
# log_m_devs:
 0.111964397633 0.151934017331 -0.263898414964
# log_slx_pars[1]:
 1.63052073134 -0.228380582637
# log_ft_pars:
 -1.30882649767 -1.37625160105 -1.79970283650 -1.64528543215 -1.31835491144 -1.17552624335 -1.24654221746 -1.64895527716 -1.24831809973 -2.01043767053 -2.12610081714 -1.86522894415 -4.47626178294 -1.07260173996 -3.31783902952 -2.41980388355 -2.11215391378 -1.65047800017 -1.51941119243 -2.44221380071 -2.55738041555 -2.61408047084 -2.83667667336 -2.27592364581 -2.58692830097 -3.22367382863 -2.64038679063 -1.98502037395 -1.96215819344 -1.41227935412 -0.913553656988 -0.940803947375 -1.34136158340 -1.75500480088 -1.73306489113 -1.06179420571 -1.69729483302 -2.14998580839 -4.89425724992 -4.88615602973 -4.05664798039 -3.56801737987 -3.84338865933 -4.03070160519 -3.81349045276 -3.70748451132 -2.63362243670 -3.12069986485 -9.75193364807 -4.97447528490 -3.33120549837 -2.97379473632 -3.38163236346 -2.92323927763 -2.99627175710 -3.01471161266 -2.75393762289 -2.99936213516 -3.62651773225 -2.84078015699 -2.44716161239 -3.42472826728 -4.29619900999 -3.41698357642 -2.65295388915 -3.20686390708 -3.58877683300 -2.37641906865 -2.68359702767 -3.44270520782 -3.16051472904 -3.84905134932 -2.88224770859 -3.00428357743 -3.69437415635 -3.25896184703 -3.09773385439 -2.94963244210 -2.50984456031 -2.06101881441 -2.14682989082 -1.95585491301 -1.80753159273 -1.88014363988 -2.69072556538 -1.29935198096 -1.93332567733 -1.81082233014 -1.72969237433 -3.42349469944
