# Number of parameters = 205 Objective function value = -3607.14995183095  Maximum gradient component = 0.000577949040890843
# theta[1]:
-0.373135452103
# theta[2]:
7.38134192801
# theta[3]:
6.42551125820
# theta[4]:
6.94979462804
# theta[5]:
0.660523324177
# theta[6]:
4.00000000000
# log_rinit_devs:
 0.149361168785 0.118835750411 0.119438875493 -0.0450434559982 -0.342592338691
# log_rbar_devs:
 1.44074361767 1.26013927891 1.07770002285 1.09807202793 0.928383502521 1.18457359698 0.793640284655 0.702806644997 0.665656572850 0.749634580220 0.679499484564 0.618542798108 0.677678388166 0.722438182993 0.898571850460 0.809328762002 0.829493286787 0.623681796962 0.775589561804 0.562230015705 0.577757413633 0.667113986671 0.619715914364 0.436010711736 0.555937643762 0.639104540475 0.578292024769 0.962543832557 0.544228004582 0.312750377006 0.0305583892401 0.0566733050669 0.0328081184747 -0.420825845721 -0.710324903125 -1.04291919322 -1.43749530620 -1.54441071636 -1.57560020495 -1.62530815574 -1.59193042479 -1.64936751421 -1.62889412705 -1.63339655563 -1.51403764199 -2.04146654001 -2.28383035962 -2.61497112576 -2.20071612805 -0.718053223345 0.722362169561 -0.507555020487 -1.92863245943 -0.917542075264 0.655516700410 -0.0674293145147 -1.11110627547 -0.229011686989 1.43254270567 -0.365119233281 -2.11705745219 -1.02633088350 1.57250243573 -0.831522001658 -1.55107751743 -1.24047245401 0.242139312717 0.103382457608 1.13615335993 1.16237933238 -0.257695794478 0.520781046184 0.898579186857 0.419071011079 1.71685342631 -0.311554966121 0.420467377673 0.573143463353 0.954122980208 1.25816806850 0.833502624385 0.779868174771 -0.155046509671 -0.620006593646 0.349185066703 -1.77085554112 1.45209127882 -1.02761458738 0.803123386572 0.632863597566 0.518480649944
# mat_params[1]:
 7.20291856264 10.1029961905
# mat_params[2]:
 7.17364354710 10.5207257731
# mat_params[3]:
 5.05718507500 7.62449144447
# mat_params[4]:
 4.85331419792 7.18964376168
# log_m_devs:
 0.00431670261694 -0.00431670261694
# log_slx_pars[1]:
 1.39202839155 -0.394216131839
# log_slx_pars[2]:
 1.61033685105 -0.378339538070
# log_ft_pars:
 -1.07827061732 -1.15167242301 -1.57779883519 -1.43464504671 -1.11657613641 -0.966101181955 -1.02698137191 -1.40964232021 -0.988425173747 -1.76033623470 -1.91154847542 -0.928911242109 -4.20478266622 -0.837542511436 -3.07097134257 -2.21066160252 -1.88502157389 -1.41311067675 -1.23158036405 -2.13682214268 -2.26396903872 -2.33833411058 -2.59156543099 -2.05349825575 -2.37686472408 -3.05045990559 -2.50924353858 -1.86722442961 -1.87401179764 -1.31872764983 -0.770581977484 -0.708423149633 -1.01260220652 -1.37117895083 -1.28343766817 -0.450598870429 -0.861887878607 -1.17828087656 -3.90728097901 -3.95218778845 -3.15687288525 -2.68961744915 -2.98312423039 -3.19145191287 -2.99867169373 -2.91606236504 -1.80150970239 -2.26412270717 -8.93003365926 -4.20465370298 -2.50160232758 -2.21926359312 -2.58046090009 -2.06009961793 -2.14267054342 -2.25177740019 -1.95185618994 -2.15283896122 -2.78992220350 -2.09604162618 -1.60593116195 -2.54075798036 -3.50410365572 -2.79506114703 -1.96826030904 -2.47672795702 -2.97527203529 -1.87284656865 -2.13876648679 -2.92881615420 -2.68063935156 -3.34895218860 -2.41356615579 -2.60318540924 -3.23154945850 -2.87308866414 -2.71789656834 -2.68485733391 -2.54333822043 -2.46870429814 -2.56604210756 -2.31349568869 -2.09719985293 -2.07742919098 -2.82873262213 -1.46910333529 -1.63258752976 -1.48729885821 -1.36413729264 -2.94756462117
