# Number of parameters = 208 Objective function value = -3693.57036830848  Maximum gradient component = 0.000342098182744276
# theta[1]:
-0.295502116545
# theta[2]:
6.94278011068
# theta[3]:
6.83552349532
# theta[4]:
7.38746477409
# theta[5]:
0.498705578632
# theta[6]:
4.00000000000
# log_rinit_devs:
 0.256084961744 0.134658514936 0.100396810105 -0.0686198216856 -0.422520465100
# log_rbar_devs:
 0.772963288547 0.587582285523 0.403697421230 0.502071514933 0.399914672105 0.724592138513 0.381808928174 0.355429171865 0.389638760584 0.521827597475 0.536038942415 0.503983769799 0.504530637345 0.594725255014 0.697184409945 0.733347833813 0.926800382952 0.726136553090 0.894633165658 0.664913281450 0.660922045192 0.731372737291 0.658261258612 0.439462615581 0.530880191298 0.581921669205 0.490479299653 0.862338992916 0.426670842385 0.202442161628 -0.0627364344801 -0.00931204051761 -0.0132308058353 -0.449586901615 -0.685162059955 -0.947998984755 -1.28573612948 -1.37767950461 -1.42605858320 -1.51139230546 -1.50460696508 -1.59224222932 -1.59761666115 -1.62748526076 -1.52492472273 -2.06243739393 -2.26473948207 -2.54414876338 -2.08455205876 -0.648471163759 0.798425710452 -0.464144893381 -1.90584952440 -0.880103635568 0.716724138738 -0.00955552439351 -1.05261699041 -0.187578146942 1.50236667197 -0.317921598780 -2.06318339172 -0.930791263059 1.71813802882 -0.735628300492 -1.44838878892 -1.13984427294 0.338837376446 0.208477101954 1.25886547236 1.29381166630 -0.139109448887 0.651526414493 1.02600158335 0.548766350130 1.85416834955 -0.229439834067 0.479858830231 0.604602750102 0.987808665263 1.33492824039 0.901446443495 0.863177263518 -0.0399463664356 -0.481002700883 0.524181254624 -1.51165306114 1.76605929850 -0.653964662976 1.16329160915 0.916621858334 0.546183953887
# mat_params[1]:
 7.06074100650 10.0604934739
# mat_params[2]:
 7.31025950585 10.5482071968
# mat_params[3]:
 5.80287594676 8.70871822804
# mat_params[4]:
 5.60404674687 8.05141137147
# log_m_devs:
 -0.148488891983 0.0396615687783 0.108827323204
# log_slx_pars[1]:
 1.05607267095 -0.558713723541
# log_slx_pars[2]:
 1.34309875933 -0.557844410562
# log_slx_pars[3]:
 1.70002181937 -0.220015623445
# log_ft_pars:
 -1.30464751201 -1.38426485619 -1.78610395858 -1.67510134711 -1.40235120472 -1.38207644018 -1.47939517914 -1.90508380124 -1.57317345955 -2.45375792977 -2.66552550451 -0.961731447862 -4.95349650969 -0.784802254297 -3.81858060206 -3.00566543814 -2.34950018727 -1.88401208182 -1.72794599037 -2.64955395293 -2.75225330199 -2.80192090059 -3.03025682037 -2.46449978342 -2.75478029640 -3.39511602233 -2.82143858543 -2.15838352463 -2.15421116592 -1.57306199480 -1.02380962012 -0.997904955622 -1.34786188426 -1.72685520108 -1.63847441065 -0.860595800875 -1.37703459036 -1.74650840455 -4.46285422641 -4.46254754257 -3.62901505937 -3.13348692007 -3.40381891857 -3.57983036639 -3.34895439806 -3.24771192030 -2.12012144121 -2.57882440027 -8.53618483229 -3.63705624598 -1.68825570102 -1.45254794293 -2.08099153338 -1.78504229102 -1.65858403293 -1.62305101826 -1.43033231776 -1.78489095613 -2.22371242510 -1.43368377082 -1.16584126453 -2.35674172644 -3.08287203481 -2.19380237889 -1.57976616510 -2.36755844271 -2.79722780195 -1.47521555336 -1.55821065730 -2.30545976385 -2.16099401093 -3.00455135952 -2.07618409205 -2.21922308108 -2.75189472668 -2.38462185322 -2.35230549971 -2.40258071256 -2.16471442218 -1.96782874683 -2.03331780003 -1.85570719023 -1.71806614749 -1.79903277009 -2.60345464257 -1.22190514147 -1.89916884247 -1.71997421340 -1.58179744441 -3.19062221376
