# Number of parameters = 203 Objective function value = -3664.83081156672  Maximum gradient component = 4.99143302422859e-005
# theta[1]:
0.00644382893246
# theta[2]:
10.0168920534
# theta[3]:
8.80795836981
# theta[4]:
9.16561104973
# theta[5]:
1.18185951508
# theta[6]:
4.00000000000
# log_rinit_devs:
 -0.218889153308 -0.132764860251 0.0663336232143 0.0667836256818 0.218536764663
# log_rbar_devs:
 1.32965921514 1.12769215160 0.875278128811 0.873289758679 0.692520249591 1.03814172343 0.628812645862 0.533111528566 0.521975203992 0.608890338363 0.535502431079 0.476449165803 0.535798149566 0.588966828272 0.794525587139 0.663441377363 0.757600273365 0.566186061784 0.815471314136 0.581905731959 0.579297226419 0.658104313699 0.578992453645 0.329988420656 0.434555461988 0.478943290539 0.364244762436 0.765968238049 0.271311269269 0.0666860564047 -0.0827268870465 0.175359796467 0.299606497596 -0.102654244510 -0.228314439606 -0.306284007887 -0.501491376648 -0.516549840033 -0.555554781487 -0.678988466439 -0.675896624702 -0.781387650617 -0.782504020065 -0.773517512420 -0.649801198806 -1.24507983329 -1.49087071616 -1.90467265526 -1.73899620228 -0.342308578135 1.22597943453 -0.0236185924316 -1.42512493220 -0.431149180093 1.14146311275 0.421079369190 -0.625978880069 0.210048488600 1.93304986737 0.121501724247 -1.65705195980 -0.620977065077 1.96140972009 -0.486059783152 -1.25561492285 -1.01662471022 0.411810913526 0.316578057861 1.32329792865 1.34523340441 -0.0891506112714 0.669574229901 0.982167389238 0.422987387327 1.79805771182 -0.587282643002 -0.105326226930 -0.275900660054 -0.226869054140 -0.251978330261 -0.612576366778 -0.656347630126 -1.59105151891 -1.99996117804 -0.983534295832 -2.90550319791 0.382846134522 -2.06580095637 -0.322770288743 -0.651920050550 0.0104115445050
# mat_params[1]:
 8.28845202101 10.6538511646
# mat_params[2]:
 8.52212584209 11.9035636101
# mat_params[3]:
 6.13530975044 8.83231134474
# log_m_devs:
 0.171193850586 0.0571877453910 -0.223427520996 -0.00495407498051
# log_slx_pars[1]:
 1.75390266477 -0.203262083081
# log_ft_pars:
 -1.54578251801 -1.60925197440 -2.01281160954 -1.84183546254 -1.50275911720 -1.37996331677 -1.45271835327 -1.84719040099 -1.44736659514 -2.19951768321 -2.28927972584 -4.33738954869 -4.63048476348 -1.71496561670 -3.49542846291 -2.55544417660 -2.22348696301 -1.77814203078 -1.68254567797 -2.61350443934 -2.72339573787 -2.77963073934 -2.99225225610 -2.41747972159 -2.72270742804 -3.34707270023 -2.74600112594 -2.10863037750 -2.08209606092 -1.54478835455 -1.09683196636 -1.20147303181 -1.67453866048 -2.11906162577 -2.13131890222 -1.52753149667 -2.21181123839 -2.67188028297 -5.39672726948 -5.35727264241 -4.50523464544 -3.99662529042 -4.25625441233 -4.43521022793 -4.21883807912 -4.10150821142 -3.02889434463 -3.49339698431 -10.0536412606 -5.26409648873 -3.59778354839 -3.23911082719 -3.71590927092 -3.36644683169 -3.39988209183 -3.36004985515 -3.11770955189 -3.42631899814 -3.99671034899 -3.17172257608 -2.83503260811 -3.91849092849 -4.69980478676 -3.72671847792 -2.99826796904 -3.68003886093 -4.05762702406 -2.74830689524 -2.97664137171 -3.71841641533 -3.45629497177 -4.20012884954 -3.24045779234 -3.33812125463 -3.94960123516 -3.48590168978 -3.33760136077 -3.24101367523 -2.77517838620 -2.27458541037 -2.28154117756 -2.07443730577 -1.93890478475 -2.03852860814 -2.86619722730 -1.47942981910 -2.18438933424 -1.87554116244 -1.64816198245 -3.18539741169
