# Number of parameters = 203 Objective function value = -3576.91067474575  Maximum gradient component = 0.000326392873175839
# theta[1]:
-0.0189086171406
# theta[2]:
9.08805303693
# theta[3]:
8.82936780348
# theta[4]:
9.11517308569
# theta[5]:
0.888319571689
# theta[6]:
4.00000000000
# log_rinit_devs:
 -0.0901696864394 -0.0604380692226 0.0904885178740 -0.00427941395805 0.0643986517461
# log_rbar_devs:
 0.633696829972 0.465075621898 0.251272875669 0.342639171747 0.217069051955 0.698667800450 0.336245912468 0.337330649465 0.424146377663 0.602346248253 0.588400194560 0.609039404819 0.758530042936 0.860696602947 1.09579580781 0.916258114702 0.938174857488 0.726385838240 0.996414205765 0.699203862916 0.673815621600 0.745116967593 0.634230120438 0.332749106050 0.435690106613 0.467885996684 0.320595174194 0.797229369205 0.240216319058 0.0346568989735 -0.123779305694 0.159578199747 0.284769884572 -0.191071165705 -0.356757635192 -0.481670922687 -0.753346370302 -0.831973366783 -0.937472970146 -1.12355762381 -1.17201712785 -1.32076730750 -1.35416771704 -1.40019404392 -1.27001881745 -1.84616624287 -1.96523432105 -2.18802816382 -1.69766140344 -0.233541867478 1.36991937659 0.0157038027228 -1.34277750879 -0.354462823539 1.22146634023 0.495808813824 -0.556540209051 0.283485515460 1.98439646041 0.206648361562 -1.48771186436 -0.530210752022 2.01725713899 -0.380643752405 -1.14533075529 -0.886428102821 0.527777973792 0.440747236795 1.45460329005 1.47727576215 0.0543186879334 0.823943659143 1.13492613229 0.613579812527 1.95017486354 -0.322905102320 0.182694917863 0.0721051765005 0.166165403748 0.179557009733 -0.211113453790 -0.279682693706 -1.25209881192 -1.70118113126 -0.741704428056 -2.69650629077 0.483533207953 -1.73664568999 0.0568666699771 -0.111807164203 0.148298056773
# mat_params[1]:
 7.96773518778 10.2688584439
# mat_params[2]:
 8.27437233015 11.2604869072
# mat_params[3]:
 6.38888979954 9.08939152271
# log_m_devs:
 0.0923395713401 -0.0923395713401
# log_slx_pars[1]:
 1.70169352743 -0.206992505764
# log_slx_pars[2]:
 1.79558858458 -0.251377680279
# log_ft_pars:
 -1.13923800965 -1.26437169083 -1.73034812096 -1.62039503447 -1.33881820000 -1.30404639626 -1.46676628981 -1.95263713837 -1.63983891129 -2.49336150626 -2.67561454506 -1.96916252152 -5.15310970856 -1.21916584541 -4.15169599963 -3.26772593084 -2.95127281693 -2.50087378792 -2.38288894724 -3.29243493192 -3.37676805031 -3.40411809375 -3.58907329672 -2.99713696177 -3.27416999514 -3.86596237322 -3.24314143234 -2.59642265572 -2.57298083003 -2.04930829559 -1.61342496501 -1.70966208776 -2.15791669403 -2.58980165496 -2.58657460601 -1.95897277461 -2.60169650008 -2.99980577893 -5.65263240673 -5.54690309325 -4.62867829937 -4.05995233234 -4.25606380287 -4.38577294731 -4.13802706203 -4.00157578774 -2.93287103784 -3.44071692506 -10.1325223764 -5.52252504012 -4.04115402888 -3.65921386566 -4.08000431790 -3.65545906047 -3.72118916249 -3.70011140974 -3.43647389325 -3.70703171487 -4.31933733257 -3.49985729845 -3.11969436828 -4.13903824246 -4.98645931605 -4.04953725309 -3.29034284866 -3.89704898146 -4.29159001075 -3.05996714301 -3.37709022140 -4.13147735090 -3.84179839043 -4.54967883228 -3.58808531226 -3.70151846617 -4.36138193254 -3.88914589938 -3.72102972652 -3.59802064943 -3.17224815276 -2.36956915342 -2.34204415917 -2.11747515206 -1.96566835656 -2.05086523228 -2.84572060203 -1.41242891633 -1.98812133690 -1.80809197321 -1.72591046690 -3.43560531515
