# Number of parameters = 210 Objective function value = -3728.48212854154  Maximum gradient component = 0.000583422427871754
# theta[1]:
-0.295267174879
# theta[2]:
8.33253481606
# theta[3]:
7.26774049152
# theta[4]:
7.64295207805
# theta[5]:
0.904281569070
# theta[6]:
4.00000000000
# log_rinit_devs:
 -0.0663354121532 -0.0405307781665 0.0690687612816 0.0269169999392 0.0108804290990
# log_rbar_devs:
 1.31384247743 1.11923073858 0.897699065007 0.915396090458 0.757882617724 1.05414428165 0.664482386193 0.569234847976 0.528391171879 0.580911923807 0.517307439639 0.498161891461 0.615252899681 0.719974474148 0.944573978764 0.843488241178 0.919466147950 0.715969530781 0.906294319056 0.681018314604 0.680745262549 0.755638270893 0.681231900612 0.458002010975 0.556107679081 0.606332805151 0.509197792341 0.888352452886 0.434683495897 0.202468146002 -0.0404867236795 0.0691182486274 0.105252985991 -0.319357358092 -0.529741667600 -0.722552235996 -0.989565418947 -1.03935361473 -1.07939431591 -1.17832831281 -1.17721763332 -1.27288552560 -1.28248480227 -1.31494033606 -1.22568769301 -1.78037055612 -1.97682250275 -2.25460116034 -1.83517725911 -0.421597115713 1.05705470744 -0.200553598363 -1.63955542970 -0.623069254042 0.982720629434 0.252494247859 -0.799000100787 0.0539311676351 1.77420309866 -0.0603636600198 -1.82254790991 -0.728677327530 1.91988194345 -0.569408650822 -1.30870046386 -1.03205141654 0.435814654503 0.306522711848 1.34510251637 1.37467395639 -0.0772876956414 0.704578390208 1.05205682409 0.526131772734 1.92476943027 -0.340815813062 0.259251767573 0.149505237774 0.206433484983 0.136435463962 -0.256899581113 -0.305485048104 -1.13853276917 -1.51824969292 -0.498255020657 -2.38872437852 0.877958107123 -1.58081885457 0.195978765622 -0.0660591529702 0.150267283430
# mat_params[1]:
 7.58747874425 10.3747488202
# mat_params[2]:
 7.73789362742 10.7165164811
# mat_params[3]:
 6.44066574230 9.42723277270
# mat_params[4]:
 4.99709107208 7.40878735039
# log_m_devs:
 0.185330904679 -0.248552705318 0.0632218006388
# log_slx_pars[1]:
 1.29621802512 -0.000838246111222
# log_slx_pars[2]:
 1.45041242285 -0.448829716552
# log_slx_pars[3]:
 1.76091919241 -0.185250567461
# log_slx_pars[4]:
 1.58489787187 -0.354415894379
# log_ft_pars:
 -1.82279824738 -1.88884012577 -2.25308450882 -2.07740897583 -1.74836624021 -1.68736916642 -1.73403870090 -2.09077215118 -1.67804536712 -2.45871074632 -2.56356049418 -5.26679602095 -4.97120034768 -5.26202518742 -4.00389940843 -3.06518744746 -2.33465224753 -1.87907637781 -1.73964614650 -2.66035134726 -2.76834791644 -2.81678671001 -3.04249105930 -2.48083346973 -2.77403168832 -3.40727377165 -2.83219001475 -2.17708452961 -2.17375044906 -1.61398314438 -1.08692564075 -1.09055098977 -1.47282287991 -1.87819474155 -1.82007067062 -1.09482991718 -1.67935555446 -2.09119070952 -4.81270906234 -4.79843291228 -3.95636463286 -3.45518263620 -3.72097846659 -3.89051032301 -3.65172354655 -3.54430234630 -2.43467301175 -2.89422553318 -8.77520175916 -3.88705852360 -2.01158565964 -1.71776894631 -2.29758862065 -2.01171113149 -1.94776681084 -1.89196446492 -1.67497130647 -2.03185967169 -2.51863637576 -1.69829770670 -1.40990516994 -2.59428938450 -3.34243867227 -2.38929725906 -1.72136901885 -2.50025106564 -2.92264744363 -1.57127311581 -1.66333448907 -2.39816117803 -2.20681937415 -3.02535928410 -2.09482884330 -2.20936045286 -2.76630985165 -2.36633750450 -2.29796559840 -2.30167264935 -1.93437228187 -1.93244413500 -2.05254331175 -1.88610263059 -1.75477340701 -1.85484184709 -2.69602934451 -1.36068997153 -2.03455185338 -1.80080281238 -1.57044121585 -3.07761580875
