# Number of parameters = 203 Objective function value = -3689.76226506021  Maximum gradient component = 0.000313106438914338
# theta[1]:
-0.362736488123
# theta[2]:
8.11269134772
# theta[3]:
6.80292685087
# theta[4]:
7.25699814800
# theta[5]:
0.579233082157
# theta[6]:
4.00000000000
# log_rinit_devs:
 -0.0436639417293 -0.0143570107800 0.0823830844779 0.0434022484592 -0.0677643804278
# log_rbar_devs:
 1.53527670064 1.33810863981 1.12504340636 1.11728025142 0.940131170967 1.17243239687 0.767848585445 0.641934123259 0.545716974284 0.562552618820 0.477162457241 0.453510311518 0.557512751970 0.653512875441 0.862232166579 0.779958519894 0.862974842788 0.672675525890 0.822062200161 0.597107862221 0.595322653212 0.664125868889 0.599542372407 0.396683234936 0.482460770497 0.534707495636 0.459035116393 0.815237172180 0.410294047357 0.206234951685 -0.0455058619745 -0.00991123395148 -0.0287090971655 -0.444908428790 -0.659698336878 -0.907572259591 -1.24553712229 -1.34249027822 -1.39308201076 -1.46729087221 -1.45387526725 -1.53294522703 -1.53627091616 -1.56026059146 -1.46400296327 -1.98957463351 -2.20861125061 -2.51213876011 -2.06134252645 -0.620255310983 0.828794099980 -0.425353723296 -1.88050327862 -0.852104542968 0.756386165761 0.0197847854330 -1.02958980635 -0.158222488308 1.54812021040 -0.298723370404 -2.06635345337 -0.922548840630 1.74789658258 -0.739967385025 -1.45553528876 -1.15177227208 0.338001613240 0.194417757793 1.24798440774 1.28075083609 -0.174834689700 0.609494127869 0.977075786555 0.466835267178 1.79262941607 -0.368379312771 0.314047717081 0.370261773908 0.637774868734 0.784594245756 0.369748005656 0.334290644536 -0.461503834838 -0.824087157827 0.173435259394 -1.75166113516 1.40290505097 -0.854182261734 0.949010716657 0.703725452170 0.402662934182
# mat_params[1]:
 7.29063039030 10.4040754159
# mat_params[2]:
 5.60662859225 8.33554822579
# mat_params[3]:
 5.81590696510 9.17141686285
# log_m_devs:
 0.123200397760 -0.123200397760
# log_slx_pars[1]:
 1.28999347874 -0.478025929813
# log_slx_pars[2]:
 1.67735385129 -0.220219408706
# log_ft_pars:
 -1.74498475785 -1.80573960708 -2.18426902477 -1.99473167568 -1.65548086427 -1.50978283919 -1.55295727620 -1.88738194529 -1.42843001251 -2.14681765565 -2.22639917092 -4.74307972450 -4.61112637892 -4.47163862755 -3.59633513032 -2.66958877924 -2.32020003331 -1.85129610354 -1.70148742350 -2.61444143095 -2.71464488010 -2.77247280743 -3.00297214359 -2.43237035177 -2.73137767142 -3.38462301007 -2.81513862408 -2.17535624715 -2.15725621540 -1.56621917259 -1.02174604180 -1.01703402696 -1.38218458130 -1.74609137695 -1.65089867561 -0.883486547530 -1.41096270138 -1.79269814073 -4.52034694034 -4.52605549745 -3.70242486554 -3.21512639524 -3.49997228170 -3.68147158176 -3.44991156196 -3.33245393927 -2.20247355122 -2.65232549360 -8.58669867711 -3.70369710963 -1.80110480749 -1.55336049269 -2.14626733470 -1.81299462143 -1.70656643086 -1.69263322714 -1.49564528434 -1.82551279188 -2.29178161492 -1.51651470372 -1.23086971683 -2.37888094826 -3.12604476868 -2.25982013704 -1.63109715502 -2.37217155466 -2.78478493953 -1.48112008904 -1.59741183884 -2.34703588934 -2.18432902456 -2.99820414670 -2.05583953085 -2.18660629677 -2.72676634929 -2.34715152502 -2.28955489795 -2.29515906578 -2.00422208911 -1.71862225614 -1.83897627496 -1.70298220339 -1.60603718813 -1.73837456240 -2.61252921254 -1.28263881426 -1.91871963107 -1.80728583895 -1.73546922613 -3.43283428393
