# Number of parameters = 201 Objective function value = -3599.46495595543  Maximum gradient component = 5.78109393058646e-005
# theta[1]:
-0.376912199003
# theta[2]:
7.32085831853
# theta[3]:
6.38768010659
# theta[4]:
6.91613073221
# theta[5]:
0.666512417710
# theta[6]:
4.00000000000
# log_rinit_devs:
 0.165921918052 0.132082041735 0.124295438311 -0.0494457065808 -0.372853691517
# log_rbar_devs:
 1.43325402625 1.25474218008 1.07616878076 1.09672476218 0.927556055379 1.17884830859 0.791046318234 0.701538132560 0.666476811823 0.752981000843 0.683517748992 0.620636019499 0.676663042670 0.719304356193 0.896475608989 0.813805856550 0.836289793987 0.629737211946 0.777974407529 0.567492456940 0.583906331234 0.673548675955 0.628070497539 0.448122630652 0.569402100198 0.654518644394 0.595993967188 0.977500810570 0.563051952909 0.330930323711 0.0470154013650 0.0687178954257 0.0425264005124 -0.410361226839 -0.705966775442 -1.04745202645 -1.44729053429 -1.55691864604 -1.58679840431 -1.63387117499 -1.59965977909 -1.65510680628 -1.63344685132 -1.63680820960 -1.51802786700 -2.04303166957 -2.28886389628 -2.62309552106 -2.20834211708 -0.724602912972 0.712788343571 -0.515267449148 -1.93902654606 -0.927197888175 0.645437405301 -0.0786531590937 -1.12200887614 -0.239415498196 1.42258894522 -0.378862017369 -2.13508914104 -1.03681749932 1.56526106528 -0.840141401214 -1.55813145813 -1.24608686013 0.238376201045 0.0966329126994 1.12934096766 1.15660887370 -0.263812304034 0.514691219568 0.893266107422 0.413849725127 1.71359114571 -0.315613763078 0.417274735192 0.570405521925 0.950788826249 1.25266562290 0.825732017538 0.765905032794 -0.161882010477 -0.618865589822 0.360879146710 -1.70609578586 1.53597856020 -0.961964287947 0.809594016504 0.565150057041 0.523230992828
# mat_params[1]:
 7.19320623301 10.1052045062
# mat_params[2]:
 7.15064837770 10.5082608780
# mat_params[3]:
 4.97952866842 7.49746215241
# log_m_devs:
 -0.0121274250927 0.0121274250927
# log_slx_pars[1]:
 1.39645275179 -0.398015595494
# log_ft_pars:
 -1.04001832951 -1.11181154097 -1.54065205456 -1.40103097805 -1.08480972655 -0.931177478976 -0.990770477487 -1.37551400886 -0.955683715017 -1.72928990357 -1.88494103004 -0.866012145504 -4.17378477390 -0.773576471142 -3.03279136370 -2.17930456086 -1.85964892787 -1.38696693829 -1.20173986300 -2.10537656185 -2.23394755431 -2.30923931668 -2.56400288439 -2.02844057507 -2.35389665074 -3.02945817580 -2.49078231196 -1.84799792340 -1.85633034591 -1.30405151115 -0.757110171862 -0.691489567959 -0.989985302128 -1.34719643471 -1.25992932587 -0.422241327333 -0.822433741454 -1.13071591419 -3.85886549150 -3.90737204415 -3.11449944287 -2.64879001982 -2.94303586564 -3.15330057497 -2.96288613347 -2.88243051747 -1.76794827606 -2.23097438075 -8.89583674954 -4.15769761009 -2.43889361265 -2.16641720554 -2.53902699567 -2.02158265048 -2.08878351082 -2.19980572512 -1.90588283423 -2.10742399556 -2.73252299866 -2.04450271152 -1.56231434499 -2.50058308403 -3.44965639556 -2.74755473777 -1.93141288759 -2.44529913622 -2.93812538275 -1.83159797403 -2.08828428922 -2.87872193739 -2.63910228119 -3.31270249099 -2.37510498116 -2.56539864075 -3.18756318198 -2.83510007191 -2.68619824042 -2.65366635446 -2.50911062967 -2.43058819938 -2.52801568262 -2.27620067447 -2.06032271723 -2.04256431814 -2.79617035481 -1.44251253819 -2.28545258644 -2.21638857366 -1.94299478665 -3.46852511221
