# Number of parameters = 204 Objective function value = -3672.04704090039  Maximum gradient component = 0.000468484446925904
# theta[1]:
-0.347252245955
# theta[2]:
7.43816198527
# theta[3]:
6.53423507846
# theta[4]:
7.08903269049
# theta[5]:
0.513377617810
# theta[6]:
4.00000000000
# log_rinit_devs:
 0.124417821206 0.0729444192741 0.0899015756407 -0.0272069305028 -0.260056885618
# log_rbar_devs:
 1.36038210988 1.16826942098 0.977619164975 1.01555207904 0.863872257321 1.13096329397 0.743445242336 0.659707747238 0.611754722226 0.682217539516 0.624312760717 0.564905340051 0.641557390319 0.709685699279 0.882489592021 0.801031627500 0.854721488487 0.669732220077 0.818818287949 0.585767581882 0.586070341226 0.659760056885 0.598462023127 0.395387716047 0.484952999691 0.543587433639 0.472436613938 0.845349946110 0.438120231858 0.242240026063 -0.0152234470552 0.00264641229993 -0.0340876022181 -0.468236436304 -0.690684464343 -0.976047304282 -1.37406952163 -1.51003096034 -1.57530570966 -1.64299880703 -1.62386771868 -1.69957746572 -1.70035214939 -1.72465308992 -1.61410908249 -2.12850020078 -2.33634518147 -2.63252095733 -2.14957920381 -0.692385353348 0.728827236678 -0.528691293886 -1.97181863219 -0.945140157441 0.647087610462 -0.0822034144602 -1.12365491087 -0.253443479078 1.42458980109 -0.405204464887 -2.15342299498 -1.00809042968 1.64639040557 -0.802958009093 -1.50677983043 -1.18812429679 0.297723599803 0.161327406070 1.21346725943 1.24897345978 -0.177752994095 0.612901634005 0.998923997061 0.531984029603 1.83406513810 -0.204275313290 0.527378336765 0.671306587973 1.04163425875 1.32780754441 0.889179259770 0.831526011995 -0.0871502373019 -0.557304999673 0.392664300743 -1.69259276517 1.49447618404 -0.940028786029 0.863655273026 0.646073732069 0.549429231322
# mat_params[1]:
 7.06680763255 10.0095049431
# mat_params[2]:
 7.07837189588 10.4360074903
# mat_params[3]:
 5.34978328395 8.04676474321
# mat_params[4]:
 5.08672189643 7.62538603407
# log_m_devs:
 0.00000000000
# log_slx_pars[1]:
 1.23171723315 -0.576631644326
# log_slx_pars[2]:
 1.66730273619 -0.201243252632
# log_ft_pars:
 -1.38275506785 -1.46105742866 -1.86046074269 -1.70508985557 -1.39281288949 -1.28064078228 -1.35108185301 -1.71989797890 -1.30422828105 -2.08699774640 -2.22974109459 -1.33661322918 -4.54044675898 -1.46668240408 -3.48292406654 -2.59654975631 -2.25836995461 -1.78717099829 -1.62942341403 -2.54165265186 -2.64540250212 -2.70873997707 -2.94519395701 -2.37834983956 -2.67955660524 -3.33902913872 -2.77468721426 -2.13690419664 -2.12239536064 -1.52886949096 -0.976090099643 -0.952451282745 -1.29757839614 -1.64962333481 -1.54476360447 -0.746804771896 -1.22278124671 -1.56758277791 -4.28550195626 -4.29990795350 -3.48177016172 -2.99678373018 -3.28107240546 -3.46659638477 -3.24394356483 -3.13214219428 -1.99687804438 -2.45221934513 -8.41432163580 -3.53811837767 -1.58462401042 -1.34724383696 -1.96303112145 -1.64809419610 -1.52329621086 -1.50370577156 -1.30013035438 -1.64228729113 -2.09142731464 -1.30973622341 -1.01730280967 -2.19286054657 -2.94441774351 -2.08661446138 -1.46448714063 -2.23567379693 -2.68530556343 -1.38915875279 -1.47244956937 -2.22050970334 -2.07813992112 -2.92010197845 -1.99794787544 -2.15459520309 -2.69449517527 -2.33777602523 -2.31109361556 -2.36976765209 -2.16191193036 -1.98337788860 -2.04374540473 -1.84886869812 -1.69335571799 -1.75895780793 -2.54702887449 -1.14861888532 -1.71752601097 -1.52948600519 -1.36807878981 -2.97847357712
