# Number of parameters = 207 Objective function value = -3652.39920485179  Maximum gradient component = 2909.80145363975
# theta[1]:
-0.594509862870
# theta[2]:
7.01547624622
# theta[3]:
6.05534712955
# theta[4]:
6.53174010119
# theta[5]:
0.594678478556
# theta[6]:
4.00000000000
# log_rinit_devs:
 0.154651197339 0.0746398383365 0.0890118929246 0.00975275250643 -0.328055681106
# log_rbar_devs:
 1.47599136651 1.29070773588 1.08186800617 1.10596970917 0.995508398024 1.18467601778 0.824471673252 0.681437956704 0.620506605705 0.541416246094 0.463964954697 0.415657387010 0.568809522801 0.694373292638 0.909976230057 0.868075985017 0.933289579571 0.810720728266 0.910539042456 0.648569113126 0.636750129027 0.685519920345 0.629568839842 0.480648884846 0.524323647968 0.552458283096 0.514201884613 0.834447424599 0.510354135200 0.402999253238 0.235109947344 0.175848881998 0.0403534250825 -0.372634524226 -0.539847738535 -0.707271252860 -1.21009957316 -1.44350324586 -1.62953163231 -1.67978545726 -1.65455090591 -1.70916048543 -1.72475494610 -1.75444659634 -1.65691655368 -2.07877328298 -2.24948361559 -2.61695365411 -2.16900451057 -0.673812258962 0.752699528434 -0.494460005712 -1.97015515075 -0.928853273763 0.682302852547 -0.0662223146499 -1.11256557108 -0.231751905271 1.46509262242 -0.412599878276 -2.23880240246 -1.01529918444 1.67662682740 -0.805551880377 -1.50102639892 -1.17684735216 0.335732304447 0.181391922273 1.24603669679 1.27519463797 -0.173083092225 0.600738655135 0.991064302357 0.489610148253 1.80317838293 -0.313082998595 0.375966443581 0.461828905008 0.748037334836 0.910465333703 0.488826419048 0.428567464912 -0.383741701661 -0.765979721312 0.218442817742 -1.73499971797 1.41130840410 -0.864032057852 0.979069842555 0.825220003989 0.463068782800
# mat_params[1]:
 6.63912368753 9.85016206678
# mat_params[2]:
 6.52832339671 10.0724163629
# mat_params[3]:
 4.71125417017 7.15970219646
# mat_params[4]:
 4.62639132683 7.25391780420
# log_m_devs:
 0.115984664904 -0.115984664904
# log_slx_pars[1]:
 0.992135397890 -1.72141980754
# log_slx_pars[2]:
 1.61907134449 -0.147905269170
# log_slx_pars[3]:
 1.68823456240 -0.170865604774
# log_ft_pars:
 -1.60308823106 -1.62942258978 -1.98419479594 -1.83568543987 -1.51901188768 -1.43659980363 -1.41473667568 -1.74428173399 -1.30560297813 -2.04280640640 -2.12986488763 -6.28810778108 -4.60992066349 -6.03575147121 -3.70081386124 -2.75869248606 -2.41069291144 -1.92225833423 -1.78652913699 -2.65252723269 -2.75020230309 -2.82126848947 -3.04185302125 -2.45669164631 -2.77751584491 -3.44380195096 -2.87024695296 -2.27477316300 -2.18358808004 -1.58734732881 -1.06404348590 -1.08117890219 -1.41500573232 -1.68815026646 -1.57791329741 -0.810628952700 -1.26948148922 -1.59640809241 -4.29751954178 -4.31027037353 -3.50486282043 -3.02071441965 -3.31905722358 -3.50417286151 -3.28116528003 -3.09770191367 -1.99829171006 -2.42917843294 -8.28013796847 -3.43734264613 -1.51010207193 -1.24721345068 -1.81767703422 -1.47393162347 -1.38380364457 -1.38763179592 -1.15451587102 -1.47248307158 -1.97138216033 -1.20223457622 -0.856059034649 -1.99408064806 -2.81151869326 -1.99176738982 -1.33715139035 -2.07327012046 -2.55669650207 -1.29980134141 -1.38652246290 -2.12785953262 -1.96959498268 -2.79330641519 -1.87707840369 -2.03304077540 -2.56523995339 -2.19703235708 -2.14012643997 -2.16517259546 -1.92160557819 -1.66367321277 -1.74726486813 -1.57253856220 -1.44373569860 -1.55163232990 -2.42580777778 -1.09369380492 -1.49780371966 -1.31663098890 -1.20524133656 -2.94206559658
