# Number of parameters = 203 Objective function value = -3598.02304972296  Maximum gradient component = 0.000188035529745378
# theta[1]:
-0.112771240856
# theta[2]:
8.47566399056
# theta[3]:
8.11212070675
# theta[4]:
8.39132734525
# theta[5]:
0.975866046895
# theta[6]:
4.00000000000
# log_rinit_devs:
 -0.00519640827347 0.0186553490461 0.112631750667 -0.0123747976101 -0.113715893830
# log_rbar_devs:
 0.727114165073 0.577771852743 0.397342358077 0.445597814154 0.312690242103 0.664084219322 0.350768081076 0.342968690394 0.406994500081 0.550872570681 0.534843821683 0.544220166394 0.655201031311 0.732619438048 0.923116907148 0.782622599171 0.787883928796 0.609888017603 0.819271626249 0.587739010317 0.574320218861 0.635718637005 0.550263068034 0.317338731977 0.404625495344 0.432530036524 0.308421409595 0.668011728700 0.186578285166 -0.0379920401794 -0.230955461236 -0.0672038922160 -0.00840441093390 -0.426721273939 -0.606570281723 -0.746234925470 -0.978511655842 -1.03714736197 -1.10982468307 -1.24367221564 -1.27295277270 -1.37880141580 -1.39379381195 -1.42263437468 -1.31151087093 -1.76941097806 -1.84412647824 -2.00445947964 -1.46272512054 -0.0300330721636 1.55749875243 0.233585011584 -1.18370562845 -0.179183332481 1.42698172334 0.683791430070 -0.376108216745 0.473743698662 2.20736237378 0.378970439443 -1.39270338789 -0.355450042840 2.25854010273 -0.226392127129 -0.986765408954 -0.730136546513 0.720500567391 0.615903430177 1.65656107583 1.68279435031 0.223070199217 0.993061257312 1.31857868307 0.768226085129 2.19773459734 -0.179047170336 0.324876253633 0.120859062972 0.0849275881991 -0.0621902456156 -0.447924636705 -0.511483910480 -1.40626552216 -1.81800528751 -0.817818576204 -2.73098639895 0.515807183957 -1.92271021765 -0.181265641188 -0.466930310933 0.0839666674489
# mat_params[1]:
 7.95258259753 10.4675505822
# mat_params[2]:
 7.78421794028 10.8418628651
# mat_params[3]:
 5.54434123922 8.14464328585
# log_m_devs:
 0.0554690432968 0.168023857230 -0.228596049945 0.00510314941799
# log_slx_pars[1]:
 1.63493604172 -0.234415119049
# log_ft_pars:
 -1.02628742482 -1.12562726011 -1.58403018424 -1.46745373869 -1.17744274996 -1.08653408991 -1.21574084354 -1.68378923160 -1.35551045513 -2.19899051825 -2.38189980425 -1.31560628247 -4.81402276367 -0.973151788290 -3.75758949929 -2.88048601601 -2.56342026244 -2.11462982969 -1.98235317515 -2.89872887692 -3.00096484807 -3.04158692825 -3.24545995406 -2.67760029847 -2.97343355903 -3.58456873466 -2.98003018329 -2.30241311065 -2.26966802512 -1.73075997339 -1.26284323148 -1.30613060067 -1.69490618277 -2.10195362884 -2.08242580860 -1.42516415132 -2.06425883229 -2.48641649059 -5.18166145978 -5.12238810595 -4.24284215184 -3.70991492451 -3.93802321850 -4.09660899210 -3.86919565479 -3.76143682876 -2.71875658359 -3.27278944879 -10.0225203103 -5.36231899701 -3.85676125724 -3.47178516749 -3.84561911899 -3.35832858973 -3.46503398053 -3.47648884848 -3.19749564401 -3.43048076420 -4.09775075048 -3.29928924259 -2.88136885846 -3.83289818334 -4.75482495270 -3.86794816179 -3.07979108956 -3.60503826423 -3.99354510992 -2.80369462076 -3.16040280735 -3.92593161964 -3.62038105434 -4.28955675510 -3.31816653430 -3.43324184453 -4.14230258150 -3.68055376640 -3.48711165147 -3.30009563137 -2.81643941522 -2.32753174145 -2.38817516426 -2.17397259863 -2.00823918180 -2.07568005972 -2.88244485717 -1.50650337679 -2.25188679417 -1.98866191130 -1.75020042965 -3.25994912736
