# Number of parameters = 205 Objective function value = -3640.04477467573  Maximum gradient component = 0.000159181435004501
# theta[1]:
-0.428789697060
# theta[2]:
7.66498275148
# theta[3]:
6.64346836222
# theta[4]:
7.04371273872
# theta[5]:
0.861718850321
# theta[6]:
4.00000000000
# log_rinit_devs:
 0.0979621047614 0.0900314980261 0.111030739651 -0.0328399534874 -0.266184388952
# log_rbar_devs:
 1.43041455888 1.25893792138 1.07909037032 1.08563773273 0.915217257763 1.15453743255 0.778828092154 0.683677735617 0.645235815615 0.720194643687 0.663808254622 0.637726048525 0.728524298739 0.804249860174 0.992198974911 0.899851946778 0.921189240384 0.726504482771 0.880659923898 0.677359509202 0.687031208207 0.766261776901 0.713147311660 0.529498001333 0.637227610103 0.705268171455 0.634989987343 0.989983418321 0.572588206926 0.335511591570 0.0637273285146 0.0994096302342 0.0817732915705 -0.355512824507 -0.627172444146 -0.910907486415 -1.24274743330 -1.31937715338 -1.34826406567 -1.41088874278 -1.39078771738 -1.45800462656 -1.44941477278 -1.46140322536 -1.36703353211 -1.90449940938 -2.15986104199 -2.50153409307 -2.10508046252 -0.642754729590 0.813899916299 -0.410926326092 -1.85421708785 -0.837970361278 0.760678952908 0.0239894814971 -1.03254756542 -0.148201574931 1.55353087207 -0.288434446631 -2.07376560966 -0.964606867108 1.67246125433 -0.796350721085 -1.52652297460 -1.22784253080 0.264409745957 0.113513843364 1.15155425380 1.17568348835 -0.278227711534 0.495702891927 0.856984305450 0.326925491389 1.65836249470 -0.509956774216 0.175190209370 0.235829170377 0.505248003847 0.646237424412 0.232787365661 0.191580172444 -0.618220501150 -0.991620016595 -0.0126613668468 -1.95680533380 1.18901369192 -1.05109646263 0.793129081935 0.614726411839 0.283517834497
# mat_params[1]:
 7.42240787081 10.2530147850
# mat_params[2]:
 7.42294399338 10.6591377993
# mat_params[3]:
 5.26083955832 7.87117639658
# mat_params[4]:
 5.15795613689 8.03949742797
# log_m_devs:
 0.152395390090 -0.152395390090
# log_slx_pars[1]:
 1.43426775486 -0.357205148683
# log_slx_pars[2]:
 1.67766815438 -0.248840420875
# log_ft_pars:
 -1.12734448038 -1.20077615938 -1.62533398055 -1.47721925313 -1.15550426504 -1.00279102905 -1.06114777521 -1.44189979688 -1.01928369848 -1.78345527344 -1.92461185142 -1.21743777243 -4.27709826048 -1.18384025283 -3.21438770896 -2.34275777287 -2.01606662448 -1.54650701020 -1.37766811805 -2.28492605036 -2.40536919500 -2.47109305760 -2.71304931893 -2.16886375638 -2.48642051850 -3.14690767192 -2.59338166072 -1.94347395070 -1.93813093676 -1.38124863231 -0.844274159907 -0.801013486999 -1.11913785595 -1.48045663145 -1.39722944909 -0.599117327115 -1.07359325853 -1.43486973268 -4.16844123781 -4.19335523721 -3.38321786723 -2.90577107135 -3.19015104752 -3.38615768494 -3.17707434003 -3.08026640781 -1.96385771120 -2.41732261201 -9.06031538491 -4.31722423401 -2.63086892468 -2.33595782210 -2.69812816745 -2.17287753616 -2.26734858767 -2.36941723709 -2.07782024940 -2.27562741311 -2.92845434744 -2.22577974423 -1.75423993259 -2.67250873336 -3.62975703727 -2.89727368066 -2.07849255029 -2.56672117660 -3.02880248087 -1.90958886616 -2.18632730968 -2.96744208748 -2.70616510146 -3.36086323990 -2.40729209204 -2.56830402629 -3.19310720121 -2.80795949124 -2.62646510203 -2.52469622564 -2.27925667920 -2.07375133366 -2.23905686283 -2.05315272212 -1.89761963941 -1.95993496942 -2.79957889268 -1.49043741210 -1.66816742524 -1.52015047314 -1.44775515193 -3.17898531605
