# Number of parameters = 207 Objective function value = -3496.90712236211  Maximum gradient component = 0.0134149179275379
# theta[1]:
-0.345017114308
# theta[2]:
7.57468428123
# theta[3]:
6.91624783084
# theta[4]:
7.27961407949
# theta[5]:
0.563047194181
# theta[6]:
4.00000000000
# log_rinit_devs:
 0.0428685266879 0.0537249969464 0.129401888908 0.0291157322211 -0.255111144763
# log_rbar_devs:
 1.05458042546 0.862994011057 0.654806037796 0.696427206228 0.531223009906 0.849376462276 0.442411431415 0.372008041318 0.344778404093 0.452648400222 0.387855960658 0.342778604129 0.411904830655 0.478122380995 0.718071130796 0.683236083501 0.849198519644 0.637057328852 0.830201861437 0.579733750603 0.573963406535 0.648015144317 0.564655755343 0.328174995283 0.425597660252 0.473470845817 0.362358871215 0.762739962900 0.277196071286 0.0367222095338 -0.226927199641 -0.143103456927 -0.132590926715 -0.598546412356 -0.842063087218 -1.08984295240 -1.42432752958 -1.51004787944 -1.56695619096 -1.66191667287 -1.65732378906 -1.73577386100 -1.72171989045 -1.72611854986 -1.56756243087 -2.03150947062 -2.11659624392 -2.29192408137 -1.75096046251 -0.282856566477 1.30078291808 -0.0505715553103 -1.43989345810 -0.432873293779 1.14343642399 0.421018300334 -0.629603265239 0.234154157659 1.89085471256 0.123263917395 -1.57780326111 -0.567182997232 1.98580899161 -0.402729028184 -1.13930470503 -0.848157796007 0.597297910594 0.482644442046 1.51097454433 1.52692091978 0.110041667552 0.884504888387 1.24354099046 0.761990615482 2.09172533377 -0.0171068859992 0.642226429023 0.715834765802 1.04604327691 1.37916180807 0.936269807055 0.885150125542 -0.0751288993095 -0.612186018741 0.0864730561461 -2.26175019888 0.357948244981 -2.10523927576 -0.505311821606 -0.410210847838 0.163343911289
# mat_params[1]:
 6.72918746792 10.0638834810
# mat_params[2]:
 5.45980511000 7.83793367548
# mat_params[3]:
 3.00108464478 3.00328943833
# log_m_devs:
 -0.106431467244 0.0186388310966 0.138393046640 -0.0506004104931
# log_slx_pars[1]:
 1.38748477207 -0.399969695077
# log_slx_pars[2]:
 1.62754194503 -0.325587477566
# log_slx_pars[3]:
 1.42380878274 -0.559778970974
# log_ft_pars:
 -1.37593763499 -1.44645074355 -1.87130591626 -1.72507910862 -1.41659548238 -1.27879838408 -1.36374532812 -1.76799624805 -1.36843959730 -2.14439538118 -2.28691107144 -1.54730718205 -4.63299048330 -1.20636745901 -3.50764532191 -2.65623664183 -2.38740294023 -1.92399689402 -1.77504677168 -2.69538015015 -2.80042612190 -2.84779628411 -3.06881684681 -2.50211868543 -2.79222320004 -3.42196444166 -2.83719114257 -2.16766068809 -2.14888088903 -1.57287885903 -1.02563224102 -0.990838958784 -1.33040652008 -1.70641897212 -1.62910504622 -0.858380740003 -1.38419309324 -1.75617021255 -4.46761916997 -4.45838645623 -3.61790869921 -3.11652586861 -3.38123920365 -3.56914845988 -3.36940709073 -3.29436405217 -2.24064817866 -2.78445669678 -9.55578869440 -4.96187447246 -3.48187219553 -3.15299079214 -3.43759462739 -2.87501036154 -3.03351196405 -3.12287522494 -2.79183277874 -2.97204984050 -3.65970925064 -2.93467055694 -2.41141926351 -3.29779769664 -4.31973317048 -3.56389164138 -2.67393188114 -3.12314859083 -3.63217884214 -2.56136608821 -2.90005331718 -3.68259731110 -3.37119895796 -3.98859774733 -3.05511061762 -3.23738970728 -3.92823569818 -3.53084263743 -3.31126433490 -3.21430891387 -3.01752008067 -2.26687546471 -2.31892254808 -2.11068455749 -1.93212672628 -1.96662692676 -2.68581701528 -1.20376449955 -1.91073169256 -1.69686968327 -1.28074830085 -2.71851786339
