# Number of parameters = 205 Objective function value = -3549.75567291625  Maximum gradient component = 0.000132324422721004
# theta[1]:
0.0970257296534
# theta[2]:
9.72226657302
# theta[3]:
9.26662656570
# theta[4]:
9.58736103794
# theta[5]:
0.529982398659
# theta[6]:
4.00000000000
# log_rinit_devs:
 -0.124093834787 -0.0700370880690 0.0816179152223 0.0525459934394 0.0599670141946
# log_rbar_devs:
 0.659115100218 0.507466768524 0.317067460483 0.376799753560 0.260176796142 0.619512175080 0.297673592769 0.265120919105 0.288499589316 0.400620917294 0.349898366521 0.307711527450 0.372670152423 0.441714449447 0.663448985319 0.597527332061 0.744278759803 0.554805519030 0.756359197558 0.512570396201 0.479262433545 0.519078411854 0.412158047032 0.154116914820 0.213813247180 0.214489135463 0.0726346041204 0.411095213820 -0.0521368515353 -0.245516312830 -0.394322925349 -0.193538810560 -0.111211823332 -0.502065921726 -0.648468906866 -0.758075130629 -0.979745653326 -1.04778126973 -1.13569187218 -1.28851943191 -1.33010832846 -1.45008239457 -1.47722260169 -1.51605971624 -1.42159605244 -1.89746357100 -1.98481379842 -2.16774903926 -1.66534180982 -0.230563723406 1.39492014246 0.0520396808847 -1.34434047135 -0.345637657872 1.25318340963 0.520096537300 -0.522372477080 0.314248384886 2.03216974792 0.249218606519 -1.49592457704 -0.483059480519 2.08235410679 -0.347525450607 -1.10396824139 -0.855963548473 0.574137384527 0.483845451282 1.51733777698 1.54654625769 0.111143024189 0.873548237608 1.19175901261 0.676913417696 1.98294246828 -0.261431388979 0.320277524423 0.328377194134 0.617710718683 0.897744636289 0.482979458143 0.451580112891 -0.508323205824 -0.967798921818 -0.00215792332149 -2.05585126185 1.18606545866 -1.20631142342 0.540951746564 0.249290017643 0.297675694016
# mat_params[1]:
 8.43058155938 11.2830842533
# mat_params[2]:
 6.76186301110 9.00324349967
# mat_params[3]:
 6.95881003607 9.39746659887
# log_m_devs:
 -0.0888778147043 -0.0148428643020 0.0492307166627 0.0544899623436
# log_slx_pars[1]:
 1.70958246174 -0.212588400648
# log_slx_pars[2]:
 1.86194542332 -0.363915443641
# log_ft_pars:
 -1.86132817734 -1.94751186124 -2.39324750467 -2.27074575912 -1.99462536771 -1.91099546659 -2.04192143719 -2.50054301015 -2.16104177024 -2.96050552410 -3.08195068318 -3.19923935726 -5.45698451315 -1.67396129010 -4.32657250684 -3.41962023974 -3.13041254289 -2.67280955946 -2.55346749331 -3.47064587678 -3.55551693706 -3.58011388827 -3.76144545907 -3.16876782868 -3.44617228948 -4.03225569427 -3.39713508843 -2.70345420495 -2.65499393724 -2.11263593045 -1.67633919212 -1.77603465417 -2.20680418344 -2.62894867982 -2.62449988354 -2.00782248731 -2.68325979805 -3.10934062939 -5.78944055246 -5.70714399750 -4.81024952791 -4.26354173776 -4.48122238866 -4.62706693366 -4.38416293162 -4.25904637628 -3.21116318737 -3.75322728089 -10.4850713379 -5.86239679179 -4.40816428258 -3.98086411031 -4.35022992850 -3.89547011289 -4.01912911251 -3.99605194286 -3.70921020071 -3.96984053697 -4.65103238284 -3.81447819968 -3.39615117864 -4.38283002773 -5.31549418126 -4.37383702437 -3.58295927330 -4.14901922054 -4.55536998571 -3.35085073667 -3.72546987433 -4.48543167808 -4.16462598949 -4.84924918406 -3.89082899833 -3.99881781266 -4.68727132142 -4.18645450953 -3.99967627990 -3.88444948552 -3.54716009458 -2.37612157345 -2.29545346853 -2.07726976880 -1.94360503995 -2.03786274083 -2.82867866760 -1.39139595489 -1.99395353559 -1.79995918554 -1.68201876578 -3.34773381651
