# Number of parameters = 209 Objective function value = -3720.58511923528  Maximum gradient component = 0.000432627960994626
# theta[1]:
-0.267073710141
# theta[2]:
7.85212701537
# theta[3]:
7.09243436233
# theta[4]:
7.50583861441
# theta[5]:
0.787343509242
# theta[6]:
4.00000000000
# log_rinit_devs:
 0.0628230312368 0.0519326528391 0.0911562508035 -0.0259708414342 -0.179941093445
# log_rbar_devs:
 1.14332519591 0.966399678946 0.779216086735 0.812921247252 0.661198871435 0.942580789597 0.580681915059 0.512065487326 0.497084740917 0.586677635079 0.531825841732 0.492305608197 0.567861612342 0.629846430367 0.805705245642 0.710362030577 0.751894585706 0.568655741035 0.739059162910 0.517898479068 0.515616526988 0.585003110472 0.515323623178 0.305426755145 0.393645074237 0.441342410777 0.354452516336 0.712959208982 0.287874262014 0.0723030484088 -0.169872159375 -0.0989478578719 -0.0903880559134 -0.503315025958 -0.706773598268 -0.912477404023 -1.20174085668 -1.26570470435 -1.30555613135 -1.38558011321 -1.37265135198 -1.45116045253 -1.45127315995 -1.47706703885 -1.38041097711 -1.88108217972 -2.02540220602 -2.23335922718 -1.69280223017 -0.279835994612 1.20447649008 -0.0662631179382 -1.51917303291 -0.497819327281 1.12001257460 0.380461408929 -0.676201313687 0.180108118914 1.91294681765 0.0614385392970 -1.71285500484 -0.599469968752 2.07696231517 -0.438766395634 -1.17381929813 -0.893065750308 0.587802508119 0.453000921794 1.50346036124 1.53564846183 0.0696418902282 0.856280186542 1.20812609305 0.677560891686 2.08370648186 -0.192096031767 0.416052231857 0.312185351583 0.371965813448 0.300470027986 -0.0953070067533 -0.141560532662 -0.962573990532 -1.33448272026 -0.308271043260 -2.19498614277 1.08261077573 -1.39452703770 0.371092194993 0.0917598908575 0.247355170481
# mat_params[1]:
 7.55027253106 10.3451434358
# mat_params[2]:
 7.68815474095 10.8976627257
# mat_params[3]:
 6.33167945942 9.23190418148
# mat_params[4]:
 5.01456228322 7.42364859598
# log_m_devs:
 0.0628396071352 0.162823247317 -0.279650898279 0.0539880438270
# log_slx_pars[1]:
 1.36219091575 -0.362804228615
# log_slx_pars[2]:
 1.75464114273 -0.198612066915
# log_slx_pars[3]:
 1.57880424254 -0.371553125961
# log_ft_pars:
 -1.36501018468 -1.45157463296 -1.86262061328 -1.70920464505 -1.39787271051 -1.29372619377 -1.38065781744 -1.77315693526 -1.37796853801 -2.17816667192 -2.32567243192 -1.37114215531 -4.65750590277 -1.33742997174 -3.58200707889 -2.69164867729 -2.35578362987 -1.88735579879 -1.74424040931 -2.66168786148 -2.76565023945 -2.82180744267 -3.04895938158 -2.47860271012 -2.77758950371 -3.42301261157 -2.84628958393 -2.19941598052 -2.17707549474 -1.59170009592 -1.05418329626 -1.06367816147 -1.44641152294 -1.82728660587 -1.75187192374 -1.01665437297 -1.59204891257 -2.00490598373 -4.74023009396 -4.73995955212 -3.91332179894 -3.42581791124 -3.70966496092 -3.89172978914 -3.66308989104 -3.55134286310 -2.45781275340 -2.95722728790 -8.76809170467 -3.85727565764 -1.98109027612 -1.69212262243 -2.27447004631 -1.97945226284 -1.90342394726 -1.84790424708 -1.63458705195 -1.98715492398 -2.47214858024 -1.65663512856 -1.37146924333 -2.55034105160 -3.30081435075 -2.36064954219 -1.70453276864 -2.47830874507 -2.89005965030 -1.53895578726 -1.64091150433 -2.38146891567 -2.19411084507 -3.01123316092 -2.07719078495 -2.18867393991 -2.74743807112 -2.35081244489 -2.28425275529 -2.28422580768 -1.91273483926 -1.91418546257 -2.04423677234 -1.88288168893 -1.75275661337 -1.85534957643 -2.69809175948 -1.37090767874 -2.05652238082 -1.82158310377 -1.58189961603 -3.07096311427
