# Number of parameters = 93 Objective function value = -272.225876821620  Maximum gradient component = 2.86231287272818e-005
# theta[1]:
-0.666920924293
# theta[2]:
3.74057608056
# theta[3]:
5.65361826168
# theta[4]:
5.88093097555
# theta[5]:
1.01891731122
# theta[6]:
4.00000000000
# log_rinit_devs:
 2.85562507074 1.75400691574 0.0120282326138 -2.22834524086 -2.39331497823
# log_rbar_devs:
 -0.324367783267 -1.55181271704 -0.610209281948 0.891142575891 0.0959824366541 -1.18508194942 -0.166281270794 1.67890325964 -0.347777465879 -1.86386193869 -1.05128900611 1.80934934834 -0.649285396884 -1.52451235117 -1.09993841882 0.339051045435 0.0719786248493 0.840200725007 0.763826316764 -0.801467785567 0.171732923759 0.433613905375 0.0843066443713 1.29343094953 -0.513742085455 0.0675617772261 0.304280995613 0.647854983353 0.849760302152 0.605502215144 0.583768456389 -0.372436475812 -0.757870576134 0.172816708193 -1.68717752613 1.25767287094 -0.829186858057 0.949084691057 1.19446057601 0.230016555481
# mat_params[1]:
 3.67000000000 4.48000000000
# log_m_devs:
 0.195063624202 -0.195063624202
# log_slx_pars[1]:
 1.51175104980 -0.284460838427
# log_ft_pars:
 -1.44255362710 -1.93095785184 -1.50057147395 -1.42336494913 -1.46925343015 -1.20651589194 -1.39568316000 -1.92801801863 -1.24159211077 -0.877829258582 -1.82994336620 -2.68174860893 -1.96903327565 -1.28781835550 -1.87824892361 -2.29371640319 -1.04855423773 -1.03022254029 -1.63396548029 -1.35010466259 -2.22899089657 -1.36106776521 -1.59152973344 -2.16529658931 -1.88454980824 -1.89086309169 -1.97486956842 -1.82052669260 -1.65902281923 -1.73298350840 -1.54502686084 -1.41720867638 -1.52133870947 -2.38354476426 -1.03460622432 -1.58165707802 -1.42728180625 -1.27396852643 -3.01716772244
