# Number of parameters = 202 Objective function value = -3597.00993991103  Maximum gradient component = 3.90297880799834e-005
# theta[1]:
-0.365433588872
# theta[2]:
7.67191722385
# theta[3]:
6.44226679976
# theta[4]:
6.97893106213
# theta[5]:
0.610826880627
# theta[6]:
4.00000000000
# log_rinit_devs:
 0.0508361117638 0.0611579063042 0.115357500067 0.0139937308051 -0.241345248940
# log_rbar_devs:
 1.57482435908 1.38927850170 1.19154597019 1.18999441875 1.00838198548 1.23799254387 0.831102293961 0.707948697840 0.625025892821 0.667257106278 0.581474885055 0.523317007646 0.569512745220 0.606111076098 0.789613349412 0.719727141520 0.785120882215 0.569101606181 0.707066306503 0.492733494073 0.510794839694 0.601119084896 0.558777971996 0.382942913627 0.505927423538 0.595335685649 0.544688448307 0.926344225209 0.523202182169 0.295776363306 0.0121777790291 0.0305099856463 0.00424716222561 -0.440576205492 -0.730594282503 -1.07031866501 -1.46782150187 -1.57291615270 -1.59578313616 -1.63427255615 -1.59152300906 -1.63973932210 -1.61130704653 -1.60668074224 -1.48298080684 -1.99916565773 -2.24016213986 -2.57324464309 -2.17847133285 -0.700510024567 0.744876526542 -0.486582952106 -1.91054416570 -0.899253445315 0.675048326088 -0.0482932698699 -1.09092251637 -0.210253225892 1.45109574165 -0.345688039156 -2.09879825030 -1.00686163526 1.59165024463 -0.814459022248 -1.53324044870 -1.22403132778 0.259628133604 0.121026804828 1.15583323651 1.18282704452 -0.238392376805 0.540126349136 0.919437332167 0.440060774081 1.74019873095 -0.291426049544 0.441619317065 0.593206970389 0.973637295309 1.27802748811 0.852300756661 0.799053473679 -0.134761509664 -0.599990342816 0.368073478240 -1.75375293166 1.46621099806 -1.01306194304 0.813295413250 0.639171585577 0.531000326734
# mat_params[1]:
 7.14639252830 10.3397929416
# mat_params[2]:
 5.09658252335 7.67542501860
# mat_params[3]:
 4.88251885907 7.22783873121
# log_m_devs:
 0.00000000000
# log_slx_pars[1]:
 1.39022711542 -0.399548748634
# log_slx_pars[2]:
 1.61232925316 -0.380946375505
# log_ft_pars:
 -1.33615464526 -1.39506715377 -1.80482453751 -1.64195122595 -1.31126384929 -1.14004327016 -1.17947582542 -1.53504049580 -1.08129652492 -1.80161001053 -1.90280605873 -1.53031074146 -4.21583189688 -1.11126132205 -3.04148237699 -2.14856555161 -1.81203200175 -1.33727210921 -1.15057778695 -2.05449322088 -2.18222202011 -2.25867872942 -2.51581568926 -1.97893197853 -2.30669208856 -2.98859823616 -2.45471283307 -1.81879336839 -1.83127741270 -1.27765378166 -0.727649238421 -0.664007216269 -0.969604720847 -1.33081688269 -1.24399478931 -0.405899675163 -0.808397390343 -1.12267690220 -3.86041755069 -3.91748795503 -3.13343562499 -2.67682058144 -2.98273781301 -3.20029812447 -3.01371825306 -2.93944317566 -1.83259814536 -2.30112170658 -8.96747875972 -4.23862961021 -2.53929824007 -2.25479868078 -2.60983707423 -2.08477693361 -2.17237652346 -2.28221788529 -1.97978787852 -2.17810820713 -2.81976048869 -2.12617221958 -1.63176921974 -2.56116456524 -3.53148718010 -2.82381767815 -1.99204084344 -2.49412703022 -2.99351294630 -1.89548016617 -2.16789536792 -2.95971230908 -2.70845778934 -3.37236336694 -2.43730700065 -2.62758811438 -3.26048408836 -2.90158103114 -2.74266324546 -2.70734014835 -2.56660884142 -2.49390851010 -2.59138468973 -2.33688210020 -2.11870952913 -2.09692590714 -2.84708391753 -1.48785290100 -1.64153407509 -1.49538027739 -1.37207875495 -2.95297450258
