# Number of parameters = 203 Objective function value = -3535.30090966910  Maximum gradient component = 0.000184103504730118
# theta[1]:
-0.216561492709
# theta[2]:
8.18688570390
# theta[3]:
7.14865033463
# theta[4]:
7.56988820826
# theta[5]:
0.381495436499
# theta[6]:
4.00000000000
# log_rinit_devs:
 -0.0882650877252 -0.0683759536808 0.0725073951691 0.0578181326627 0.0263155135743
# log_rbar_devs:
 1.33847998059 1.13665039967 0.896165989439 0.948884759555 0.816228264514 1.19581634573 0.790101004915 0.719889335101 0.705838951846 0.775459908097 0.696229325519 0.652935807000 0.763046151424 0.847352795974 1.07721289001 0.944000512746 1.04120511997 0.814435946460 1.04751227468 0.781689257688 0.778278082707 0.860789336830 0.769058714230 0.510449767608 0.620697814253 0.666443929595 0.530288795221 0.967366077502 0.414746102099 0.147261765618 -0.116836165047 0.0136889905656 0.0408433260459 -0.475090243251 -0.748200863153 -0.994409244881 -1.32701735945 -1.42202639926 -1.51127004372 -1.65924706769 -1.70028985223 -1.82397409921 -1.84475705687 -1.88195275482 -1.75076379911 -2.30307226199 -2.44847119698 -2.67276769133 -2.16847554229 -0.683227179606 0.833118589365 -0.501090251055 -1.88016890673 -0.868616264444 0.691641067821 -0.0149862624194 -1.05094130358 -0.187211263546 1.43898834332 -0.299908143209 -1.96317470065 -0.955377948639 1.57788721675 -0.773341688576 -1.49819575404 -1.19305888637 0.241988769207 0.131085649268 1.15341641739 1.17802358821 -0.214003503483 0.568591963998 0.934834011491 0.484719168939 1.75677257591 -0.239876660553 0.457523983980 0.597157915395 0.960461475067 1.23863975893 0.818463034887 0.754616067776 -0.151143153185 -0.628209565790 0.248172956923 -1.79467984409 1.24868589208 -1.13017268103 0.546049022097 0.286395083699 0.419725326570
# mat_params[1]:
 6.96615746579 9.96969345807
# mat_params[2]:
 6.38268761347 9.49167598094
# mat_params[3]:
 5.42159260367 8.11424551556
# log_m_devs:
 -0.0232024412661 0.0232024412661
# log_slx_pars[1]:
 0.488856835579 -4.00234270400
# log_slx_pars[2]:
 1.51264044173 -0.373401605889
# log_ft_pars:
 -2.48301050197 -2.53840845317 -2.87347170802 -2.72167605879 -2.41171276528 -2.46285321923 -2.48304520020 -2.85008054992 -2.47243530141 -3.29437681147 -3.39201953435 -7.04080318690 -5.77820355560 -7.24470596872 -4.81442706084 -3.83100008368 -2.41744547456 -1.97255521083 -1.84057654079 -2.75690242196 -2.86974287368 -2.91246012559 -3.12585284661 -2.56932045799 -2.85782901340 -3.46817061344 -2.87642714560 -2.20182925294 -2.18584429894 -1.64735320455 -1.13212160014 -1.09341202514 -1.40897283557 -1.78039277403 -1.71546521619 -0.955886483345 -1.47005675836 -1.81668417844 -4.48116856289 -4.42114079746 -3.53064205087 -2.97789783642 -3.18120439917 -3.32550607919 -3.09322574117 -2.98089940801 -1.88536138940 -2.37002912404 -9.06140336822 -4.36350601394 -2.72520570121 -2.52101455509 -3.00590507383 -2.52265115724 -2.47301093034 -2.55461293517 -2.33928407744 -2.56882305332 -3.06244631609 -2.36932257411 -2.01380730459 -3.00427841310 -3.78079049434 -3.03327793735 -2.32720379125 -2.89533102432 -3.29951371653 -2.13422171927 -2.38757125964 -3.17328479448 -2.97510792177 -3.68907996353 -2.71918240648 -2.90821786537 -3.51358988128 -3.16243180780 -3.06550141559 -3.02441943344 -2.83493722550 -2.72590165461 -2.82609120621 -2.59405122468 -2.39115562299 -2.40703252544 -3.13906759373 -1.73986399117 -2.42076021138 -2.25180337672 -1.99412028690 -3.48190129370
