# Number of parameters = 201 Objective function value = -3452.52952890830  Maximum gradient component = 0.000166370316871745
# theta[1]:
-0.666693643124
# theta[2]:
6.70906932660
# theta[3]:
5.62984368418
# theta[4]:
6.16307955857
# theta[5]:
0.674468444366
# theta[6]:
4.00000000000
# log_rinit_devs:
 0.212826483615 0.122957160140 0.122296002563 0.0312050382359 -0.489284684553
# log_rbar_devs:
 1.64765843903 1.45920356647 1.24674841742 1.25375012249 1.14108637467 1.28785919229 0.908016704758 0.719828530030 0.616331721562 0.439880487884 0.310866777221 0.200548502955 0.348445976242 0.485079557706 0.727720564852 0.744288712180 0.855339826952 0.746997446816 0.807787345029 0.509001293221 0.508605873287 0.569406187156 0.541611521142 0.438675390526 0.493592887381 0.550710412306 0.562966134272 0.901140821612 0.627678821920 0.557089617124 0.405599787269 0.308632191992 0.128525900605 -0.286947921225 -0.450325505721 -0.621783339456 -1.24235306530 -1.58084552715 -1.86401936170 -1.86412709907 -1.79451172094 -1.80573176081 -1.79596048253 -1.79677210224 -1.66324748582 -2.02555880627 -2.20954671027 -2.67007946687 -2.36658385029 -0.800371325443 0.694872800574 -0.475028288259 -1.89409792228 -0.878141170108 0.657938707390 -0.0360875268992 -1.02631298125 -0.196798061494 1.41496716357 -0.275374093034 -2.04587741112 -1.03244311953 1.48777395894 -0.810762072818 -1.46854851556 -1.23872392462 0.224779175098 0.126864594780 1.12681685996 1.14207307196 -0.242379694738 0.488003385640 0.908616312484 0.425226775046 1.67770864822 -0.283645037016 0.438556268791 0.594209666559 0.972561992288 1.25739069604 0.861006359472 0.819538924054 -0.0402578445801 -0.493981273911 0.424634379834 -1.53390279076 1.47225908151 -1.00839162941 0.662223941031 0.359623593782 0.531197425097
# mat_params[1]:
 6.07800098065 9.53697128017
# mat_params[2]:
 3.91737578533 5.73544774528
# mat_params[3]:
 3.70455010986 5.48819255687
# log_m_devs:
 -0.00510785422897 0.00510785422897
# log_slx_pars[1]:
 0.620141530056 -2.99203887652
# log_ft_pars:
 -1.46823267113 -1.48438581863 -1.84091028056 -1.68502577754 -1.35872681416 -1.22394308690 -1.16699854185 -1.45627847981 -0.955472216629 -1.60985516439 -1.64310077356 -4.85101493689 -4.10283677803 -4.62983581042 -3.19980942850 -2.27528015519 -1.94091286537 -1.44916346163 -1.26972355672 -2.12217263795 -2.23975048895 -2.33100621114 -2.58281491727 -2.03072271967 -2.37641636524 -3.08087653974 -2.55220597437 -1.97134708583 -1.91563223112 -1.34643340405 -0.821188722165 -0.797783054455 -1.08849183970 -1.35626201368 -1.25117121610 -0.432119734846 -0.774257665851 -1.00107798794 -3.68707869499 -3.76034236657 -3.00405729189 -2.56013300986 -2.89051858393 -3.11540658022 -2.93639762285 -2.80532020065 -1.71653727147 -2.14691777305 -8.90742072358 -4.58333711201 -3.13063380842 -2.34130421427 -2.35192828128 -1.95235203536 -2.57448248974 -2.41319896392 -1.83822290432 -2.18772694071 -3.28444639272 -2.16259484188 -1.31464275555 -2.30477472875 -3.96615918439 -2.79551456060 -1.68220489679 -2.19474155522 -3.16116620027 -2.05532316843 -2.52448681435 -3.20353381237 -2.65224432989 -3.33403807855 -2.56457818287 -2.66487684840 -3.56290177175 -2.86633538316 -2.67143472829 -2.74682308245 -2.71334320701 -2.67297340210 -2.63932285844 -2.35462666279 -2.05055967250 -1.98073967145 -2.91632624271 -1.42308989339 -2.78287925033 -2.24963315011 -1.99285542740 -3.50345210073
