# Number of parameters = 207 Objective function value = -3674.49948918363  Maximum gradient component = 0.000833861007298540
# theta[1]:
-0.350530000109
# theta[2]:
7.33874835986
# theta[3]:
6.52727153862
# theta[4]:
7.10737018909
# theta[5]:
0.502255725206
# theta[6]:
4.00000000000
# log_rinit_devs:
 0.152714012029 0.0897483152441 0.0938039668925 -0.0374380671148 -0.298828227050
# log_rbar_devs:
 1.30345708751 1.11163749179 0.923834783250 0.968907193692 0.820763500297 1.09209172381 0.707533059934 0.630558733243 0.591276185000 0.671676957497 0.617869470247 0.543398846938 0.599897726145 0.643848904511 0.796014144699 0.719879616550 0.773237036644 0.587911201620 0.734525934820 0.501183327289 0.504646985535 0.581992635616 0.524779357753 0.325400810298 0.418946264571 0.482912183968 0.417079569969 0.794867396408 0.391527013203 0.198408815371 -0.0602902443095 -0.0465180315755 -0.0860114264264 -0.520711227275 -0.743276615317 -1.03516776270 -1.44313856257 -1.58267554430 -1.64497603072 -1.70466626649 -1.67764575758 -1.74596511839 -1.73941667361 -1.75678855611 -1.63781856134 -2.13930918415 -2.32869595206 -2.60174698172 -2.09179811268 -0.637053307313 0.788481664828 -0.472743584429 -1.91614412604 -0.890356081549 0.703441553498 -0.0265954651170 -1.06959985326 -0.200187724570 1.48099403724 -0.349482547114 -2.09707100171 -0.954883952424 1.70314976797 -0.750839502425 -1.45629086151 -1.13889510200 0.348618781329 0.213431894284 1.26689740531 1.30228109720 -0.126758874916 0.665643962262 1.05186413413 0.584566728152 1.88961802038 -0.153079157862 0.579079149921 0.722323771588 1.09272361495 1.38015194203 0.941540923289 0.885795509361 -0.0376858320922 -0.508960477834 0.446371953833 -1.64262399182 1.56388311174 -0.867232459941 0.958431578514 0.759427440004 0.574318513278
# mat_params[1]:
 7.06782301360 10.0167719357
# mat_params[2]:
 7.07709513548 10.4592430226
# mat_params[3]:
 5.39784807338 8.10126076739
# mat_params[4]:
 5.14550437145 7.65535276169
# log_m_devs:
 -0.0182041321425 0.0182041321425
# log_slx_pars[1]:
 1.22637103613 -0.584604101780
# log_slx_pars[2]:
 1.67527819570 -0.185816169039
# log_slx_pars[3]:
 1.63746258880 -0.374751274582
# log_ft_pars:
 -1.33035758337 -1.40952504309 -1.81172855199 -1.66170972982 -1.35348154573 -1.24535624431 -1.31946044587 -1.69433654584 -1.28627448628 -2.08002763763 -2.23347064409 -1.12553315727 -4.51177023303 -1.15300053562 -3.40314859983 -2.52402693355 -2.18898517841 -1.71695823176 -1.55556446166 -2.46780989416 -2.57529915020 -2.64292100232 -2.88428001710 -2.32090901714 -2.62623507175 -3.29160111627 -2.73243613998 -2.09790287734 -2.08705353207 -1.49488626390 -0.939252689683 -0.911011168231 -1.25316695866 -1.60552793810 -1.50178995593 -0.697345214965 -1.16292390303 -1.50351129807 -4.22599626256 -4.24943928772 -3.43957796419 -2.96213848914 -3.25396317168 -3.44736893071 -3.23310335590 -3.12982655221 -2.00561923868 -2.47685997662 -8.43527038128 -3.55887852353 -1.61604318728 -1.36667176930 -1.97243034612 -1.65776827747 -1.54364517458 -1.52030211614 -1.30996464203 -1.65195252884 -2.11115785751 -1.32418892225 -1.02515353566 -2.19994965086 -2.96358070203 -2.09970049098 -1.46891357613 -2.23867302953 -2.69185693669 -1.39641826431 -1.48545496997 -2.23325955475 -2.08352790255 -2.92224078334 -2.00240369197 -2.15828261246 -2.70354091022 -2.34263125834 -2.31237990700 -2.37136479462 -2.16476049174 -1.98709725502 -2.04589577225 -1.84989981400 -1.69371030643 -1.75846871283 -2.54666401642 -1.14769514915 -1.70226803073 -1.55008812342 -1.44051153206 -3.04429806992
