# Number of parameters = 206 Objective function value = -3715.17959171511  Maximum gradient component = 8.71839753920463e-005
# theta[1]:
-0.313633008151
# theta[2]:
7.86806592801
# theta[3]:
6.83265892688
# theta[4]:
7.27594677946
# theta[5]:
0.583183763670
# theta[6]:
4.00000000000
# log_rinit_devs:
 -0.000132213738456 -0.00847825976177 0.0711991161226 0.0201253700714 -0.0827140126938
# log_rbar_devs:
 1.35490569637 1.15878252027 0.944688856224 0.968914040875 0.819305242491 1.08884768757 0.699626261672 0.597368322549 0.540211752985 0.568012895572 0.497506644027 0.476017370585 0.601187689923 0.716341833451 0.946577167343 0.862335150253 0.932164033470 0.732036708182 0.893437882486 0.671180826260 0.671045577911 0.743583434490 0.676167862699 0.466140725663 0.559442467107 0.613912837029 0.528784813854 0.893354838254 0.468524312847 0.246059925113 -0.0179565649957 0.0300335143914 0.0234715697554 -0.403942150606 -0.639489435923 -0.900888843685 -1.23049517870 -1.31886833168 -1.36381042236 -1.44640654200 -1.43979165175 -1.52609122350 -1.53202966451 -1.55932293582 -1.46380429712 -2.00654948617 -2.23026003209 -2.52872528505 -2.07302612765 -0.632561854073 0.810390720142 -0.440431775552 -1.89456412875 -0.866757511385 0.742452788793 0.00493825417323 -1.04737246273 -0.173981422158 1.53808444531 -0.313064854023 -2.08155833321 -0.937963792009 1.73830605983 -0.753758766036 -1.47172669369 -1.16702047346 0.322754553815 0.178992710051 1.23182570658 1.26396589805 -0.194546973904 0.590426805868 0.954296094779 0.438623539810 1.76504492970 -0.411732965055 0.259167960324 0.301731950172 0.550531002654 0.672217360230 0.274885719485 0.255532455945 -0.516423087218 -0.849804396038 0.212565227327 -1.63167659399 1.68664946692 -0.743543789997 0.992446618502 0.641193008326 0.392954308432
# mat_params[1]:
 7.21526339275 10.1648948688
# mat_params[2]:
 7.36271481892 10.5470894822
# mat_params[3]:
 5.61747056540 8.35702472793
# log_m_devs:
 0.0779900144115 -0.213491491747 0.135501477336
# log_slx_pars[1]:
 1.08969078631 -0.324888971763
# log_slx_pars[2]:
 1.35268806934 -0.554499902269
# log_slx_pars[3]:
 1.67801795470 -0.227815535728
# log_ft_pars:
 -1.80589129830 -1.86555920782 -2.22806603303 -2.05807680028 -1.73341870997 -1.66342544708 -1.69908132211 -2.04653719794 -1.62376920386 -2.39453589686 -2.49620033698 -5.21002498509 -4.91898467678 -5.43912303043 -3.97108866424 -3.03904320931 -2.29446841464 -1.83504541383 -1.68023154589 -2.59826355975 -2.70353056762 -2.75615748819 -2.98810718160 -2.42788792244 -2.72242530715 -3.36697224094 -2.79942608386 -2.14149879962 -2.14025218845 -1.56519024405 -1.02237217545 -0.998494140648 -1.34625881566 -1.72383208384 -1.63610070658 -0.860779823645 -1.37877158460 -1.75138288980 -4.46981817437 -4.47117227127 -3.63936557895 -3.14552358661 -3.41766704798 -3.59434204374 -3.36217441934 -3.26017271331 -2.12832724240 -2.57685207529 -8.59236022241 -3.70495544291 -1.79371780449 -1.55017875562 -2.14795670188 -1.81616218075 -1.70502559326 -1.69176525882 -1.49865675074 -1.82966486471 -2.29204952927 -1.51885805817 -1.23950125062 -2.38932041981 -3.12954353570 -2.26343751962 -1.64001544227 -2.38330068715 -2.79128293538 -1.48400831058 -1.59638909112 -2.34500701381 -2.18471656475 -2.99977977751 -2.05535148598 -2.18338107604 -2.71806057833 -2.33740340580 -2.27836840994 -2.27863748069 -1.97393333770 -1.66719570291 -1.79581358565 -1.67241122014 -1.59148669629 -1.74436741932 -2.64506368649 -1.34797044122 -2.08292430867 -1.81340485947 -1.59169552388 -3.13169258074
