# Number of parameters = 202 Objective function value = -3631.91392224335  Maximum gradient component = 2.30234968812708e-005
# theta[1]:
-0.390780750237
# theta[2]:
7.47647365083
# theta[3]:
6.64086344246
# theta[4]:
7.05164102160
# theta[5]:
0.858773621010
# theta[6]:
4.00000000000
# log_rinit_devs:
 0.145737826561 0.126196134471 0.125620133408 -0.0499190275724 -0.347635066867
# log_rbar_devs:
 1.30443901591 1.13648845967 0.963959328528 0.981743481218 0.815467229444 1.06284626929 0.695869836663 0.617593612047 0.601262006731 0.696813479675 0.642666480362 0.603365105829 0.676057734274 0.742294007744 0.941026052679 0.878376702804 0.930056920000 0.734137616177 0.890914319568 0.687154138875 0.696552262127 0.776012373961 0.722028481978 0.536904380428 0.645814997502 0.714014073781 0.642181135266 0.999800887605 0.577969296107 0.338121805113 0.0651277847278 0.103882277140 0.0881809690465 -0.352885206032 -0.627684397304 -0.912251555868 -1.24354968774 -1.31846438362 -1.34675116791 -1.41025523912 -1.39026049796 -1.45777116512 -1.44866670208 -1.46064471527 -1.36522194194 -1.90496440248 -2.15979573486 -2.50110695693 -2.10694402796 -0.648472525929 0.810746702293 -0.414683438969 -1.85781319594 -0.841796229461 0.754664868726 0.0184711684244 -1.03782276793 -0.153567244856 1.54715389033 -0.294450451477 -2.07870113799 -0.966783404572 1.66943376446 -0.796650486802 -1.52600230416 -1.22629759901 0.265344772045 0.114138893773 1.15093319483 1.17592197519 -0.276250268949 0.498670278229 0.860161532254 0.333241957401 1.66524183015 -0.498656797359 0.188426787737 0.252032334032 0.525368290405 0.671008253938 0.253744779168 0.208265124831 -0.609560053422 -0.985596226509 0.0186579397762 -1.88074038928 1.33444596720 -0.869806655428 0.997097176179 0.843799526827 0.304775429751
# mat_params[1]:
 7.42368285467 10.2712058836
# mat_params[2]:
 7.41931863301 10.6613242865
# mat_params[3]:
 5.25854360572 7.88820773354
# log_m_devs:
 0.0661980015698 0.112253442066 -0.178451443636
# log_slx_pars[1]:
 1.44227860648 -0.356664284690
# log_ft_pars:
 -1.00680663405 -1.08078013638 -1.51417483530 -1.37818697516 -1.06435375050 -0.914183683213 -0.979317723870 -1.37561546957 -0.969842661713 -1.75609317936 -1.91987500644 -0.928320733600 -4.24948629291 -0.841525548308 -3.15184921875 -2.30904850717 -2.01277042889 -1.54134438987 -1.37095251591 -2.27872840574 -2.39961814081 -2.46485697082 -2.70641937993 -2.16245322226 -2.47990698430 -3.13945022186 -2.58534699865 -1.93378716454 -1.92888906537 -1.37361961287 -0.836581822622 -0.791065389256 -1.10723543922 -1.46944126997 -1.38787730562 -0.589032155787 -1.06141329680 -1.42141493086 -4.15450644771 -4.17941519393 -3.36899365179 -2.89112046485 -3.17435781808 -3.37057100520 -3.16274707741 -3.06701728101 -1.95190973611 -2.40656205575 -9.04768403464 -4.29055863747 -2.59248201570 -2.30605147553 -2.68058211814 -2.15991802345 -2.23871199627 -2.34055805136 -2.05652597172 -2.25627650601 -2.89523463028 -2.19630374602 -1.73610593385 -2.65972768212 -3.60028382126 -2.87039945447 -2.06417216409 -2.55935281302 -3.01440838284 -1.89027634490 -2.16066584063 -2.94141169516 -2.68761662103 -3.34820200244 -2.39255151130 -2.55454082469 -3.17550759125 -2.79497694004 -2.62176887144 -2.52320941557 -2.27813734944 -2.07455178331 -2.23686512855 -2.04974590970 -1.89157840638 -1.95116908426 -2.78732009975 -1.47930404748 -2.31951011346 -2.33367022871 -2.23872233572 -3.92370974176
