# Number of parameters = 94 Objective function value = -346.049610927404  Maximum gradient component = 4.52169996505173e-005
# theta[1]:
-0.666099215597
# theta[2]:
3.73431768968
# theta[3]:
5.60749088427
# theta[4]:
5.83285242938
# theta[5]:
1.00806754331
# theta[6]:
4.00000000000
# log_rinit_devs:
 2.85724648465 1.71229857522 0.0331686580458 -2.21854270322 -2.38417101469
# log_rbar_devs:
 -0.281335241525 -1.58608803001 -0.618025396162 0.938300766460 0.130009050995 -1.11786064300 -0.127823875177 1.72797126800 -0.307875637423 -1.91180638142 -1.00481571326 1.85778740915 -0.651105973442 -1.50081043773 -1.10892721424 0.348243494697 0.0775877250430 0.898119835640 0.776481940577 -0.819243330113 0.123941914774 0.434241045978 0.0505826259896 1.26753794023 -0.567054121132 0.0403422128411 0.259514635669 0.602220613369 0.808453115279 0.539062183529 0.504552419222 -0.380500376482 -0.744989933658 0.222532284840 -1.59486738401 1.52848714347 -0.835639841339 0.898337257709 0.899403087446 0.225059559215
# mat_params[1]:
 3.75000000000 4.87500000000
# log_m_devs:
 0.175016599056 -0.276485582137 0.101468983082
# log_slx_pars[1]:
 1.48978801137 -0.303201605314
# log_ft_pars:
 -1.51265680545 -1.99077631110 -1.54658561865 -1.47995167762 -1.54001968817 -1.27505741108 -1.46120783376 -2.00527655425 -1.33041870759 -0.955902202171 -1.90242893746 -2.75954187363 -2.05759350135 -1.36449368996 -1.94280662076 -2.35415712401 -1.11152235778 -1.09495302630 -1.70133673049 -1.41184290114 -2.29214506076 -1.42698876241 -1.66336261709 -2.22757001477 -1.94779670192 -1.95014361936 -2.03516602325 -1.88423076773 -1.72024469031 -1.78716540556 -1.58937222778 -1.45499041723 -1.55996736987 -2.43815716085 -1.12362281062 -1.75806499920 -1.51465311634 -1.22124265313 -2.78923166358
