# Number of parameters = 202 Objective function value = -3661.03871606552  Maximum gradient component = 0.000299123877923637
# theta[1]:
0.0311228084024
# theta[2]:
10.0962149205
# theta[3]:
8.92899088694
# theta[4]:
9.28324959991
# theta[5]:
1.17923186841
# theta[6]:
4.00000000000
# log_rinit_devs:
 -0.221936229811 -0.136040926227 0.0653182941213 0.0665142425041 0.226144619413
# log_rbar_devs:
 1.29047363167 1.08784181716 0.834236096206 0.836824167475 0.657774012111 1.01195464527 0.602311771559 0.509063565938 0.501805510235 0.590661670759 0.514340053895 0.450379381950 0.506702054386 0.557909103376 0.765314241162 0.633492534391 0.730686202469 0.539235168772 0.793188284639 0.557179219348 0.554244246252 0.633999569773 0.553899129711 0.301096613819 0.406224601277 0.450589016473 0.334583238574 0.742168666210 0.246032653001 0.0459659761723 -0.0973518578088 0.170804868734 0.301822810400 -0.0996944646343 -0.220694671498 -0.294475394096 -0.489744066993 -0.504882377601 -0.544660888649 -0.670029275182 -0.666389602035 -0.772243220435 -0.771644374734 -0.757608190307 -0.625854668050 -1.22249780143 -1.46771319725 -1.88634430382 -1.72698433738 -0.327599515109 1.24815063495 -0.00575874861593 -1.40505277881 -0.410540357689 1.16187861542 0.441488522440 -0.605780690072 0.229784659798 1.95450362680 0.143846896870 -1.63479187243 -0.598896163481 1.98235270895 -0.462540177126 -1.23314050146 -0.994586379064 0.432068360204 0.338292431745 1.34409441689 1.36612789807 -0.0681888871967 0.690541697218 1.00127561789 0.441965026394 1.80255830182 -0.570278440231 -0.0903532937879 -0.249857643305 -0.186170584752 -0.187839152286 -0.555609910328 -0.614724499532 -1.60619385564 -2.05051305922 -1.07391858325 -3.03521359929 0.179900868658 -2.06649319563 -0.227600236755 -0.397026538002 0.00584654767695
# mat_params[1]:
 8.31701926062 10.6600330442
# mat_params[2]:
 8.71117930103 12.1134485592
# mat_params[3]:
 6.25909616011 9.00665842765
# log_m_devs:
 0.159128118412 0.0398175508346 -0.198945669247
# log_slx_pars[1]:
 1.76268601159 -0.203805311262
# log_ft_pars:
 -1.55383721309 -1.61880808818 -2.02300504026 -1.85362003782 -1.51646876849 -1.39844848565 -1.47431724167 -1.87154724226 -1.47514941084 -2.23035950068 -2.32032726559 -4.18933569403 -4.65691299616 -1.61631035323 -3.51537120220 -2.57520432004 -2.24447232069 -1.80045237440 -1.70789660277 -2.64016193811 -2.74980561068 -2.80625712609 -3.01826486598 -2.44220700165 -2.74696684292 -3.37043381001 -2.76785555317 -2.13229606445 -2.10616783661 -1.57049447863 -1.12763851014 -1.24039870632 -1.72068334721 -2.16863956395 -2.18444519698 -1.58633902369 -2.27485508543 -2.73555722187 -5.45934493395 -5.41806683768 -4.56500906667 -4.05576786701 -4.31547701308 -4.49578500850 -4.28256214527 -4.16721251162 -3.09815482935 -3.56436318520 -10.1233563060 -5.33753915623 -3.67669981002 -3.31745999830 -3.79803479904 -3.45625362353 -3.48904648793 -3.44461164468 -3.20194465369 -3.51461280713 -4.08309253408 -3.25541788445 -2.92134195625 -4.01173239420 -4.78995476629 -3.81030359548 -3.08244101486 -3.77304234886 -4.15273292815 -2.83757024725 -3.05988109425 -3.80051220833 -3.53930930641 -4.28658410080 -3.32820715628 -3.42486372792 -4.02755473273 -3.56067268913 -3.41222820703 -3.32160820509 -2.86223418873 -2.37063817667 -2.35893720023 -2.13675717464 -1.98537655714 -2.06613422505 -2.86572378281 -1.44225176174 -2.08043824787 -1.91788704260 -1.84406579758 -3.54277982945
