# Number of parameters = 94 Objective function value = -294.168325418318  Maximum gradient component = 5.66812219100036e-005
# theta[1]:
-1.07057468537
# theta[2]:
2.93843809352
# theta[3]:
5.03286589978
# theta[4]:
5.20194962433
# theta[5]:
1.16954433796
# theta[6]:
4.00000000000
# log_rinit_devs:
 3.04006830375 1.87711180588 0.162773314439 -2.30971746493 -2.77023595914
# log_rbar_devs:
 -0.313583232331 -1.59743159936 -0.630607075071 0.871230989052 0.128871290874 -1.09375968717 -0.132878471697 1.69155725486 -0.274718467401 -1.91388979715 -1.00755172183 1.72874265998 -0.630546700537 -1.47855341180 -1.10316093618 0.332833665116 0.122092858359 0.904933776127 0.803682974896 -0.696669832364 0.212721760671 0.509132212280 0.103661434112 1.29022157397 -0.491717056202 0.0966885023552 0.303846050554 0.644009088653 0.840275243831 0.563074143368 0.540431331939 -0.331679352723 -0.711876909515 0.213000017047 -1.58766237595 1.44417722657 -0.866175006360 0.737903516271 0.567314067012 0.212059995736
# mat_params[1]:
 3.00000000000 3.30000000000
# log_m_devs:
 0.232686762792 -0.273996189550 0.0413094267575
# log_slx_pars[1]:
 1.38665453386 -0.285280780974
# log_ft_pars:
 -1.38857151952 -1.83915772251 -1.42470692135 -1.39070380397 -1.44699297640 -1.14333312803 -1.33352558151 -1.91677287817 -1.23864330702 -0.799807605116 -1.74923904777 -2.64212674792 -1.92754968602 -1.17503114345 -1.76883299584 -2.28027825025 -1.08432177012 -1.04253481528 -1.64366993539 -1.35449744818 -2.20676753970 -1.36185093662 -1.60860853861 -2.16861055686 -1.88440335447 -1.86057199086 -1.95829181730 -1.83982696799 -1.68937675980 -1.74245529988 -1.52364242947 -1.37022136111 -1.46001079685 -2.36265209680 -1.06532754513 -1.67415289057 -1.46654378789 -1.13572621119 -2.67989081683
