# Number of parameters = 204 Objective function value = -3578.64747450762  Maximum gradient component = 0.000847710674431509
# theta[1]:
-0.410320437592
# theta[2]:
7.27896662140
# theta[3]:
6.31870632819
# theta[4]:
6.77432306754
# theta[5]:
0.755323657312
# theta[6]:
4.00000000000
# log_rinit_devs:
 0.155107076806 0.127893885464 0.130988288024 -0.0220704457235 -0.391918804571
# log_rbar_devs:
 1.42728406485 1.24895366029 1.06927300026 1.08648124192 0.919016915580 1.15331075804 0.763887362326 0.663807728036 0.608305142339 0.680980309812 0.621550870530 0.579620541453 0.654346099954 0.734344282664 0.967078752252 0.973516765725 1.13061570254 0.926082367868 1.07035740526 0.852522541232 0.859142571546 0.937752257200 0.883378474266 0.694776008327 0.800846115073 0.872277951218 0.807160139608 1.17737204391 0.765822270034 0.541771033893 0.267829407714 0.291356296562 0.263624909792 -0.178567684176 -0.450920334054 -0.763631157211 -1.14370820196 -1.25549415779 -1.30164214758 -1.36792616884 -1.35262824852 -1.42819766743 -1.42823751445 -1.44999558744 -1.35464093287 -1.91618128327 -2.22966416823 -2.65867580619 -2.36232085479 -0.860782798605 0.571200773564 -0.645303578490 -2.06437343001 -1.05187692018 0.510696744987 -0.206946394498 -1.24241259654 -0.362226486481 1.28477257060 -0.504138053622 -2.26524964760 -1.16316974154 1.41855093649 -0.961054163973 -1.67524880134 -1.36364235228 0.115555834608 -0.0274491234422 0.997035746460 1.02230287359 -0.387133168135 0.383087869205 0.761397321139 0.283527431299 1.57087906943 -0.436993722741 0.293328249506 0.450677093440 0.833375710150 1.13348597535 0.706111902340 0.639089686965 -0.270666936753 -0.739645474278 0.148989814144 -1.95746952123 1.11289571987 -1.37504231815 0.298894832047 -0.0368737573698 0.409829754802
# mat_params[1]:
 7.05788910280 10.2229396581
# mat_params[2]:
 4.75843951740 7.20631407252
# mat_params[3]:
 4.08450514448 6.16675198310
# log_m_devs:
 -0.0473511419667 0.0966344624803 -0.0492833205136
# log_slx_pars[1]:
 1.37178901435 -0.407400625267
# log_slx_pars[2]:
 -0.716687974745 -18.9964938918
# log_ft_pars:
 -1.13379064746 -1.19623431409 -1.61773203168 -1.47525453362 -1.16017688411 -0.999500537214 -1.04897424322 -1.42320997887 -0.994010077340 -1.74851151103 -1.89061968239 -1.19968333313 -4.23244847189 -1.05345947393 -3.14563527442 -2.31480240714 -2.05578741447 -1.57928567707 -1.40653111569 -2.31174729897 -2.42545544559 -2.48889129705 -2.72973797613 -2.18040324657 -2.49302890464 -3.15595847951 -2.60520388294 -1.96437784399 -1.96306029440 -1.40077950975 -0.859702684634 -0.813522430988 -1.13004804013 -1.48487027166 -1.38902744300 -0.573937089531 -1.01560347622 -1.34496086382 -4.06272642739 -4.08567142964 -3.27122656085 -2.78665027453 -3.06473443419 -3.25240277409 -3.03398435859 -2.92583496905 -1.77480232601 -2.18204877825 -8.78203454890 -4.06453293943 -2.34141601342 -2.06824836515 -2.43803112657 -1.92936765019 -2.00164066876 -2.11369416096 -1.81280131158 -2.01948721800 -2.64655700726 -1.95625242983 -1.45985945334 -2.40747454289 -3.36140052153 -2.65996952223 -1.83372852542 -2.35976705017 -2.87328379755 -1.76740540404 -2.00733527354 -2.79463344103 -2.55622088326 -3.23552232201 -2.30434872480 -2.49690018299 -3.10932281027 -2.75858636389 -2.60985215450 -2.58906840429 -2.45200204703 -2.37305662809 -2.46829048430 -2.21526493746 -2.00116153678 -1.98540492052 -2.73613449755 -1.36001766771 -3.08305553308 -2.47040837821 -2.21850178414 -3.69737093496
