# Number of parameters = 55 Objective function value = -1186.91251844706  Maximum gradient component = 1.97928866779359e-005
# theta[1]:
-0.493307890300
# theta[2]:
4.45840571390
# theta[3]:
6.18476940654
# theta[4]:
6.39709438998
# theta[5]:
1.12680196649
# theta[6]:
4.00000000000
# log_rinit_devs:
 2.83027411061 1.63016475344 -0.0495730204901 -2.16380335483 -2.24706248873
# log_rbar_devs:
 -0.222541045354 -1.57453589084 -0.590521387959 1.00056706257 0.208070845759 -1.00743668568 -0.0503831200763 1.79627842954 -0.212972846004 -1.84381708037 -0.892246431163 1.96185990104 -0.602241958419 -1.43623055376 -1.08828685668 0.351626037145 0.0964237663596 0.968371416983 0.816904109788 -0.801344565364 0.128731560441 0.476310235824 0.0723617773269 1.30198576231 -0.573441888923 0.0575639507012 0.247644377193 0.602085761661 0.821462601608 0.489857089109 0.437413870154 -0.437979040263 -0.828244177130 0.172847254137 -1.81283831538 1.36909590534 -0.688768510053 1.06139644259 0.224972195839
# mat_params[1]:
 4.87120690724 7.41232241603
# log_m_devs:
 0.192337151190 -0.192337151190
# log_slx_pars[1]:
 1.58602055338 -0.249367077964
# log_ft_pars:
 -13.5000000000 -13.5000000000 -13.5000000000 -13.5000000000 -13.5000000000 -13.5000000000 -13.5000000000 -13.5000000000 -13.5000000000 -13.5000000000 -13.5000000000 -13.5000000000 -13.5000000000 -13.5000000000 -13.5000000000 -13.5000000000 -13.5000000000 -13.5000000000 -13.5000000000 -13.5000000000 -13.5000000000 -13.5000000000 -13.5000000000 -13.5000000000 -13.5000000000 -13.5000000000 -13.5000000000 -13.5000000000 -13.5000000000 -13.5000000000 -13.5000000000 -13.5000000000 -13.5000000000 -13.5000000000 -13.5000000000 -13.5000000000 -13.5000000000 -13.5000000000
