# Number of parameters = 203 Objective function value = -3522.67086355109  Maximum gradient component = 0.000179045521889211
# theta[1]:
0.0429117488785
# theta[2]:
9.52288711697
# theta[3]:
9.10031978567
# theta[4]:
9.42869571137
# theta[5]:
0.586393924884
# theta[6]:
4.00000000000
# log_rinit_devs:
 -0.118756206373 -0.0684611041223 0.0865406772520 0.0480930822831 0.0525835509599
# log_rbar_devs:
 0.659978933918 0.503614854313 0.306737250491 0.375186960313 0.255939789031 0.639926191852 0.305543690125 0.278836361785 0.311080259559 0.438926691036 0.398897196719 0.374097979073 0.466047968548 0.562565023526 0.819258871295 0.773344482332 0.956941964688 0.747421319043 0.956053839825 0.691282611543 0.654975780405 0.698666003594 0.587471478901 0.314813696639 0.383408935809 0.390227287585 0.244966025865 0.617631951283 0.125382766892 -0.0764149326380 -0.234014622247 -0.0185314293159 0.0668440560144 -0.354171617163 -0.513606144480 -0.634794846792 -0.875898623203 -0.952216043387 -1.05038668153 -1.21797125313 -1.26739885808 -1.40185540557 -1.43764756554 -1.48636169077 -1.39255092437 -1.91757677371 -2.03530956263 -2.25416149342 -1.78759288786 -0.324831342487 1.30053409705 -0.0637602647660 -1.43681397470 -0.438584708074 1.14711373478 0.426344488638 -0.606002176735 0.225502362328 1.90812176677 0.160090717440 -1.53620933334 -0.563773877820 1.95938599099 -0.419216469762 -1.16953977692 -0.916302949640 0.499616350018 0.414152342553 1.43739024601 1.46346113436 0.0549770503631 0.816106931300 1.13831486075 0.646819299513 1.95364432737 -0.221576462524 0.348243828592 0.327734613397 0.553256465377 0.747156153087 0.322058662079 0.247464747925 -0.781393238721 -1.27340068322 -0.303193936622 -2.36838216065 0.927089856964 -1.43448721551 0.361896666077 0.158297643198 0.315085368385
# mat_params[1]:
 8.28911228947 11.1486689320
# mat_params[2]:
 6.57554906373 8.95136174986
# mat_params[3]:
 6.54393059665 8.88696207618
# log_m_devs:
 -0.0583774632362 0.0583774632362
# log_slx_pars[1]:
 1.71799183656 -0.208361431498
# log_slx_pars[2]:
 1.76796886328 -0.495592857381
# log_ft_pars:
 -1.68595178838 -1.77187638645 -2.22300051352 -2.10762883240 -1.83351091672 -1.75074216559 -1.88514998736 -2.35127304815 -2.01904445752 -2.82498491922 -2.95601992150 -3.11474389803 -5.36049117829 -1.82983196636 -4.28025477473 -3.39582644257 -3.13372431758 -2.66048397485 -2.53001555443 -3.43413673894 -3.50916228997 -3.52714255564 -3.70299330950 -3.10537617178 -3.37871765619 -3.96305190808 -3.32864980143 -2.64763295902 -2.60238788354 -2.06270598758 -1.62482901919 -1.71813817568 -2.14545669289 -2.56093485541 -2.54895838358 -1.92325493247 -2.57906046672 -2.98987352708 -5.65577233900 -5.56170721526 -4.65377205525 -4.09541927724 -4.30131084462 -4.43628370143 -4.18437124583 -4.04596215327 -2.97910374160 -3.49437402974 -10.1918818252 -5.58511920454 -4.12175405939 -3.72872559650 -4.14539291881 -3.72279268391 -3.79423227863 -3.76738902704 -3.50248527773 -3.78139807407 -4.39869395995 -3.57197512371 -3.18792446617 -4.21481721308 -5.07625491019 -4.13257471965 -3.37228750326 -3.98590591668 -4.39159054324 -3.16556897725 -3.49972497089 -4.25867333717 -3.96714610360 -4.67845518788 -3.72407567148 -3.84258167983 -4.51286159759 -4.04039441865 -3.88674937004 -3.80176066736 -3.45704967102 -3.18315278668 -3.14353924477 -2.84727087113 -2.59019917063 -2.55700737054 -3.27699084840 -1.81405713710 -1.99983911974 -1.86326571192 -1.82584757631 -3.50201873146
