# Number of parameters = 207 Objective function value = -3708.68458262922  Maximum gradient component = 0.000107882550242596
# theta[1]:
-0.370047681205
# theta[2]:
6.85229622985
# theta[3]:
6.68057643431
# theta[4]:
7.15747104509
# theta[5]:
0.571652835846
# theta[6]:
4.00000000000
# log_rinit_devs:
 0.218629038134 0.106270386908 0.0963498619827 -0.0346933005653 -0.386555986459
# log_rbar_devs:
 0.833816973351 0.645628251335 0.432662630286 0.515288507750 0.420910204261 0.699964697547 0.344281783141 0.257127762805 0.258389846431 0.285008723376 0.267433518834 0.281153200929 0.368202503503 0.564193309792 0.755521518295 0.798273656604 0.988335461092 0.788910906293 0.935355034399 0.713418660727 0.709559974936 0.776360755903 0.709092877539 0.503870791522 0.590945689450 0.642919488856 0.560260033985 0.912139321628 0.500461647462 0.284659928216 0.0192527438710 0.0464945112359 0.0249960011660 -0.397896636757 -0.633893035161 -0.912438558001 -1.26108781366 -1.36549779999 -1.41428034937 -1.49034685853 -1.48131269193 -1.56184729893 -1.56495658766 -1.58918219906 -1.48867870467 -2.00418854691 -2.20756307705 -2.48215382822 -1.98265873913 -0.537275278805 0.914021402493 -0.348960374652 -1.81060337338 -0.778930488150 0.836858832323 0.0926109812658 -0.962811001296 -0.0867921311150 1.63126448537 -0.230468449831 -2.00817833219 -0.849854060249 1.84229349326 -0.661700113656 -1.37633467286 -1.06738556617 0.430861772079 0.284491104536 1.34456080378 1.37799695744 -0.0848922771739 0.704062659285 1.07434735959 0.563495105850 1.89578052000 -0.272223895848 0.410649796060 0.468748260657 0.736199133323 0.885899582473 0.467435463723 0.427521917982 -0.393165066010 -0.773760130239 0.237540232779 -1.67593082692 1.55740183011 -0.638252541586 1.24167978430 1.07878177175 0.456107138207
# mat_params[1]:
 6.92210676224 10.0621957404
# mat_params[2]:
 7.20954735359 10.4891073929
# mat_params[3]:
 5.55827372966 8.27786884944
# log_m_devs:
 -0.0948729789295 0.0833277818214 0.125120200791 -0.113575003683
# log_slx_pars[1]:
 0.352463800804 -4.84490653663
# log_slx_pars[2]:
 1.31917456781 -0.594784076592
# log_slx_pars[3]:
 1.66810898707 -0.236708573053
# log_ft_pars:
 -1.50484829177 -1.54935483313 -1.91461588563 -1.79898565045 -1.50885352035 -1.50133351503 -1.52247970206 -1.90625224244 -1.53530124546 -2.36633986783 -2.52370261305 -2.18043844000 -4.98127618295 -1.93313709272 -4.07147294341 -3.21741861193 -2.33523250392 -1.86763948713 -1.70582258191 -2.62364794401 -2.72498694875 -2.77568005874 -3.00552157864 -2.44253516744 -2.73647450483 -3.38184119710 -2.81253233833 -2.14888842785 -2.14363006969 -1.56269621948 -1.01739647714 -0.988041357678 -1.32551533673 -1.69423560557 -1.60034548941 -0.814706372380 -1.31658615310 -1.67777406082 -4.39486197761 -4.40104929506 -3.57306089922 -3.08244222901 -3.35755128133 -3.53846870166 -3.31129038035 -3.21421548342 -2.08834846589 -2.55316815167 -8.57793349010 -3.68727799313 -1.78275341414 -1.54550053673 -2.14360984199 -1.80263342204 -1.68439113122 -1.67481923204 -1.48256358821 -1.80671612581 -2.26773496790 -1.50170626656 -1.22161300407 -2.36282861321 -3.10620697060 -2.25498164258 -1.63766470016 -2.37333972611 -2.77751151203 -1.47637428400 -1.59568267224 -2.34847060772 -2.19214199300 -3.00546614206 -2.05971980361 -2.19112360244 -2.73132771593 -2.35752289785 -2.30345235266 -2.30539092358 -2.01140919217 -1.72633954973 -1.84379686849 -1.70334260489 -1.59899092469 -1.72237665301 -2.58457424836 -1.24323419258 -1.89449943376 -1.81437772360 -1.79124740158 -3.53204592810
