# Number of parameters = 207 Objective function value = -3639.33112405601  Maximum gradient component = 0.000101019440512422
# theta[1]:
-0.423384478381
# theta[2]:
6.73543690898
# theta[3]:
6.48107263974
# theta[4]:
7.01876708344
# theta[5]:
0.579920874751
# theta[6]:
4.00000000000
# log_rinit_devs:
 0.238688498758 0.116733890115 0.102109426938 -0.0383033638204 -0.419228451991
# log_rbar_devs:
 0.959828750244 0.760965119529 0.535729964444 0.616922314268 0.515608841631 0.797328505436 0.417451568169 0.313345827815 0.303203250372 0.309044317810 0.280934969375 0.285253893375 0.384694886032 0.597559479062 0.786039355245 0.817590527062 0.982355979074 0.760699650580 0.922474674302 0.708271358551 0.721881532895 0.807823425048 0.753463776944 0.564047028773 0.684369336453 0.760598146484 0.685646148378 1.06451987066 0.624938838602 0.372851612902 0.0851548769989 0.127022879150 0.114399335434 -0.352483886978 -0.661970203886 -0.988108126865 -1.35355971603 -1.43853464107 -1.46480553131 -1.52756515951 -1.50531354577 -1.57165540758 -1.55643872013 -1.56590551559 -1.45452575894 -1.99761968470 -2.23662545744 -2.55362914144 -2.12768879434 -0.653177215282 0.784736007466 -0.459307347980 -1.89034479338 -0.873633487386 0.708577672834 -0.0215837666203 -1.06933963118 -0.184166267119 1.48881081932 -0.325289069750 -2.07673707484 -0.970607409743 1.65167150663 -0.775515704511 -1.49269567495 -1.17547055708 0.310348991755 0.168068867280 1.21022434226 1.24075505604 -0.186178803498 0.599740178265 0.978830592089 0.502334750964 1.80956969540 -0.232701261875 0.500533378197 0.649617027241 1.02581026942 1.32584782622 0.897931540240 0.843442822583 -0.0904220782183 -0.556230305918 0.403784733826 -1.71811421084 1.50176394435 -0.972690655395 0.853537159367 0.670022778662 0.532654605636
# mat_params[1]:
 6.79575238523 9.93466907650
# mat_params[2]:
 7.17548743989 10.4724107361
# mat_params[3]:
 5.21356787374 7.82610173956
# mat_params[4]:
 4.97212207411 7.35766833153
# log_m_devs:
 -0.0816078662004 0.0816078662004
# log_slx_pars[1]:
 -0.0553207022736 -6.48776932562
# log_slx_pars[2]:
 1.45674704464 -0.411985527621
# log_slx_pars[3]:
 1.61783463027 -0.388054010115
# log_ft_pars:
 -1.43394352746 -1.47280635327 -1.83278157982 -1.71254044455 -1.41362187075 -1.39735390360 -1.40316182521 -1.77207783157 -1.38313178951 -2.19775172598 -2.34860929918 -2.18850110004 -4.81603702652 -1.76612585536 -3.90761101485 -3.05565486179 -1.91124165965 -1.44375297010 -1.27152993302 -2.18071043628 -2.30925625771 -2.37592041417 -2.62162949542 -2.08464592367 -2.40468437897 -3.06507923146 -2.51543326684 -1.85612904855 -1.86087398584 -1.31858931693 -0.778521789527 -0.710019442504 -1.00121222510 -1.36305036172 -1.28625069982 -0.460781376068 -0.877915470402 -1.19884490568 -3.92169982330 -3.95504648968 -3.14789954055 -2.66946454640 -2.94758253203 -3.14838205331 -2.95281631611 -2.86987860257 -1.75932472289 -2.22356848870 -8.87768388774 -4.08285149606 -2.31247571987 -2.09905327436 -2.54762247940 -2.04159284487 -2.01892793130 -2.13494349728 -1.89279384058 -2.10074890179 -2.64623590814 -1.98441295690 -1.57879237354 -2.53816519022 -3.38287627253 -2.69883748357 -1.96158827407 -2.49947881870 -2.92988075546 -1.79026179932 -2.02543278906 -2.82062512185 -2.62559183027 -3.32579256544 -2.36434416012 -2.55436257386 -3.15233932673 -2.82061836897 -2.70951332282 -2.66699143723 -2.49523268431 -2.39869131334 -2.50461944197 -2.26973982365 -2.06520385195 -2.06519711581 -2.80179506199 -1.43480296928 -1.66329536936 -1.51656107482 -1.39688207486 -2.97714317474
