# Number of parameters = 205 Objective function value = -3704.23776495849  Maximum gradient component = 0.000468540704564218
# theta[1]:
-0.312577865903
# theta[2]:
8.15882190592
# theta[3]:
7.18610747850
# theta[4]:
7.56791315889
# theta[5]:
0.857561710541
# theta[6]:
4.00000000000
# log_rinit_devs:
 -0.0110571782784 0.00487176076753 0.0830458268508 -0.00377289514669 -0.0730875141932
# log_rbar_devs:
 1.28897796541 1.10239398845 0.896659069264 0.917275945893 0.751754636258 1.04785154471 0.660694743220 0.574843862797 0.544555259975 0.624727124836 0.572509931942 0.561854797329 0.676924438395 0.771527245263 0.977041762419 0.866386049943 0.916054113211 0.724234904243 0.912545985565 0.678730570211 0.671762767148 0.740591241650 0.661530610551 0.433751532480 0.522866262991 0.566597351544 0.468398282593 0.846971042482 0.395293342761 0.174830523908 -0.0592064147695 0.0471837225562 0.0767411468896 -0.348968258148 -0.548434129130 -0.737636494483 -1.01883628374 -1.08143569853 -1.13238685476 -1.23449186956 -1.23642851474 -1.33487223230 -1.34881793022 -1.38655684738 -1.29887176160 -1.85589476126 -2.05749851183 -2.34200372904 -1.90895604271 -0.484629173804 0.997607300278 -0.260194431045 -1.69584092272 -0.676631856841 0.924283830250 0.195339024463 -0.854643204992 0.00632219403136 1.71476053029 -0.113360239550 -1.86924797964 -0.778129567783 1.85569749161 -0.617442977797 -1.35325830997 -1.07010435583 0.395694310760 0.264496428921 1.30067197031 1.33035446745 -0.114709233069 0.666106998492 1.01753102363 0.503537840059 1.88565324279 -0.334834112457 0.300819820910 0.238149946268 0.362299542477 0.366836787700 -0.0566512765956 -0.114581709184 -0.984442757555 -1.40306696419 -0.419078281374 -2.36648714970 0.822521929193 -1.40237869973 0.487353637932 0.380695918010 0.210213535279
# mat_params[1]:
 7.56293789077 10.2889137262
# mat_params[2]:
 7.69864168574 10.7767891561
# mat_params[3]:
 6.32084343195 9.32300745001
# mat_params[4]:
 5.14009857799 7.65752893304
# log_m_devs:
 0.172604837991 -0.172604837991
# log_slx_pars[1]:
 1.40218124656 -0.325416334694
# log_slx_pars[2]:
 1.69620797340 -0.233898655915
# log_ft_pars:
 -1.46992697274 -1.55540999882 -1.96003034036 -1.79280617917 -1.46831304450 -1.35913795702 -1.43935103186 -1.81943578759 -1.40626433038 -2.18433768080 -2.31465176430 -2.12575137980 -4.70982781305 -2.13438756078 -3.70417660922 -2.80116709208 -2.46193120332 -1.99402988917 -1.85888867643 -2.77417648068 -2.87165689228 -2.92070460820 -3.13970801480 -2.56221350099 -2.85317960091 -3.48850320541 -2.90447718672 -2.26311325898 -2.23941077718 -1.65770728588 -1.12945354225 -1.15478419870 -1.55506778286 -1.94271186171 -1.87084768985 -1.15167955069 -1.73958354255 -2.15090583858 -4.87054996735 -4.84965599206 -4.00450691136 -3.49917623280 -3.76573989790 -3.93148091991 -3.68804586648 -3.55768369254 -2.43743769576 -2.89054083290 -8.87144644298 -3.99627806393 -2.15484756596 -1.89466020843 -2.47190933845 -2.13659878629 -2.05346111120 -2.03499423345 -1.84030226408 -2.16685327319 -2.64019816104 -1.85695448026 -1.57631637740 -2.71168603705 -3.43647277616 -2.53514864109 -1.88826515921 -2.61591283231 -3.00099939339 -1.68139586061 -1.82237964439 -2.57195099006 -2.38891464638 -3.18583172181 -2.23306295939 -2.35530280465 -2.92643414739 -2.54244032730 -2.47892742692 -2.46106478693 -2.10697751438 -1.72463281767 -1.81095917993 -1.65307943477 -1.54049546051 -1.65237829487 -2.50128191400 -1.12686443631 -1.66641252819 -1.51591746269 -1.45111821799 -3.19536617898
