# Number of parameters = 205 Objective function value = -3667.62330789855  Maximum gradient component = 0.000360301792775942
# theta[1]:
-0.302180046290
# theta[2]:
7.76827381549
# theta[3]:
6.55961390361
# theta[4]:
7.13175090862
# theta[5]:
0.473058591648
# theta[6]:
4.00000000000
# log_rinit_devs:
 0.0192641783337 0.0189227249489 0.0919059878596 0.0310967074840 -0.161189598626
# log_rbar_devs:
 1.51698970356 1.31860771151 1.11079102737 1.12283963840 0.954783113110 1.19563482513 0.790318808040 0.675815339543 0.585484434643 0.611410916766 0.524607229739 0.477544979186 0.550598970980 0.594819994700 0.767480981191 0.699009791592 0.788978957388 0.597737140996 0.736239429712 0.502777730227 0.506060755352 0.581685475834 0.525555395434 0.329048672423 0.420866490698 0.484698213268 0.422230280856 0.793878542002 0.399343369262 0.208806414272 -0.0489841487200 -0.0386668073227 -0.0791801580313 -0.506139447404 -0.724787347278 -1.01294194406 -1.41355542043 -1.54850664002 -1.60721107401 -1.66453573955 -1.63604174867 -1.70307575125 -1.69610075065 -1.71187982877 -1.59555466446 -2.09893554510 -2.30307799761 -2.59902551799 -2.13333761030 -0.679783297216 0.745192157060 -0.513207007348 -1.95729624805 -0.931457814146 0.660940331991 -0.0670951897435 -1.10716931368 -0.239631258111 1.43742216035 -0.388853787106 -2.13673189116 -0.992557024315 1.66022509736 -0.789418696994 -1.49314687548 -1.17669570110 0.309929980479 0.175559661756 1.22911781150 1.26471643352 -0.162071602564 0.628552813582 1.01575473320 0.549435188236 1.85214830708 -0.187284692384 0.544816162008 0.687878509586 1.05796181151 1.34442739227 0.907569579530 0.853067853911 -0.0640104783400 -0.528403362822 0.441919857473 -1.62890034490 1.61670539918 -0.857797367823 0.951514159510 0.726932200765 0.566618159888
# mat_params[1]:
 7.04546261563 10.2593313172
# mat_params[2]:
 5.39646789290 8.10641017401
# mat_params[3]:
 5.16668070994 7.62666410295
# log_m_devs:
 -0.0340921168399 0.0340921168399
# log_slx_pars[1]:
 1.22641569366 -0.590354682619
# log_slx_pars[2]:
 1.67937822553 -0.179288581860
# log_slx_pars[3]:
 1.63893126733 -0.387675933108
# log_ft_pars:
 -1.65829231677 -1.72244449983 -2.10444879828 -1.92567282577 -1.59642742900 -1.45902418101 -1.50665309934 -1.84655566883 -1.39611869781 -2.12893483700 -2.22234495930 -2.40192290834 -4.56844637897 -1.69120088655 -3.44307321636 -2.52905089624 -2.18438436424 -1.71292422780 -1.55169177579 -2.46394572010 -2.56919729300 -2.63598074977 -2.87675128865 -2.31126910921 -2.61675492999 -3.28382592929 -2.72552894826 -2.09359085261 -2.08296571017 -1.48958926744 -0.934067090251 -0.909554212491 -1.25650620068 -1.61004736371 -1.50629581588 -0.704888898089 -1.17646848965 -1.52279308837 -4.24964694513 -4.27490249483 -3.46726106662 -2.99215065790 -3.28800032425 -3.48216821396 -3.26565486304 -3.16096628411 -2.03349910386 -2.49525446799 -8.42012957961 -3.54758631666 -1.59931940258 -1.34731068515 -1.95402433768 -1.64406213992 -1.53149604773 -1.50559625469 -1.29368006970 -1.63896261466 -2.09833551064 -1.30807701878 -1.00757881466 -2.18740589138 -2.95268870987 -2.08492816601 -1.45237761298 -2.22700502845 -2.68519035587 -1.38902760200 -1.47432154948 -2.22114677434 -2.07161090880 -2.91307305429 -1.99567243629 -2.15233741670 -2.69604694032 -2.33430881834 -2.30446363270 -2.36646305805 -2.16143280238 -1.98265202847 -2.03986849786 -1.84427899445 -1.69004173626 -1.75828202428 -2.55225595436 -1.16044739331 -1.73229698767 -1.55250943541 -1.41691132422 -2.98518913007
