# Number of parameters = 208 Objective function value = -3693.25254891779  Maximum gradient component = 0.000131211516888372
# theta[1]:
-0.315769056716
# theta[2]:
6.89741683566
# theta[3]:
6.86102663025
# theta[4]:
7.40258931246
# theta[5]:
0.516295054969
# theta[6]:
4.00000000000
# log_rinit_devs:
 0.271525271965 0.143976973113 0.102700709252 -0.0750317838024 -0.443171170528
# log_rbar_devs:
 0.724112075128 0.538881664583 0.356206835251 0.459357624566 0.359971947382 0.691144906413 0.351555317688 0.331717689235 0.374260943691 0.516221826224 0.536848339338 0.506479660678 0.503722491232 0.597468338203 0.703663985491 0.752606185433 0.964330698408 0.762600819044 0.934342722626 0.702503896909 0.696784241748 0.766029871297 0.690256145108 0.467793408183 0.558203109626 0.607052346857 0.512373077996 0.885898750845 0.445066639151 0.219218250683 -0.0441869513101 0.0160465013878 0.0164173076627 -0.421418354370 -0.655445408215 -0.911633090691 -1.24381603905 -1.33328532045 -1.38364911058 -1.47374330918 -1.47039804790 -1.56191628943 -1.57025031459 -1.60301411824 -1.50289460813 -2.04818441053 -2.25562553697 -2.54159114307 -2.09231778948 -0.655942423829 0.792565327057 -0.470410639261 -1.91039425836 -0.885084749113 0.710849509401 -0.0145585181042 -1.05736742489 -0.192653667300 1.49638300392 -0.321643071359 -2.06493625497 -0.936004280241 1.70972839691 -0.741513503215 -1.45511642490 -1.14724557697 0.329925752479 0.200399134889 1.24959715619 1.28447281031 -0.147128215317 0.643537596672 1.01742101181 0.541183483686 1.84773025463 -0.233866259727 0.475208532717 0.596976296597 0.975301117391 1.31600603989 0.879220886092 0.836829274325 -0.0766343097652 -0.528014091522 0.465036853215 -1.58405926503 1.66877258371 -0.692586225103 1.15538732292 0.950726951727 0.536132086555
# mat_params[1]:
 7.06920810966 10.0652373455
# mat_params[2]:
 7.32695101563 10.5446566025
# mat_params[3]:
 5.83182923581 8.75107162437
# mat_params[4]:
 5.59388459551 8.05381823772
# log_m_devs:
 -0.137907441411 0.0744821427908 0.0634252986206
# log_slx_pars[1]:
 1.05886206901 -0.544096956972
# log_slx_pars[2]:
 1.35030921475 -0.549581965833
# log_slx_pars[3]:
 1.70031194524 -0.219680157376
# log_ft_pars:
 -1.27314209402 -1.35406595369 -1.75836293498 -1.65110731143 -1.38170564995 -1.36614502525 -1.46896272204 -1.90135102836 -1.57743100798 -2.46720021546 -2.68738501636 -0.912402695912 -4.97323793696 -0.745375051440 -3.84082006973 -3.03969095463 -2.38565527054 -1.91956605624 -1.76497212421 -2.68634099276 -2.78722917712 -2.83446942277 -3.06022286600 -2.49255063401 -2.78050046078 -3.41753651373 -2.84128669737 -2.17745705921 -2.17227156445 -1.59154765575 -1.04395317194 -1.02130103948 -1.37490183338 -1.75587576195 -1.66880144730 -0.896131169603 -1.41953059535 -1.79166276394 -4.50544240998 -4.50025380751 -3.66245170479 -3.16315662969 -3.42982370361 -3.60220851123 -3.36790128129 -3.26337617153 -2.13306988902 -2.58642008472 -8.54343442026 -3.64757275383 -1.70423289824 -1.46796221530 -2.09501575884 -1.79858834997 -1.67395128351 -1.63871327276 -1.44582659998 -1.79995700085 -2.23957931479 -1.44941243301 -1.18124702083 -2.37117491827 -3.09709818204 -2.20677680411 -1.59121199003 -2.37789251971 -2.80698411266 -1.48515707552 -1.57005159808 -2.31745575146 -2.17178256194 -3.01426441400 -2.08562322732 -2.22886066210 -2.76333106128 -2.39603758024 -2.36374097839 -2.41390019483 -2.17572793491 -1.97740401720 -2.03968142595 -1.85839764786 -1.71675925411 -1.79294822374 -2.59064157564 -1.19969207581 -1.85059537222 -1.71092440232 -1.61668798283 -3.27325287265
