# Number of parameters = 202 Objective function value = -3606.91619930582  Maximum gradient component = 4.65478272154697e-005
# theta[1]:
-0.339144623244
# theta[2]:
7.73961338856
# theta[3]:
6.55534823677
# theta[4]:
7.01861478049
# theta[5]:
0.720872630200
# theta[6]:
4.00000000000
# log_rinit_devs:
 0.0583046529997 0.0586736879510 0.105505998646 -0.0187367472247 -0.203747592372
# log_rbar_devs:
 1.57973696970 1.39486738323 1.19670291168 1.20201183115 1.02260836694 1.29237042777 0.886685446540 0.783284533498 0.735427471291 0.810014635903 0.748848636903 0.726343173942 0.831173570710 0.918587613401 1.12385736687 1.02041718034 1.05456402916 0.849693852708 1.02432835289 0.802228846643 0.809314964857 0.891930906947 0.830039609503 0.625916767746 0.737631697608 0.805283726086 0.724407445228 1.11312519810 0.663229470364 0.420540270487 0.146060074405 0.205020933443 0.198625763058 -0.266411077215 -0.544300984430 -0.833528948672 -1.18615005461 -1.27418305110 -1.31756542237 -1.39861150126 -1.38952897458 -1.47482610797 -1.47789758683 -1.50465197700 -1.41096047222 -2.00229659797 -2.30506344094 -2.70859995835 -2.38544302454 -0.901312494741 0.523988217599 -0.694868133485 -2.10915678626 -1.09849800878 0.464531358180 -0.251622056959 -1.28945442875 -0.407817587483 1.24093031982 -0.548771252770 -2.28914256560 -1.19910504548 1.38349329555 -1.00299595987 -1.71976200309 -1.40675887661 0.0659119775691 -0.0724185602686 0.952434107795 0.978679520447 -0.431528055561 0.342736631449 0.716127919679 0.241206404412 1.52681837747 -0.485277284976 0.243727177763 0.397149918336 0.778079072888 1.07709304147 0.651723991638 0.590723624786 -0.329967110851 -0.781815757020 0.198924715031 -1.84889748409 1.39768221121 -1.10752547108 0.657227423362 0.402504431919 0.450140936296
# mat_params[1]:
 7.25695885119 10.0806694005
# mat_params[2]:
 7.25945539873 10.4691411041
# mat_params[3]:
 5.00310992896 7.56238402933
# log_m_devs:
 0.0639993255226 -0.0624372941726 -0.00156203134994
# log_slx_pars[1]:
 1.43322658346 -0.350621526517
# log_ft_pars:
 -1.19406999961 -1.26897003142 -1.69068505688 -1.53503666296 -1.20594497939 -1.05377976261 -1.11279362448 -1.48864203447 -1.05678376435 -1.80890180343 -1.93941896991 -1.46290336932 -4.30870428608 -1.40651418988 -3.26593241216 -2.38930300251 -2.06209904695 -1.59463182293 -1.43190695521 -2.34033568531 -2.45758282366 -2.51965538275 -2.75715870438 -2.20736840731 -2.51729981867 -3.17044954356 -2.61131046015 -1.96523161267 -1.96102167944 -1.40341453680 -0.863470993731 -0.818664229991 -1.14121167030 -1.50402637718 -1.41798491233 -0.616406591655 -1.07932068574 -1.42491963935 -4.14129822089 -4.15164824158 -3.32668657780 -2.83312235770 -3.10033619035 -3.28153857998 -3.06082165297 -2.94792800201 -1.80185512495 -2.21423292067 -8.81363507454 -4.06763266189 -2.31687818243 -2.05406990920 -2.46914377834 -1.98048811260 -2.01274108183 -2.11199641282 -1.84128482219 -2.06321311593 -2.65097961545 -1.95324928877 -1.50911333819 -2.48173625332 -3.38013873886 -2.65615831678 -1.87820993573 -2.42842011220 -2.90761727118 -1.77338657311 -2.00744401955 -2.78902821884 -2.56651461338 -3.26630523490 -2.32354086560 -2.50925440193 -3.11438723903 -2.75879536609 -2.63417960443 -2.61133244410 -2.45795044651 -2.36818456109 -2.46477471121 -2.22450786599 -2.01824005684 -2.01594279216 -2.77673424624 -1.41923577308 -2.24143180715 -2.14128405954 -1.87627223533 -3.38993725487
