# Number of parameters = 209 Objective function value = -3698.54367187518  Maximum gradient component = 9.88572806686565e-005
# theta[1]:
-0.0857652726624
# theta[2]:
9.16807746161
# theta[3]:
8.13879760773
# theta[4]:
8.50061341929
# theta[5]:
1.08827209960
# theta[6]:
4.00000000000
# log_rinit_devs:
 -0.160495177442 -0.0983243628168 0.0632329160668 0.0424804497966 0.153106174395
# log_rbar_devs:
 1.20835131017 1.00767325904 0.766755284568 0.792425318551 0.630023178545 0.989695973395 0.588874774840 0.506942930954 0.493330614681 0.576146152437 0.504749510411 0.458930274057 0.542954995653 0.619573326108 0.836154047800 0.713639973501 0.813715621585 0.608382384951 0.856633847179 0.622489490318 0.628693235390 0.715229896573 0.640059338686 0.398851618139 0.515620643557 0.567312260655 0.454081093961 0.865869133555 0.348074920007 0.107284419392 -0.0873382119300 0.133670518652 0.230379908085 -0.209301148867 -0.376371369786 -0.488932821021 -0.700567374801 -0.715332210960 -0.750540447148 -0.867357302273 -0.861877534573 -0.963729625127 -0.964173333600 -0.975114031259 -0.863199058511 -1.45251495952 -1.66695542615 -2.01183239047 -1.73286404402 -0.337910476763 1.19295023345 -0.0572766203956 -1.46896708958 -0.471102083605 1.10962156674 0.383526524024 -0.671424771626 0.176213270758 1.89932336695 0.0770813371488 -1.68948422028 -0.649175222585 1.95212674685 -0.509830926665 -1.27355003241 -1.01861492279 0.421413202480 0.313555741537 1.32834386281 1.35259997988 -0.0867535247327 0.683510196758 1.00660723937 0.465876524183 1.87147165752 -0.473517649884 0.0626246701300 -0.0936639323876 -0.0470899122774 -0.0952813158419 -0.474198950407 -0.515188138604 -1.39916442742 -1.79925128858 -0.779133666759 -2.68960424970 0.593524788856 -1.86955159400 -0.109963980543 -0.415742976535 0.0505030995498
# mat_params[1]:
 7.94744934137 10.4619457435
# mat_params[2]:
 8.17441134082 10.8043086608
# mat_params[3]:
 7.64335439431 10.9089763999
# mat_params[4]:
 5.62538396682 8.19726718226
# log_m_devs:
 0.145949975755 0.0963229319336 -0.256442938022 0.0141700303335
# log_slx_pars[1]:
 1.58732832561 0.144655177724
# log_slx_pars[2]:
 1.69106933434 -0.274276636751
# log_slx_pars[3]:
 1.68619373495 -0.295936753284
# log_ft_pars:
 -1.85853965554 -1.93410921430 -2.29943243176 -2.12157334774 -1.79299440399 -1.75856261393 -1.82302979531 -2.19546310001 -1.80001991027 -2.59551301065 -2.69849014105 -4.41629603341 -5.05477073632 -2.22216153430 -4.01164107054 -3.06625834211 -2.04580246691 -1.60749655123 -1.49853220251 -2.42752826905 -2.55009277600 -2.60971891478 -2.83051643453 -2.27289843961 -2.58270358493 -3.20935551447 -2.61911543681 -1.96807101026 -1.95403994298 -1.42644746660 -0.950975561451 -0.985248679592 -1.39728603727 -1.83004914351 -1.83413755898 -1.18775707708 -1.82886304219 -2.27384675375 -4.99887202635 -4.96907111033 -4.12122405819 -3.61581508005 -3.86986866435 -4.04708422112 -3.82980753791 -3.72278856526 -2.65071264474 -3.13277548127 -9.72580615107 -4.88249847383 -3.15100812072 -2.85524404787 -3.36954440739 -2.98504745147 -2.95507618204 -2.94991134959 -2.74533501546 -3.03401507006 -3.55184125148 -2.77363835525 -2.47138912895 -3.53150535359 -4.25906040310 -3.34968274792 -2.66930090911 -3.32286509285 -3.65669587344 -2.36089777584 -2.59270761961 -3.34871334140 -3.12194200395 -3.86521776855 -2.88576245694 -2.99598494738 -3.61143395760 -3.19501635918 -3.08185460629 -2.97984484970 -2.52301653604 -2.05667582852 -2.12672956062 -1.95471374017 -1.83500436074 -1.94364042778 -2.77848727403 -1.40928389661 -2.06702148698 -1.77552129592 -1.54758879251 -3.06765927601
