# Number of parameters = 211 Objective function value = -3696.40710520059  Maximum gradient component = 0.000877634337494985
# theta[1]:
-0.299921419946
# theta[2]:
6.93413741116
# theta[3]:
6.75560305594
# theta[4]:
7.29699062460
# theta[5]:
0.505301323867
# theta[6]:
4.00000000000
# log_rinit_devs:
 0.259716086146 0.122570279749 0.0926116355886 -0.0618970013441 -0.413001000140
# log_rbar_devs:
 0.834434634575 0.644066594002 0.461834721633 0.556951350440 0.454345240610 0.761636509411 0.413274227161 0.380495212875 0.392831448628 0.506401776961 0.530399394387 0.494467012021 0.544218174319 0.629777968013 0.756117784596 0.793211572504 0.986062146875 0.787260799209 0.947016277580 0.720109295671 0.715021389060 0.782729463109 0.710922212932 0.496644171216 0.584738091589 0.634617621809 0.545545839747 0.907753493958 0.481499676926 0.260544484366 -0.00497596776432 0.0366163203647 0.0240718780265 -0.407908015771 -0.645284539968 -0.917168830701 -1.26241172863 -1.36304543800 -1.41484490051 -1.49946770061 -1.49530096756 -1.58383577923 -1.59245835868 -1.62450668884 -1.52679694659 -2.06094045334 -2.27653896575 -2.57491489708 -2.13678160382 -0.695588324997 0.743913121502 -0.514470889341 -1.95876482289 -0.933572645581 0.663801640653 -0.0620724799378 -1.10458450623 -0.241207663632 1.44858474974 -0.375091434295 -2.12789958620 -0.984884141624 1.67034685189 -0.786067444225 -1.49701070122 -1.18735779080 0.297543460838 0.168988621076 1.22240399232 1.25525162499 -0.178158316978 0.610608354822 0.988387952708 0.509159850327 1.81008409882 -0.274407676954 0.431535892456 0.558697345162 0.942334756864 1.29808956606 0.867165814067 0.825114699340 -0.0617578233017 -0.488900380741 0.517872119791 -1.50702155832 1.77403834039 -0.656868689439 1.17172333130 0.935930597335 0.535675092521
# mat_params[1]:
 6.97031898553 9.99106608519
# mat_params[2]:
 7.24059337067 10.4850423374
# mat_params[3]:
 5.66434749919 8.54870085381
# mat_params[4]:
 5.50652422124 7.92501956990
# log_m_devs:
 -0.153629458459 0.0348222141808 0.0119472561136 0.106859988164
# log_slx_pars[1]:
 1.09846673520 -6.78448164009
# log_slx_pars[2]:
 1.33150459699 -0.577441042214
# log_slx_pars[3]:
 1.72387750580 -0.138187728424
# log_slx_pars[4]:
 1.62463193491 -0.414209802132
# log_ft_pars:
 -1.36690915058 -1.44593687113 -1.84136989488 -1.72457621740 -1.45162150043 -1.42082678796 -1.51489391039 -1.92485795922 -1.57917951376 -2.44378748956 -2.65153077440 -1.17999730136 -4.98168578306 -0.983637765562 -3.88583820858 -3.07097579284 -2.36498694931 -1.89896714161 -1.74085539422 -2.66046548764 -2.76132284739 -2.81020658476 -3.03784734491 -2.47215980035 -2.76247620507 -3.40332558810 -2.83011229178 -2.16590990303 -2.16040435463 -1.57847780175 -1.03116462087 -1.00393870235 -1.34797611211 -1.72113460487 -1.62832461962 -0.845867877850 -1.35360065973 -1.71613138682 -4.42921197680 -4.42848281705 -3.59393212807 -3.09686752435 -3.36530903588 -3.53927289251 -3.30556175445 -3.20160841509 -2.06680628561 -2.51744726377 -8.42354931615 -3.55140583306 -1.61313360764 -1.33487551080 -1.93207479499 -1.64659372030 -1.56022232663 -1.51589346485 -1.29036695994 -1.65037130117 -2.12820458693 -1.31740472040 -1.01287137920 -2.21363694027 -2.99726630073 -2.09444558415 -1.44252593430 -2.23680403996 -2.71134881927 -1.40271065027 -1.47515009658 -2.21223781065 -2.04771306002 -2.89180309362 -1.98284577544 -2.13148400827 -2.66650866787 -2.28449981080 -2.23972468278 -2.29935744199 -2.07829939697 -2.03504592897 -2.13253049501 -1.97267003227 -1.83324526392 -1.91313337855 -2.69483994824 -1.31895840635 -1.95467045593 -1.82602416387 -1.71808377693 -3.28299715441
