# Number of parameters = 94 Objective function value = -328.344939437041  Maximum gradient component = 9.75095885576545e-005
# theta[1]:
-0.957051672135
# theta[2]:
3.18038910567
# theta[3]:
5.18972084551
# theta[4]:
5.36582007856
# theta[5]:
1.14941805682
# theta[6]:
4.00000000000
# log_rinit_devs:
 2.98882492079 1.81827752469 0.123860471415 -2.28297288671 -2.64799003019
# log_rbar_devs:
 -0.290574569923 -1.59949819321 -0.624112756913 0.906762922866 0.145068131548 -1.07490539100 -0.113430389656 1.71697957655 -0.267874196335 -1.92206151913 -0.987262739624 1.78327776349 -0.631986762416 -1.47260495083 -1.10244968152 0.341502931250 0.118322255157 0.928379991457 0.806311530370 -0.729224299819 0.178900730535 0.495474097024 0.0870307529545 1.28112720357 -0.522883962311 0.0776647558489 0.282380937545 0.623597377337 0.822307890180 0.536212519404 0.498715829932 -0.359800705727 -0.735886749681 0.207491165559 -1.60574370497 1.47249505800 -0.865375445949 0.781611735252 0.599728885983 0.214331977193
# mat_params[1]:
 3.25000000000 4.87500000000
# log_m_devs:
 0.227141336156 -0.279118840589 0.0519775044332
# log_slx_pars[1]:
 1.41559504764 -0.281506415952
# log_ft_pars:
 -1.45355756025 -1.90952406510 -1.48468529673 -1.44507646438 -1.50229219224 -1.20753843621 -1.39974896225 -1.97487900169 -1.29503660072 -0.871794965772 -1.82554820840 -2.71022695549 -1.99450288904 -1.25374649024 -1.84479071560 -2.32869010668 -1.11818087035 -1.08551267193 -1.68979685964 -1.39763934076 -2.25879569302 -1.40946453990 -1.65554332568 -2.21336551960 -1.92784093803 -1.90863399889 -2.00370247797 -1.87694924279 -1.72128746024 -1.77480385877 -1.55733729519 -1.40541348195 -1.49695364057 -2.39396693966 -1.09301901491 -1.71283465860 -1.50503433829 -1.19037609519 -2.73762420697
