# Number of parameters = 200 Objective function value = -3597.93369511218  Maximum gradient component = 0.000353093149030261
# theta[1]:
-0.388019967892
# theta[2]:
7.32399855289
# theta[3]:
6.39035969180
# theta[4]:
6.91760810808
# theta[5]:
0.669052736256
# theta[6]:
4.00000000000
# log_rinit_devs:
 0.165129960129 0.131578500834 0.124188198339 -0.0492705594331 -0.371626099869
# log_rbar_devs:
 1.43297867657 1.25445126998 1.07575150473 1.09623316474 0.926997454857 1.17848819033 0.790616324491 0.701090186234 0.666057663706 0.752542121208 0.683096444388 0.620432984107 0.676672042998 0.719543764864 0.896903103870 0.814072779866 0.836614969055 0.630088038692 0.778586136046 0.568055215629 0.584417364526 0.674020178606 0.628419239420 0.448292170848 0.569515064116 0.654493841467 0.595783371087 0.977333816759 0.562584961877 0.330336045366 0.0464827295419 0.0685210566263 0.0425351531877 -0.410430318180 -0.705860426882 -1.04675159871 -1.44592627984 -1.55512183010 -1.58497107952 -1.63225274488 -1.59815454774 -1.65373984110 -1.63216850241 -1.63560719906 -1.51691032761 -2.04217680946 -2.28799667506 -2.62224871893 -2.20780709737 -0.724400280049 0.713381210490 -0.514736859301 -1.93859221226 -0.926749282787 0.646038259511 -0.0781318882130 -1.12162200961 -0.239005276619 1.42330794202 -0.378414646196 -2.13476871528 -1.03642321235 1.56586556669 -0.839918297489 -1.55801810968 -1.24604944266 0.238439729850 0.0966671705166 1.12936499674 1.15662423399 -0.263961465706 0.514595070270 0.893072117978 0.413522468051 1.71349675583 -0.316119434909 0.416843932994 0.569837571924 0.950224969271 1.25222268205 0.824350083803 0.763771673367 -0.165813890308 -0.624586550248 0.352761949623 -1.71751572373 1.51689590601 -0.961253545588 0.820068345973 0.588871193098 0.521973979978
# mat_params[1]:
 7.19463616340 10.1058412848
# mat_params[2]:
 7.15291894423 10.5095412227
# mat_params[3]:
 4.98272038626 7.50332762858
# log_m_devs:
 0.00000000000
# log_slx_pars[1]:
 1.39684949680 -0.397563224401
# log_ft_pars:
 -1.04080551948 -1.11265355644 -1.54148411036 -1.40177386969 -1.08547685252 -0.931884611561 -0.991533205863 -1.37629331531 -0.956457415073 -1.73000630841 -1.88552691804 -0.868386408741 -4.17480246755 -0.775679424735 -3.03424096019 -2.18062209289 -1.86093553236 -1.38830254552 -1.20327041186 -2.10698891599 -2.23550241664 -2.31070733662 -2.56535014754 -2.02968882333 -2.35503983154 -3.03042877038 -2.49158712211 -1.84875082698 -1.85698741415 -1.30466450091 -0.757751590368 -0.692286919802 -0.991002612166 -1.34831223806 -1.26110639046 -0.423778266229 -0.824716251772 -1.13358866568 -3.86181559997 -3.91006770550 -3.11700620349 -2.65116819086 -2.94529767878 -3.15542666766 -2.96487182409 -2.88429360336 -1.76985189340 -2.23283079316 -8.89746067434 -4.15906706526 -2.44051414334 -2.16792569048 -2.54055207549 -2.02310354379 -2.09039845416 -2.20131165214 -1.90748570171 -2.10900978429 -2.73419342811 -2.04607611749 -1.56412631024 -2.50227020150 -3.45126806691 -2.74889964522 -1.93287146889 -2.44660674566 -2.93914076687 -1.83250920437 -2.08935308480 -2.87969064340 -2.63994121211 -3.31344687338 -2.37576185643 -2.56590610662 -3.18821164488 -2.83559191751 -2.68666885735 -2.65397063480 -2.50928519417 -2.43076617800 -2.52809328253 -2.27598286751 -2.05951257863 -2.04090433065 -2.79303623903 -1.43709589033 -2.27275647725 -2.21660744915 -1.95862118231 -3.49945717828
