# Number of parameters = 202 Objective function value = -3637.79391741650  Maximum gradient component = 0.000418002046667010
# theta[1]:
-0.301892011814
# theta[2]:
7.78314687417
# theta[3]:
6.83820987560
# theta[4]:
7.22116803363
# theta[5]:
0.875299598135
# theta[6]:
4.00000000000
# log_rinit_devs:
 0.0628022860380 0.0759445592265 0.121373344297 -0.00695841517225 -0.253161774389
# log_rbar_devs:
 1.30808207103 1.14138636934 0.959407957556 0.965945490299 0.796236771467 1.03710360470 0.669764440020 0.581550597468 0.551095916869 0.633699278474 0.584307333123 0.557197330846 0.634201173567 0.722098670909 0.959616850426 0.950408875997 1.09753994353 0.898995048169 1.05838892767 0.850636932930 0.852114594482 0.922267722697 0.859545170101 0.665607791044 0.764413637858 0.820439086414 0.739505063077 1.08646996516 0.658368332317 0.417665172918 0.158000786002 0.217818904664 0.214495896901 -0.217754620617 -0.471046627655 -0.714357987150 -1.00745311092 -1.06938052256 -1.10524109730 -1.18719854168 -1.18275180402 -1.26754352411 -1.27465868321 -1.29790642768 -1.22665363416 -1.80551703622 -2.10559513943 -2.50305169456 -2.19768896985 -0.743495864454 0.715542530221 -0.504568235718 -1.94610347565 -0.928785788625 0.666487678677 -0.0649860599726 -1.11584474143 -0.234834207207 1.45987121359 -0.374279662277 -2.15135675807 -1.04543719365 1.57814821896 -0.883261505409 -1.61224321303 -1.31664964515 0.167556300263 0.0193128778579 1.05416462138 1.07895174357 -0.370304372801 0.399862121439 0.757825072764 0.228365282427 1.55574333183 -0.618679522658 0.0591291032484 0.107677101769 0.363471595318 0.483617931778 0.0853904690253 0.0601665068931 -0.709915075382 -1.04282560538 0.0103712527966 -1.82051044154 1.49964564391 -0.960323301253 0.756204200194 0.385693457772 0.250630127043
# mat_params[1]:
 7.49723598585 10.4944907337
# mat_params[2]:
 5.39281592918 8.06850745186
# log_m_devs:
 0.0102807477646 0.133186811479 0.0459002564923 -0.286167793200 0.0967999774637
# log_slx_pars[1]:
 1.47910249664 -0.322056479892
# log_ft_pars:
 -1.16350837601 -1.22935666585 -1.65671050397 -1.51263502544 -1.19486564408 -1.03782323611 -1.09717993089 -1.48837324238 -1.07560501228 -1.83978142232 -1.97913856128 -1.38838744162 -4.34621361445 -1.14088844937 -3.26356239464 -2.41862282080 -2.15529825517 -1.68081998824 -1.52285796479 -2.43137837494 -2.54164467570 -2.59630913854 -2.82509174063 -2.27010410717 -2.57878172952 -3.22570638316 -2.65937919735 -2.00698960974 -1.99313126598 -1.43516509784 -0.908011731175 -0.885078963997 -1.22387714468 -1.59252848637 -1.51530269597 -0.749515479085 -1.26986291880 -1.65511927193 -4.38196876421 -4.38472032437 -3.55649167787 -3.06345072517 -3.33362066520 -3.51272233494 -3.28328151757 -3.16556907621 -2.03074291269 -2.44951040220 -9.03761487909 -4.27335143392 -2.56165392096 -2.27750679275 -2.68022661492 -2.17942466693 -2.23728368540 -2.32835865818 -2.06245010912 -2.27776855447 -2.89280146616 -2.18350246926 -1.75292803337 -2.70011257733 -3.60278462572 -2.85000417027 -2.07090587543 -2.58985046827 -3.02776337419 -1.88033209431 -2.14299985740 -2.91845055954 -2.67303470648 -3.34947388920 -2.38762844196 -2.54229825811 -3.15457896279 -2.76642285255 -2.60672435194 -2.50728796971 -2.24049869388 -2.01059386234 -2.18313782339 -2.01936266981 -1.88706755141 -1.98229049607 -2.85645138978 -1.58875980968 -2.51491825727 -2.32023559677 -2.03017125953 -3.49841484722
