# Number of parameters = 206 Objective function value = -3626.78079398308  Maximum gradient component = 5.17469060021148e-005
# theta[1]:
-0.218895535394
# theta[2]:
7.59274158340
# theta[3]:
7.54954327777
# theta[4]:
7.83438152779
# theta[5]:
0.785211562865
# theta[6]:
4.00000000000
# log_rinit_devs:
 0.0877370311964 0.0364633204339 0.0852399242749 -0.00159193462162 -0.207848341283
# log_rbar_devs:
 0.526985549236 0.369779656560 0.184683255064 0.286056903122 0.205133268052 0.546637826532 0.231177616027 0.199740749438 0.226531185047 0.321396984799 0.300750471255 0.307268564114 0.239651592277 0.390666636211 0.642454270635 0.652291531788 0.868568835865 0.660477285074 0.849376553991 0.628028295417 0.625758441492 0.694369697247 0.617681086609 0.400900896591 0.497984738396 0.536856583852 0.421071760806 0.776123520136 0.293758173431 0.0413874105061 -0.195303616429 -0.0812110137745 -0.0545974848588 -0.497452181432 -0.725247691365 -0.911765691895 -1.16211373967 -1.21566901907 -1.27172342041 -1.38477279442 -1.40019225185 -1.49003331541 -1.49135090639 -1.50884645837 -1.38725773619 -1.83500113957 -1.90598456643 -2.05547065352 -1.49190407946 -0.0461371783197 1.52727122240 0.197021460648 -1.23632249036 -0.217297063126 1.40143391351 0.653888459607 -0.409454635408 0.452530751500 2.18541301980 0.349497961074 -1.42435385964 -0.360379458224 2.27508688946 -0.221551845289 -0.972727968096 -0.699957312398 0.764616890486 0.647514141757 1.69951002606 1.72581807203 0.258309388219 1.03436786788 1.37081344160 0.830001645648 2.25073589340 -0.0755007037989 0.470806488215 0.307776324169 0.307053084296 0.188342183521 -0.210632741489 -0.276721086513 -1.12837182358 -1.52342532261 -0.523589007943 -2.42446266728 0.809246912364 -1.61978773475 0.129978534082 -0.128677342139 0.184664090184
# mat_params[1]:
 7.28971659989 10.4166760498
# mat_params[2]:
 7.27594127389 10.3734982116
# mat_params[3]:
 5.23698605062 7.73177127879
# log_m_devs:
 -0.0997254032123 0.0664996905025 0.205093741765 -0.212976740172 0.0411087111163
# log_slx_pars[1]:
 0.597128263053 -3.55795557476
# log_slx_pars[2]:
 1.58373782255 -0.343267764982
# log_ft_pars:
 -2.06562126530 -2.14597122866 -2.52703519767 -2.42766019084 -2.16703293319 -2.22394158343 -2.29382429107 -2.71474247707 -2.38506415677 -3.25208598843 -3.40193438015 -1.51448949015 -5.66970010153 -3.03672500934 -4.77606639679 -3.89082152551 -2.33495660899 -1.86972047727 -1.72718993017 -2.64220510649 -2.75556740434 -2.80139938766 -3.01597391236 -2.46417148881 -2.76742789028 -3.38722004890 -2.79828390936 -2.11487814528 -2.09090028998 -1.55764307079 -1.06353463394 -1.04904758229 -1.38114100361 -1.76714912450 -1.73098048652 -1.01979010140 -1.60057762688 -2.00485313072 -4.71081132094 -4.67674163061 -3.81640200738 -3.29841049151 -3.53682878122 -3.71022788415 -3.49886391925 -3.41111988024 -2.37155918255 -2.92995486981 -9.67786226047 -4.94706496734 -3.37390321513 -3.09495510026 -3.53564232539 -3.02731377522 -3.03767295388 -3.09856871215 -2.87125219242 -3.08616421526 -3.66301387564 -2.94070212941 -2.57813285892 -3.52133782198 -4.34485466128 -3.54874052652 -2.82395914103 -3.34167918174 -3.68057852155 -2.49243101714 -2.81384906155 -3.59821673366 -3.35353652383 -4.03072346058 -3.03210739505 -3.16699598158 -3.82348266564 -3.42507948611 -3.27354173406 -3.09371670726 -2.64076910014 -2.19354123306 -2.28858852590 -2.09252144355 -1.93340726247 -2.00938597419 -2.81951011383 -1.46430094191 -2.16702565658 -1.94629554192 -1.71763057146 -3.22167379731
