# Number of parameters = 203 Objective function value = -3601.02898211106  Maximum gradient component = 0.000382103987904123
# theta[1]:
-0.0720444160509
# theta[2]:
9.27144524495
# theta[3]:
8.54205088334
# theta[4]:
8.80099302148
# theta[5]:
0.891953636581
# theta[6]:
4.00000000000
# log_rinit_devs:
 -0.163203938571 -0.108845918371 0.0658925748624 0.0309924054162 0.175164876663
# log_rbar_devs:
 0.983022960454 0.778995171370 0.529230681334 0.597346470337 0.448072754715 0.910202780997 0.487911293594 0.436407721293 0.456513280325 0.583136391638 0.526841793951 0.517920142035 0.651429169465 0.749272807437 0.994603860522 0.826502366262 0.916818656836 0.690158899778 0.979866752680 0.686211611910 0.676784254385 0.765825490488 0.663676732617 0.363838653727 0.485525290746 0.530802769332 0.385122848215 0.889809256763 0.302978489053 0.0778683603757 -0.0995426949077 0.187149115241 0.310916661586 -0.191367700005 -0.372539190845 -0.507696467028 -0.786812983729 -0.860704489592 -0.962230154856 -1.14750882772 -1.19154646934 -1.33934660147 -1.36731340821 -1.40935046846 -1.26727919389 -1.86056197758 -1.98068229912 -2.19782547937 -1.69482527456 -0.226212512425 1.35902558809 -0.00253137220862 -1.36386518387 -0.371909437369 1.20667983237 0.479669227738 -0.576670480948 0.265236049630 1.96632818796 0.184617201435 -1.49835960160 -0.546040345138 2.01270698489 -0.391117895119 -1.15494936556 -0.889631838983 0.527066831759 0.436451508070 1.45226874910 1.47619579635 0.0531410322135 0.830985397089 1.14589528288 0.631821178393 1.99803816076 -0.269474361563 0.236295784442 0.0926466248947 0.124925807743 0.0540729267883 -0.334046031568 -0.411206219217 -1.37577657626 -1.82705164486 -0.873416971748 -2.82662340725 0.331899091096 -1.89214159687 -0.0849533391305 -0.223505424533 0.119886553751
# mat_params[1]:
 7.87490402689 10.3661588148
# mat_params[2]:
 7.93306659340 10.8669467688
# mat_params[3]:
 6.01469022344 8.73421918815
# log_m_devs:
 0.126726402315 -0.126726402315
# log_slx_pars[1]:
 1.59454518944 0.128348582654
# log_slx_pars[2]:
 1.69552692289 -0.283162582162
# log_ft_pars:
 -1.97169516385 -2.07153898796 -2.45200854759 -2.29279257480 -1.98475651805 -2.00391930986 -2.10102845735 -2.50090337935 -2.13305058875 -2.95921374132 -3.08560492505 -5.19757236978 -5.49918625315 -5.06969012404 -4.53734570373 -3.58963803391 -2.58196344496 -2.14531587488 -2.03717557874 -2.95862111588 -3.06352452091 -3.10398495524 -3.30162838799 -2.72916355593 -3.01691245577 -3.61415305290 -3.00245173773 -2.35593327740 -2.34662545060 -1.84050587446 -1.39965409354 -1.45812186486 -1.87623617843 -2.31103297306 -2.31749998708 -1.67987738788 -2.30300972992 -2.69469856501 -5.34697601763 -5.24542018192 -4.32950839865 -3.76183887189 -3.95296991014 -4.08523635072 -3.84330331224 -3.71733703402 -2.65141927310 -3.16076897165 -9.83661506067 -5.15702372517 -3.60542815015 -3.30205716649 -3.80356282395 -3.39746546204 -3.36760535323 -3.35396810864 -3.14026084254 -3.42044182970 -3.94156812710 -3.15556267726 -2.84136884140 -3.88984917022 -4.62910071413 -3.71629619549 -3.02567823558 -3.66846362588 -4.01022291964 -2.73997957750 -3.01500457560 -3.77949618336 -3.54287032269 -4.27912429806 -3.30057413130 -3.41821888113 -4.04935500046 -3.62388822151 -3.50286353626 -3.39672126592 -2.94622251107 -2.49398802135 -2.51438005050 -2.28546815506 -2.10906707690 -2.16625784492 -2.93601958367 -1.50321674230 -2.12084486917 -1.97984180679 -1.90388899504 -3.57534429265
