# Number of parameters = 205 Objective function value = -3517.18095496470  Maximum gradient component = 2404.64702278649
# theta[1]:
-0.509828884246
# theta[2]:
6.91524474771
# theta[3]:
5.80263100313
# theta[4]:
6.36985467521
# theta[5]:
0.618814156277
# theta[6]:
4.00000000000
# log_rinit_devs:
 0.218007095925 0.121602720522 0.115541074941 0.00583281811135 -0.460983709499
# log_rbar_devs:
 1.62423800741 1.42691211979 1.24120308173 1.25726572468 1.11391131412 1.28710037601 0.883214579896 0.749163397407 0.608707157898 0.562058035761 0.468072775695 0.414196157806 0.515923545589 0.582995610649 0.732956384069 0.722426299252 0.824338255990 0.657596852004 0.709910938547 0.459460200703 0.470080602254 0.547441893716 0.528443151847 0.387415438695 0.477433504831 0.570444636814 0.570739358910 0.928427872184 0.625870173650 0.505010089958 0.272627240032 0.194167688026 0.0725771675454 -0.331828047720 -0.512666759269 -0.862764705429 -1.42772135022 -1.73208166879 -1.86642306581 -1.86757499131 -1.80341561736 -1.83000332303 -1.80383484671 -1.79173793616 -1.64230522291 -2.04577743569 -2.29134155127 -2.73129565823 -2.41636315627 -0.865889303262 0.619797874875 -0.545885338330 -1.95822282959 -0.948780467663 0.591445864736 -0.105049748034 -1.10761873359 -0.268680105680 1.35663263223 -0.347309290448 -2.11296208748 -1.09748577917 1.43744307660 -0.875993569204 -1.54344402485 -1.30523808398 0.160488759473 0.0643919263645 1.06732605120 1.08148755165 -0.311305523167 0.425556385092 0.838770163428 0.350062611913 1.60179641228 -0.403235439205 0.322369124966 0.515718586883 0.969327724079 1.34637555991 0.908736660184 0.850348694666 0.0104175003850 -0.367774293980 0.643963345846 -1.31210697472 1.92867762652 -0.518563925605 1.25696328763 1.05386345655 0.558390343168
# mat_params[1]:
 6.34606607377 9.71242048074
# mat_params[2]:
 4.01304174217 5.96293140371
# mat_params[3]:
 4.63094119407 6.79265592256
# log_m_devs:
 -0.102095239036 0.102095239036
# log_slx_pars[1]:
 1.09842888046 -1.22378562588
# log_slx_pars[2]:
 0.146549727485 -0.315766453629
# log_slx_pars[3]:
 1.48363156040 -0.509185429357
# log_ft_pars:
 -1.37824089366 -1.42336838553 -1.80466160839 -1.64539230660 -1.32614330247 -1.16808930224 -1.17045503323 -1.48173217692 -0.997054231561 -1.68727974484 -1.76901462047 -1.97285262601 -4.15085704244 -1.44544152384 -3.05817741905 -2.16521431934 -1.82841568725 -1.34777522443 -1.13603704138 -2.01742300139 -2.13524369745 -2.22401458870 -2.49144570843 -1.95241190237 -2.28647829079 -2.99665723196 -2.48302608346 -1.87557969842 -1.88152701087 -1.31308432658 -0.772551789268 -0.716199779213 -1.00324130120 -1.32381094027 -1.22092573028 -0.367129737799 -0.691929052954 -0.902493542786 -3.59964131359 -3.68347360584 -2.92363073762 -2.48211316729 -2.80848181841 -3.03969716505 -2.86425371645 -2.79353717411 -1.67339632844 -2.12748278759 -9.00580412460 -4.68041849539 -3.22630446259 -2.42636295135 -2.42175900990 -2.02322546506 -2.66911899472 -2.50036313654 -1.91660935241 -2.26826992092 -3.38671737768 -2.25255792046 -1.40013019375 -2.38520286118 -4.07558553370 -2.88810398741 -1.76488888054 -2.26815385333 -3.24551943421 -2.14331424695 -2.62725148892 -3.30208546153 -2.73587248935 -3.41153376747 -2.64380202577 -2.73538458994 -3.64233747365 -2.92364502770 -2.71274631569 -2.79105829607 -2.79705528371 -1.85884717157 -1.99888011951 -1.83718385330 -1.69094228816 -1.76681955440 -2.57442290198 -1.26602618169 -1.92361385767 -1.83595454639 -1.62196675679 -3.13671026748
