# Number of parameters = 206 Objective function value = -3561.32732975119  Maximum gradient component = 0.000167815693243802
# theta[1]:
-0.279018058911
# theta[2]:
7.12084800146
# theta[3]:
7.22428844639
# theta[4]:
7.67396074334
# theta[5]:
0.401687550118
# theta[6]:
4.00000000000
# log_rinit_devs:
 0.174071107840 0.0801368263445 0.0958661675298 -0.0226529183465 -0.327421183368
# log_rbar_devs:
 0.524473443393 0.359800355630 0.170278521023 0.292313549977 0.221663062862 0.580149742471 0.263340580880 0.243894413639 0.291947914943 0.409418345790 0.417580941439 0.457369923864 0.423219084701 0.595478152996 0.782770890274 0.795435521791 1.01666444136 0.805303598156 0.994380393876 0.756349840204 0.745621419524 0.808220610418 0.720021558807 0.488371529632 0.577020821828 0.608371269487 0.479436247275 0.837885422080 0.339556556933 0.0737480486290 -0.189840002317 -0.103995622050 -0.0999861987103 -0.575324839435 -0.847403743741 -1.09174765085 -1.39544842034 -1.47645829591 -1.54687671406 -1.66882492631 -1.69614112005 -1.79666409658 -1.80614301221 -1.83202659030 -1.71301637101 -2.19805336885 -2.30900081118 -2.49300967348 -1.95683495810 -0.486986592149 1.05335138828 -0.276308572519 -1.68819879431 -0.666865400357 0.925262975261 0.201394766793 -0.842798667959 0.0241263271230 1.69251278422 -0.0835709905141 -1.79707802544 -0.749166211755 1.83229949838 -0.581113823322 -1.30950959595 -1.01235425275 0.444828358422 0.329687061598 1.37300347848 1.40089013958 -0.0189631173558 0.766725015181 1.13561051902 0.669132861058 1.96614970837 -0.0766012068514 0.637413330050 0.769507657440 1.13458272945 1.43035230766 1.00183119655 0.948499195336 0.00238967337858 -0.497586557938 0.404040075771 -1.69369477363 1.45320447733 -0.932849790305 0.818969820634 0.575201461451 0.439389777887
# mat_params[1]:
 6.88411070471 10.0117811083
# mat_params[2]:
 6.56629982872 9.63710874687
# mat_params[3]:
 5.71795620445 8.34468662062
# log_m_devs:
 -0.161521124065 0.0400081456009 0.121512978464
# log_slx_pars[1]:
 0.536024832625 -4.58342778420
# log_slx_pars[2]:
 1.52753511877 -0.371304255793
# log_slx_pars[3]:
 1.68767036284 -0.388827445180
# log_ft_pars:
 -1.75241741899 -1.83305173359 -2.22396011323 -2.13859564950 -1.88847068264 -1.95082164577 -2.03472174352 -2.47486314407 -2.16527659324 -3.05660880127 -3.24045345844 -1.49082970839 -5.57852401821 -2.04629162562 -4.65043189439 -3.78122802965 -2.47215739491 -2.00565609324 -1.85763653989 -2.77139699986 -2.87825844785 -2.91589436662 -3.12374628810 -2.56314717318 -2.85431705764 -3.46434788154 -2.86606901367 -2.16836261224 -2.13567107141 -1.58500727381 -1.06448680332 -1.02208286268 -1.32621116990 -1.68954255104 -1.62413536654 -0.860887345246 -1.38159035979 -1.74400190666 -4.43244051001 -4.39457392273 -3.52520888437 -2.99370549959 -3.21829351073 -3.38092457393 -3.16166129875 -3.06345892139 -1.99208923356 -2.51397021977 -9.23899747935 -4.52185478812 -2.90710240578 -2.67950894272 -3.14085815897 -2.63647323743 -2.61337121316 -2.69852300395 -2.47786844595 -2.69623820234 -3.22723336764 -2.53430541645 -2.17055728088 -3.13414996485 -3.94230643184 -3.19562246198 -2.47960041736 -3.01749480761 -3.40235764902 -2.24253127341 -2.53107775359 -3.32342739827 -3.11016914227 -3.80599159477 -2.82998440392 -3.00958166115 -3.63466877987 -3.27224555056 -3.16301639995 -3.10473363463 -2.91000829359 -2.81062920184 -2.91458199942 -2.68092265027 -2.46978772690 -2.46976916665 -3.18237216324 -1.77088516807 -1.88809435580 -1.68684230317 -1.55867448299 -3.15150912545
