# Number of parameters = 203 Objective function value = -3631.47252120669  Maximum gradient component = 0.000519314698126761
# theta[1]:
-0.412793732371
# theta[2]:
8.01585793845
# theta[3]:
6.67403335347
# theta[4]:
7.09114562729
# theta[5]:
0.787676569617
# theta[6]:
4.00000000000
# log_rinit_devs:
 -0.00929210319185 0.0248528922095 0.102353593485 0.0279167054970 -0.145831088000
# log_rbar_devs:
 1.59950700360 1.41811308113 1.21822133726 1.19495331802 1.00742834018 1.21528550443 0.813551216043 0.674810492073 0.579707568933 0.607846135789 0.540481807322 0.523623577582 0.612447462201 0.689583171701 0.884714320567 0.804988154642 0.864710091326 0.661184277599 0.804223755321 0.603108340813 0.616076129084 0.696637436674 0.648596401803 0.473093069552 0.583637437741 0.657025284966 0.595692950816 0.946158709753 0.542589550130 0.307661316243 0.0340568720985 0.0625474948905 0.0427900405480 -0.386448786355 -0.659348131242 -0.947416128146 -1.27707985803 -1.34796640553 -1.36721914554 -1.41876179571 -1.38931067597 -1.44719584031 -1.43053689699 -1.43286997234 -1.33449422796 -1.86157820575 -2.11573028344 -2.45928107541 -2.08219602060 -0.625046722303 0.836195417595 -0.390520530095 -1.83712727246 -0.820375263808 0.779900823975 0.0426618500603 -1.01286682955 -0.129697186292 1.57267298832 -0.268381053757 -2.05512228187 -0.943640753880 1.69413584559 -0.777280867789 -1.50647049704 -1.20878876812 0.285047064167 0.135231752216 1.17643669369 1.20170420386 -0.254234197922 0.519910871789 0.882521675731 0.352369077107 1.68478205758 -0.487756891548 0.196375135679 0.254775772947 0.522388202962 0.662858554539 0.250147695851 0.209838171637 -0.596997205011 -0.967633655895 0.0133028449686 -1.92807137228 1.21875194845 -1.01910799913 0.819087247831 0.634031249186 0.316374001500
# mat_params[1]:
 7.39498782735 10.4883218458
# mat_params[2]:
 5.31555197732 7.93850673712
# mat_params[3]:
 5.25160022952 8.18860944760
# log_m_devs:
 0.151118386005 -0.151118386005
# log_slx_pars[1]:
 1.43512622242 -0.360340705889
# log_slx_pars[2]:
 1.68529862072 -0.247284259021
# log_ft_pars:
 -1.41640035074 -1.47102593278 -1.87460036183 -1.70190968713 -1.36237017177 -1.18364330551 -1.21380343315 -1.55856641043 -1.09359792172 -1.79476180409 -1.87954898115 -2.54974439298 -4.26532252200 -1.89730386098 -3.18778502997 -2.27852162533 -1.93620966932 -1.46568588505 -1.29493043791 -2.20210024547 -2.32432739111 -2.39290714374 -2.63903916279 -2.09669837690 -2.41899626881 -3.08712338404 -2.53994732283 -1.89463983913 -1.89367091258 -1.33736405665 -0.797642009941 -0.752896959593 -1.07250464473 -1.43612971569 -1.35344547311 -0.550573797513 -1.02030536352 -1.38412796186 -4.12810798637 -4.16474781352 -3.36569753075 -2.89885107698 -3.19545747833 -3.40067568913 -3.19779121299 -3.10902248662 -2.00030229654 -2.45902163923 -9.10181971841 -4.35447013245 -2.67116956184 -2.37370629332 -2.73088326418 -2.20089759876 -2.29963252463 -2.40197134304 -2.10858364129 -2.30401819237 -2.96152166086 -2.25881027785 -1.78425792116 -2.69738638402 -3.66190362721 -2.93051332830 -2.10865093617 -2.59078385384 -3.05276216912 -1.93795486455 -2.22306988493 -3.00646127962 -2.74265590735 -3.39359457549 -2.43943246796 -2.60088035247 -3.22983087653 -2.84316312782 -2.65813787773 -2.55229545398 -2.30518312168 -2.09988792905 -2.26635933460 -2.07999733034 -1.92384053932 -1.98632687888 -2.82540758959 -1.51892768868 -1.67989546012 -1.53211491062 -1.46138880115 -3.19426867995
