# Number of parameters = 201 Objective function value = -3506.99213743516  Maximum gradient component = 0.000380944964735412
# theta[1]:
0.0956806372375
# theta[2]:
10.4927901386
# theta[3]:
9.28195648946
# theta[4]:
9.60782024716
# theta[5]:
0.580313993125
# theta[6]:
4.00000000000
# log_rinit_devs:
 -0.284184379769 -0.170503203497 0.0631275737258 0.103921849390 0.287638160150
# log_rbar_devs:
 1.25723137455 1.03884505754 0.768953601361 0.765020979257 0.589311417193 0.979875416246 0.551944456805 0.465090518692 0.445548504106 0.528486132146 0.438878161750 0.381189313887 0.451988403721 0.512073029856 0.728341099567 0.588299226911 0.701466177189 0.500815563088 0.765812308176 0.500935321077 0.484313558389 0.554622774217 0.450876958214 0.165705736006 0.257305172690 0.278743729877 0.132467255221 0.556545230210 0.0312546646102 -0.171253756513 -0.321337498897 -0.0579210164620 0.0574766690012 -0.383900302456 -0.535021852929 -0.643622734170 -0.887712337130 -0.952970252600 -1.04387028369 -1.21307819461 -1.25033019661 -1.38337913203 -1.40712082974 -1.44496136547 -1.32548345413 -1.87515610249 -1.98429772131 -2.19489338710 -1.72004259048 -0.262622454469 1.36415490110 -0.0187954407342 -1.37289138085 -0.388071904873 1.18524648191 0.465406537436 -0.570231323120 0.255120506001 1.93423305382 0.192376166577 -1.47689623060 -0.538377874465 1.97472175875 -0.386161311163 -1.14054278101 -0.887384585322 0.517518096776 0.436311055218 1.45069047455 1.47615741967 0.0746049779314 0.839136221472 1.15410028648 0.665988577127 1.96391740509 -0.201925546859 0.350387465812 0.322842332619 0.533935612779 0.709189099871 0.297569361278 0.226328666371 -0.831785605288 -1.33874053521 -0.428431679004 -2.52552687756 0.588812691436 -1.75816839699 -0.0267166925847 -0.247512404155 0.288969071462
# mat_params[1]:
 8.38090165828 11.1567296639
# mat_params[2]:
 6.67914345809 9.07466887908
# mat_params[3]:
 6.60283994332 9.13386675325
# log_m_devs:
 0.0250707979040 -0.0250707979040
# log_slx_pars[1]:
 1.74695612447 -0.218736112707
# log_ft_pars:
 -2.15772695341 -2.19687722734 -2.59031875975 -2.41252156044 -2.07584302724 -1.94652517646 -2.02587230769 -2.43175570996 -2.04195907275 -2.78338965437 -2.85534273958 -6.45620965083 -5.17114989708 -6.21451063631 -4.05410989390 -3.10684221784 -2.77861529673 -2.34777821484 -2.25752345856 -3.19034571862 -3.29319980795 -3.33600772872 -3.53067488046 -2.94677884424 -3.23255311871 -3.82658933511 -3.19906266120 -2.53303740603 -2.49954813646 -1.97068616978 -1.54022884907 -1.63913856172 -2.08143420978 -2.51309516193 -2.51908461778 -1.90660853485 -2.56943141936 -2.98479940577 -5.65504125154 -5.56398921159 -4.66059526038 -4.10699006737 -4.31652473340 -4.45924947974 -4.22024624530 -4.09052730875 -3.03238661069 -3.55611435400 -10.2521505024 -5.62563984478 -4.14581753357 -3.75837970909 -4.19926815891 -3.80207710304 -3.84181610889 -3.79641373647 -3.53705590782 -3.82865640669 -4.41703383807 -3.58326136334 -3.21728608496 -4.27149896410 -5.09627430569 -4.13328867914 -3.38714307100 -4.03515408076 -4.43457311848 -3.18257706352 -3.49347019827 -4.24987124270 -3.96924637726 -4.69741840342 -3.74484015717 -3.85971705209 -4.51334979360 -4.04402574008 -3.90050925991 -3.82967662415 -3.47327632537 -3.17356987571 -3.12056016688 -2.82520202418 -2.57395840422 -2.54795782958 -3.25474774026 -1.76495014362 -2.56209643728 -2.37044895552 -2.22926370953 -3.80781005614
