# Number of parameters = 204 Objective function value = -3635.98963743657  Maximum gradient component = 0.000111852165924560
# theta[1]:
-0.321999153500
# theta[2]:
7.50482224164
# theta[3]:
6.58358210029
# theta[4]:
7.09918712981
# theta[5]:
0.579221251208
# theta[6]:
4.00000000000
# log_rinit_devs:
 0.0637844266407 0.0229936754144 0.0800436985148 0.00365252564935 -0.170474326219
# log_rbar_devs:
 1.34164212486 1.13502008825 0.914353755577 0.952828052414 0.803886388080 1.08313480491 0.671998801950 0.563962538534 0.499441464012 0.517830385982 0.442714155348 0.412431437267 0.537540942799 0.669934016873 0.907978829799 0.827766819706 0.889015414336 0.662462482060 0.836052786041 0.619354664837 0.637544914011 0.730055386467 0.677023021683 0.484563488436 0.613372411861 0.694754154332 0.619757469849 1.01447156875 0.561570815542 0.303292703615 0.0141282830795 0.0713724196336 0.0687177720631 -0.408067547447 -0.719630087625 -1.03769761465 -1.39319669931 -1.46476406022 -1.48417624847 -1.54644876189 -1.51940444310 -1.58422821028 -1.56459158685 -1.57088888527 -1.45503564838 -2.00761232942 -2.24210374655 -2.55323468511 -2.13231418466 -0.669208621293 0.767529971893 -0.473897995041 -1.90020710002 -0.886549630695 0.691123235179 -0.0357830394055 -1.08280971130 -0.199866518179 1.46944320552 -0.340404984774 -2.08107891472 -0.985957571648 1.62757106684 -0.795214156730 -1.51429511050 -1.19939805422 0.279238873215 0.138086505359 1.17521007748 1.20543669384 -0.219270241003 0.565965350987 0.940449217850 0.464429683887 1.76822127847 -0.270515049800 0.463328434104 0.611974585502 0.990735899298 1.29515792916 0.863194475610 0.808178781210 -0.128593324763 -0.609107228019 0.311618465245 -1.81367412985 1.32795354103 -1.16308348815 0.607947877370 0.397931541052 0.501608556292
# mat_params[1]:
 7.00865565388 10.0147796232
# mat_params[2]:
 7.28378972985 10.5380959052
# mat_params[3]:
 5.31611256972 7.97429058519
# mat_params[4]:
 4.78973175119 7.11626227278
# log_m_devs:
 0.00000000000
# log_slx_pars[1]:
 1.03116922471 -0.595635615368
# log_slx_pars[2]:
 1.47795155276 -0.398740781595
# log_ft_pars:
 -1.66373747256 -1.72125157459 -2.08273658415 -1.91853567836 -1.59426398728 -1.52492249472 -1.55213224003 -1.89270169821 -1.46067066152 -2.22793895860 -2.33365487850 -3.20079719585 -4.75561327499 -2.79201612723 -3.81253515197 -2.89891869208 -1.82880886558 -1.36989052092 -1.19978939587 -2.10744751041 -2.24070525607 -2.31101470002 -2.56046808919 -2.02700799220 -2.35018662998 -3.01325527527 -2.46697051243 -1.81265742300 -1.82214229784 -1.28559074994 -0.745557143378 -0.674730681072 -0.968595194854 -1.33642538072 -1.26628146822 -0.443679073491 -0.864105803980 -1.19221236158 -3.92118303891 -3.95747250228 -3.15365127320 -2.67865187931 -2.96005864510 -3.16437068269 -2.97274053431 -2.89313198081 -1.78896618173 -2.25807386348 -8.90993775533 -4.09718434510 -2.30834132238 -2.09900491433 -2.56773833488 -2.07392536878 -2.03406440300 -2.14192648537 -1.91314137258 -2.12945841831 -2.65512778400 -1.98748405798 -1.60398739850 -2.57578027191 -3.39212924792 -2.69329717201 -1.97541607745 -2.52605450894 -2.94276880110 -1.78752255729 -2.01578616003 -2.80605470661 -2.61697178030 -3.32644909426 -2.35997764373 -2.54512266053 -3.13797484311 -2.80298928663 -2.70227840029 -2.66171384983 -2.48471402298 -2.38635973350 -2.49515931269 -2.26659928311 -2.06490968066 -2.06803442134 -2.79673478498 -1.40963356706 -2.07332649883 -1.96467466788 -1.71443531924 -3.22294412652
