# Number of parameters = 203 Objective function value = -3595.99258540442  Maximum gradient component = 8.14253722645961e-005
# theta[1]:
-0.0646339778688
# theta[2]:
8.79258811115
# theta[3]:
8.24562770041
# theta[4]:
8.51294675103
# theta[5]:
0.988113905608
# theta[6]:
4.00000000000
# log_rinit_devs:
 -0.0558598755215 -0.0215249158786 0.0962143638169 0.00290962398391 -0.0217391964007
# log_rbar_devs:
 0.858551795847 0.700967495257 0.507730076024 0.547113456891 0.407337258022 0.761547180281 0.428913623932 0.402161370727 0.449106658077 0.584302796690 0.567799216214 0.586096073894 0.705547969059 0.777786788709 0.950087391801 0.769748532163 0.737460699395 0.561219751564 0.780229815574 0.548424919340 0.536238362177 0.599739075082 0.513247034798 0.275658917640 0.364110440945 0.391364935216 0.264389001114 0.630026535153 0.143089983099 -0.0790915964441 -0.265495677081 -0.0882242393209 -0.0208152172801 -0.439599658987 -0.613216235008 -0.745549801589 -0.975545357978 -1.03254436912 -1.10562422407 -1.24189359594 -1.27056246973 -1.37765888008 -1.39196937637 -1.42013017769 -1.30585201904 -1.76813540607 -1.84078009703 -2.00045091948 -1.45898122849 -0.0293319172700 1.56124224713 0.235241353611 -1.17874765686 -0.176950429779 1.42689003750 0.683930301161 -0.376301057198 0.471628051549 2.20678632736 0.379394296189 -1.39003181916 -0.357339777510 2.25513218720 -0.227442661808 -0.989447279148 -0.734324909054 0.713513799095 0.611152583068 1.64994413208 1.67677194197 0.219211728864 0.990390272342 1.31431479559 0.767023585031 2.19465904160 -0.175990087520 0.328169268821 0.128377649343 0.100506200374 -0.0325508720157 -0.427452531258 -0.504079160033 -1.45079904102 -1.89914286151 -0.935684473984 -2.89773729831 0.277934695270 -1.97170429411 -0.135973090448 -0.276359017551 0.0672991325268
# mat_params[1]:
 7.94972822098 10.4042775949
# mat_params[2]:
 7.89711563722 10.9420796547
# mat_params[3]:
 5.64542655480 8.30268946317
# log_m_devs:
 0.0666913412734 0.0224444528910 0.133690244036 -0.222826038200
# log_slx_pars[1]:
 1.65232324543 -0.227545176565
# log_ft_pars:
 -1.15601840033 -1.25412956025 -1.70416178037 -1.57639638725 -1.27773388206 -1.18544220742 -1.30673155597 -1.75978259640 -1.41510007738 -2.23918072009 -2.40423146242 -1.78833921659 -4.84998967363 -1.28472884979 -3.80090716311 -2.89442326428 -2.54655070550 -2.10631826150 -1.98133519481 -2.90197122961 -3.00752115331 -3.05106812244 -3.25594024578 -2.68821790380 -2.98463217550 -3.59467897878 -2.98766736440 -2.30955244988 -2.27661354089 -1.73934463011 -1.27632384019 -1.32609646264 -1.72175008067 -2.13400271837 -2.12096433955 -1.47248436244 -2.11881177489 -2.54352733042 -5.23823615886 -5.17677560254 -4.29591166239 -3.76217048700 -3.98896652911 -4.14746532573 -3.92122244267 -3.81315594184 -2.77234558027 -3.32839414978 -10.0765735692 -5.41082343074 -3.90353695008 -3.51351755509 -3.89279820422 -3.41596646914 -3.51756666761 -3.52034918267 -3.24259404253 -3.48202904750 -4.14558291619 -3.33998225043 -2.92760314280 -3.88992978411 -4.80405058236 -3.90498664453 -3.12132336237 -3.65965895646 -4.04523135830 -2.84497655740 -3.19860856055 -3.96243435071 -3.65711346392 -4.33262597620 -3.36302029936 -3.47575146212 -4.18503755045 -3.72005433113 -3.53143277452 -3.35376386787 -2.87260458802 -2.38796962512 -2.43223062641 -2.20595865100 -2.02715146087 -2.07709317016 -2.85661635596 -1.44184030757 -2.11145006835 -1.97953520028 -1.88971169032 -3.55461918031
