# Number of parameters = 203 Objective function value = -3570.77140829358  Maximum gradient component = 0.000152534576504488
# theta[1]:
0.150124518638
# theta[2]:
9.55458770834
# theta[3]:
9.78709274374
# theta[4]:
10.1200233476
# theta[5]:
0.687925649387
# theta[6]:
4.00000000000
# log_rinit_devs:
 -0.0786485312608 -0.0704706160541 0.0774792994863 -0.0173114058310 0.0889512536596
# log_rbar_devs:
 0.195056980322 0.0563365667965 -0.128555700226 0.0202978164363 -0.0593617377842 0.488374162334 0.164144973799 0.202481611311 0.329351774638 0.529267948987 0.519404090165 0.542469557131 0.704553646953 0.815256653501 1.05898055385 0.865415377749 0.871677588318 0.664403067025 0.946608372444 0.642099594627 0.607006853465 0.670639742200 0.546002935214 0.223112602387 0.313846173862 0.330672367869 0.169887678340 0.646183533154 0.0957455700619 -0.0900143203445 -0.220232735473 0.0960680572806 0.243319882781 -0.221293382196 -0.366308744704 -0.471469970874 -0.738291131734 -0.816149783812 -0.923022223828 -1.11592261727 -1.16204262547 -1.31469640825 -1.34736603640 -1.39080048786 -1.25492249126 -1.83829319945 -1.95144352358 -2.17937442221 -1.69478407825 -0.238433142233 1.39167024265 0.0307130769576 -1.32085875572 -0.336540508238 1.23793685422 0.510994369670 -0.539102760040 0.296121415449 2.00856285824 0.236823860496 -1.46368947962 -0.502236398447 2.03936928936 -0.346340876773 -1.11530726911 -0.862130488660 0.543427515927 0.461722709205 1.47034559302 1.49617008749 0.0725703058176 0.837626671358 1.13486808359 0.609795425880 1.85530734813 -0.375964493400 0.139809142410 0.127509908499 0.367516493575 0.576486907176 0.186958807286 0.124732815497 -0.895830750665 -1.35035091844 -0.394315026175 -2.37723392991 0.852296111768 -1.43175128432 0.314277065517 0.0797770472064 0.272375963356
# mat_params[1]:
 8.10620760906 10.2524144071
# mat_params[2]:
 9.09662304411 12.0322146451
# mat_params[3]:
 7.12406572310 9.56814134170
# log_m_devs:
 0.00916679230966 -0.00916679230966
# log_slx_pars[1]:
 1.76160965155 -0.210473158230
# log_slx_pars[2]:
 1.90612895422 -0.311563547843
# log_ft_pars:
 -1.16815633502 -1.32660661109 -1.81975257117 -1.74812390909 -1.51187253090 -1.54303876068 -1.75170838757 -2.27695573830 -2.00903105903 -2.89725764760 -3.09519158876 -1.91414600608 -5.59133308250 -1.00495594350 -4.60448028007 -3.72137935882 -3.40405209373 -2.97240990584 -2.86993056099 -3.78603487633 -3.86741416605 -3.89236110480 -4.06790108310 -3.46442336321 -3.73348106948 -4.31024495239 -3.66642478784 -3.00468300551 -2.97360557982 -2.45305089782 -2.04349771635 -2.17345538674 -2.64139716455 -3.08369523966 -3.09789442512 -2.49872215895 -3.16648577186 -3.56985872634 -6.22006313683 -6.10690687619 -5.18469462793 -4.61414630990 -4.80711285992 -4.93658542613 -4.69163801846 -4.55298103041 -3.49089122375 -4.00797317542 -10.6936211687 -6.06740148244 -4.59611321092 -4.19478022540 -4.62536173253 -4.23766370415 -4.30302391326 -4.25345622694 -3.98613352997 -4.27877296476 -4.89351918628 -4.05216724730 -3.68075550940 -4.73423156792 -5.57456805872 -4.59851514810 -3.84228707748 -4.49172080588 -4.88978654835 -3.62713395379 -3.93170401629 -4.68177086454 -4.38930449678 -5.11203542465 -4.15478117125 -4.25410633249 -4.86929251425 -4.36937563581 -4.19478420537 -4.10249310292 -3.72339984019 -2.57702825041 -2.41530530190 -2.14805012945 -1.98942655489 -2.08185909188 -2.87204349703 -1.42504544128 -2.01335335349 -1.79558974163 -1.69119295355 -3.39136442226
