# Number of parameters = 203 Objective function value = -3635.43634987927  Maximum gradient component = 0.000151029582881943
# theta[1]:
-0.364370285574
# theta[2]:
7.58487791668
# theta[3]:
6.46387606190
# theta[4]:
6.95774535302
# theta[5]:
0.601581620769
# theta[6]:
4.00000000000
# log_rinit_devs:
 0.00601312835413 -0.0133061522601 0.0765254619685 0.0369652588878 -0.106197696950
# log_rbar_devs:
 1.50070092629 1.29705886274 1.06119689474 1.09312665316 0.958931843177 1.24386432585 0.843472434851 0.728085326062 0.681205355577 0.672041464429 0.580297459282 0.514817183025 0.633143769905 0.756736351058 1.02313420373 0.955615623665 1.03073233691 0.803740327327 0.975073959720 0.753694512770 0.769252044396 0.859632342654 0.804077059628 0.607733900997 0.731964032632 0.810325078716 0.733610450264 1.12908842450 0.676653054349 0.423305418917 0.135883496589 0.189428025974 0.182436157923 -0.294435364077 -0.603398441691 -0.927099704045 -1.29673932662 -1.38437867660 -1.41643641107 -1.48805943655 -1.47160926224 -1.54782663167 -1.53983910192 -1.55623832386 -1.44895354648 -2.02685452218 -2.30860977300 -2.68200863926 -2.31914112602 -0.835335214565 0.580269490768 -0.647802376829 -2.07200531137 -1.05710007997 0.512413956465 -0.212439459594 -1.25578444427 -0.369260875083 1.29167427346 -0.517092934977 -2.26641640655 -1.15362972059 1.45673629320 -0.948456774584 -1.66190402530 -1.33914667022 0.141604963517 -0.00235694445422 1.03127154382 1.06180943772 -0.353812581820 0.428554405311 0.806434375365 0.335121761051 1.63092295861 -0.391630394468 0.336273421523 0.488511278643 0.863229199502 1.15301711002 0.725528746753 0.658697093520 -0.259554323246 -0.710386880161 0.261201294019 -1.79517562591 1.42646758375 -1.02176844194 0.775582999679 0.568869656902 0.488436627789
# mat_params[1]:
 6.87190554319 9.95372310809
# mat_params[2]:
 7.15265303192 10.3902795130
# mat_params[3]:
 4.97434203887 7.50969054714
# log_m_devs:
 0.0436117389140 -0.0436117389140
# log_slx_pars[1]:
 0.730305818961 -3.28366966650
# log_slx_pars[2]:
 1.45835036456 -0.404576680030
# log_ft_pars:
 -1.98102159583 -2.01631256084 -2.35149468901 -2.19157579876 -1.86633633938 -1.84703143361 -1.83688912959 -2.17542326352 -1.75833463080 -2.53141140349 -2.61322043448 -6.54176978372 -5.01329392769 -6.66678937566 -4.09884796824 -3.15438640258 -1.89337316949 -1.43654284637 -1.27211645038 -2.17856131401 -2.30723275362 -2.37450564550 -2.62060741787 -2.08414351298 -2.40234670659 -3.06166804470 -2.51309455085 -1.86128643221 -1.86898636051 -1.32883426778 -0.790267733586 -0.723816477001 -1.01989550960 -1.38292931965 -1.30442972871 -0.480730311923 -0.897925829123 -1.21656557431 -3.93265404862 -3.95816562904 -3.14363013920 -2.65744228975 -2.92793421980 -3.12035889463 -2.91614472293 -2.82312452819 -1.69353763358 -2.12767411752 -8.74589221851 -3.94336456350 -2.12640539996 -1.92420412978 -2.39878083712 -1.91420751190 -1.86733034834 -1.97898628280 -1.74505738473 -1.96560434278 -2.48831792361 -1.82531641765 -1.43206934372 -2.41551446148 -3.23646526197 -2.55027714073 -1.83207758775 -2.39915853203 -2.83798707368 -1.68515143140 -1.88961786684 -2.67862887370 -2.50004762222 -3.22144564334 -2.26365520656 -2.45507218478 -3.03557685403 -2.70920168989 -2.61377140299 -2.58509620200 -2.41186025008 -2.30369003296 -2.40402677985 -2.17205127901 -1.97176788172 -1.98049288658 -2.73012767032 -1.36934001199 -2.09832962255 -2.05483653134 -1.84988626535 -3.40174975732
