# Number of parameters = 206 Objective function value = -3704.97177239871  Maximum gradient component = 0.000743302135267655
# theta[1]:
-0.316613219477
# theta[2]:
7.29065243239
# theta[3]:
6.79203308665
# theta[4]:
7.25621414073
# theta[5]:
0.573715094457
# theta[6]:
4.00000000000
# log_rinit_devs:
 0.182644373486 0.126078420210 0.114320220709 -0.0364404835026 -0.386602530902
# log_rbar_devs:
 0.993484695117 0.821837105143 0.654811274466 0.710734813722 0.579620669295 0.842978663027 0.504045805136 0.456822973923 0.453094587654 0.563379286834 0.523666036816 0.444470334280 0.466376318036 0.489146233881 0.665993558049 0.691296812685 0.872794155709 0.688691940810 0.830974914521 0.609211950601 0.603227545995 0.666039069468 0.599778566137 0.399294132784 0.478187327619 0.525072486972 0.448301645174 0.790720447021 0.394526829050 0.194729403389 -0.0542793018072 -0.0286177180773 -0.0543611281498 -0.463252356982 -0.673199223968 -0.919913125467 -1.25806897560 -1.35937643767 -1.41239988683 -1.48460174727 -1.47156127864 -1.54775393474 -1.55046132366 -1.57337479080 -1.47719368121 -1.98096913990 -2.17571520768 -2.44725231849 -1.94643427422 -0.507548579679 0.951628740477 -0.310884363274 -1.77476291573 -0.743089568313 0.876208533454 0.132626406854 -0.921570543659 -0.0489897504179 1.67216821974 -0.187940233517 -1.96679726416 -0.814641601627 1.87505619213 -0.635782423594 -1.35285358088 -1.05086915710 0.445661242349 0.299292504073 1.35959239687 1.39291934846 -0.0755716617569 0.710281843585 1.07592609873 0.554119010114 1.89055773699 -0.307395766287 0.363382441633 0.397993441228 0.639003225368 0.754283467444 0.356896404317 0.341766793895 -0.421376242339 -0.750815319835 0.298151624310 -1.56559714962 1.69827550953 -0.736045991165 0.977832415047 0.604371822586 0.420012961612
# mat_params[1]:
 7.27103583996 10.4441584057
# mat_params[2]:
 5.68452482167 8.40249891204
# mat_params[3]:
 5.66585582827 8.57418940625
# log_m_devs:
 -0.100772360811 0.0609768939428 0.109129139825 -0.196630956961 0.127297284005
# log_slx_pars[1]:
 1.26953069011 -0.504550925955
# log_slx_pars[2]:
 1.68179558677 -0.235981400174
# log_ft_pars:
 -1.28292420410 -1.36205936935 -1.77996585413 -1.64668112308 -1.35669853103 -1.25219902512 -1.34649166190 -1.75545267497 -1.38370079960 -2.20831546831 -2.38552510437 -0.963789228644 -4.64568446892 -0.809427571708 -3.46566300658 -2.63883942224 -2.39171085757 -1.91587869678 -1.76243865916 -2.67549918040 -2.77238291763 -2.82712585321 -3.05403359494 -2.48023459514 -2.77739402938 -3.42793421479 -2.85418631035 -2.20775177547 -2.18452664896 -1.58964069884 -1.04553219996 -1.04222315915 -1.40505200986 -1.76588414876 -1.66996313716 -0.904458464626 -1.43570044142 -1.81863453770 -4.54647318799 -4.55199684411 -3.72854226233 -3.24203675717 -3.52823286917 -3.71094698818 -3.48034957070 -3.36514928967 -2.24501086460 -2.71259377128 -8.61997225370 -3.72628903495 -1.83393613676 -1.58981993662 -2.18512400511 -1.84784061516 -1.73558560595 -1.72064011838 -1.52895028289 -1.85668728209 -2.32139932252 -1.54903829970 -1.27089724146 -2.41477423426 -3.15586485966 -2.29105332367 -1.67009198762 -2.40748820474 -2.80490635020 -1.49491393856 -1.61837807885 -2.37081188677 -2.20849224344 -3.01903207915 -2.07055480300 -2.19403049864 -2.73310971218 -2.35087169504 -2.28949358200 -2.28284482313 -1.96745245883 -1.65217485610 -1.78826202430 -1.67163642850 -1.59571135468 -1.75312139041 -2.65577331518 -1.35994812341 -2.06913628167 -1.79444820134 -1.56324751413 -3.09708750464
