# Number of parameters = 204 Objective function value = -3682.66616532338  Maximum gradient component = 0.000478715124001223
# theta[1]:
-0.325399762236
# theta[2]:
7.53160851749
# theta[3]:
6.60554023406
# theta[4]:
7.16383324235
# theta[5]:
0.480665212972
# theta[6]:
4.00000000000
# log_rinit_devs:
 0.0594412809629 0.0197923937546 0.0786965877584 0.00838857262800 -0.166318835104
# log_rbar_devs:
 1.33479434614 1.13186214121 0.915384467682 0.955573636354 0.810490703855 1.08564341921 0.684248447013 0.581380422972 0.520731732934 0.542450792210 0.469703503291 0.438651961812 0.552317126651 0.666610539507 0.880211402696 0.806258481113 0.878161442813 0.675409841358 0.830161674450 0.600926267210 0.604240055422 0.682096400328 0.619900829185 0.412054185080 0.510330094467 0.573833622778 0.496991548188 0.875685015598 0.455594060913 0.241577459634 -0.0306444623200 -0.00249306669580 -0.0248240254552 -0.463233634456 -0.705799547726 -1.00749102274 -1.38932825866 -1.50739993093 -1.55574531054 -1.62548050052 -1.60735427277 -1.68484662919 -1.68233082539 -1.70397134174 -1.59098799633 -2.11883371449 -2.33089631227 -2.61878843484 -2.14046945703 -0.688150188638 0.732873887458 -0.525644860854 -1.96753119008 -0.942246312291 0.650456715190 -0.0787529704243 -1.12164365594 -0.252071071116 1.42899843256 -0.400076808880 -2.14384752751 -1.00388111860 1.65295638874 -0.799083237449 -1.50463229447 -1.18675447849 0.298687490478 0.163591129667 1.21577018941 1.25192668673 -0.176058542368 0.617158688172 1.00192011765 0.535524011581 1.83918482468 -0.202144567674 0.529409149115 0.671838548389 1.04115220791 1.32697015131 0.890002522247 0.833333840274 -0.0854755784628 -0.546006685657 0.429750576461 -1.63080675860 1.61123141953 -0.815691580613 0.994913254134 0.758292896995 0.552199421471
# mat_params[1]:
 6.97993445721 10.0022559130
# mat_params[2]:
 7.12799357788 10.4290403232
# mat_params[3]:
 5.41935569621 8.12173372011
# log_m_devs:
 0.00000000000
# log_slx_pars[1]:
 1.02598868909 -0.674321860840
# log_slx_pars[2]:
 1.30158279576 -0.618290501979
# log_slx_pars[3]:
 1.67511509299 -0.206285640106
# log_ft_pars:
 -1.70511013898 -1.76347865162 -2.12617477498 -1.96388876421 -1.64349918043 -1.57603518776 -1.60761853025 -1.95280734013 -1.52691847563 -2.29904500350 -2.40638731862 -2.99795624709 -4.81562738277 -2.72278252355 -3.84485072527 -2.92394528304 -2.19802228605 -1.73636830515 -1.57286946094 -2.49213314221 -2.60027567325 -2.65982732978 -2.89941167751 -2.34145235699 -2.63991741402 -3.29512832088 -2.73474353065 -2.08134583026 -2.08531758935 -1.50389722242 -0.949571281456 -0.909294709432 -1.24313603585 -1.61165131579 -1.51411425348 -0.708837392828 -1.17898571333 -1.52099592466 -4.23838531280 -4.25539860041 -3.43588564851 -2.95113314285 -3.23138207608 -3.41799477533 -3.19772177139 -3.10460035865 -1.97076105703 -2.42819316859 -8.43783007746 -3.55658255272 -1.59951512037 -1.36213148104 -1.98103434074 -1.66969824427 -1.54258716623 -1.51900967535 -1.31790158399 -1.66268753023 -2.10870238701 -1.32503497183 -1.03847649977 -2.21753242780 -2.96399405604 -2.10074958830 -1.48217823996 -2.25726620858 -2.70196930602 -1.40038990776 -1.48432878767 -2.23286106101 -2.09086339844 -2.93393553880 -2.01107146049 -2.16575226485 -2.70614955817 -2.34896002401 -2.32343227104 -2.38271898015 -2.17159812629 -1.99075752272 -2.05099055446 -1.85745236022 -1.70328705387 -1.77035301771 -2.56023490085 -1.16675930130 -1.77916753425 -1.62351649953 -1.49387647099 -3.11682866274
