# Number of parameters = 205 Objective function value = -3537.51698480971  Maximum gradient component = 0.00242861507320368
# theta[1]:
0.0619667611591
# theta[2]:
9.61156977403
# theta[3]:
9.27698219841
# theta[4]:
9.60079035583
# theta[5]:
0.558861088516
# theta[6]:
4.00000000000
# log_rinit_devs:
 -0.117556665470 -0.0707098463927 0.0855925613586 0.0418432274628 0.0608307230412
# log_rbar_devs:
 0.594110571287 0.438045378816 0.240281285915 0.324415217672 0.210056437320 0.622207757870 0.281728629499 0.260763908884 0.299665272113 0.432190560233 0.385346409672 0.350524191573 0.438231691423 0.533612673993 0.801132634643 0.755117842582 0.950384607755 0.734050389115 0.954269645503 0.677205133263 0.638895056762 0.684663397282 0.568045667903 0.281503356166 0.352087396012 0.359565693744 0.210291272628 0.604937630169 0.100660608077 -0.0970843274828 -0.249276178636 -0.0124374457424 0.0860865956932 -0.344164272511 -0.500610320828 -0.619291795129 -0.867819688301 -0.946699526814 -1.04898815598 -1.22421583008 -1.27480603999 -1.41494812960 -1.45133282181 -1.49942063383 -1.39683964705 -1.93721785079 -2.05616830253 -2.27721464747 -1.80464828907 -0.339971607784 1.28543606715 -0.0794201860760 -1.44707473832 -0.453149544394 1.13206925483 0.408748765380 -0.628943608746 0.204974981418 1.89632582292 0.142403634484 -1.55380430318 -0.586130306831 1.94374177006 -0.439480450917 -1.19382707777 -0.940176748662 0.475027572791 0.390141124126 1.41140598461 1.43772660143 0.0236496392924 0.786399146719 1.10276104462 0.604486154367 1.88964155555 -0.301095498263 0.275825249786 0.286548692528 0.560897901277 0.806286954659 0.397085320026 0.354571034716 -0.614983434704 -1.07499349819 -0.113539776200 -2.13916545770 1.09772432848 -1.23951283867 0.516716424813 0.263493154784 0.304287885651
# mat_params[1]:
 8.35278086781 11.1719333703
# mat_params[2]:
 6.77984320093 9.09804867744
# mat_params[3]:
 6.96059866080 9.43314442217
# log_m_devs:
 -0.0596126488730 0.0596126488730
# log_slx_pars[1]:
 1.71290969659 -0.213815907747
# log_slx_pars[2]:
 1.90914832551 -0.273219097370
# log_slx_pars[3]:
 1.80842292207 -0.449994457170
# log_ft_pars:
 -1.75684364361 -1.85342814593 -2.31092392944 -2.20017135483 -1.93179815319 -1.86491187915 -2.01147254161 -2.48532718992 -2.15812592333 -2.96941308609 -3.10268065148 -2.79856989281 -5.49637197624 -1.64418669300 -4.40793860023 -3.52905801370 -3.27387259787 -2.80016421866 -2.67336259742 -3.57722879785 -3.64936742163 -3.66481064242 -3.83779407715 -3.23489445800 -3.50344700155 -4.08404804301 -3.44673579662 -2.77273548459 -2.72964300047 -2.19047734914 -1.75394219319 -1.85789554419 -2.30018960105 -2.72204789800 -2.71111206203 -2.08656603700 -2.74300770822 -3.15065246487 -5.81136420208 -5.71116012983 -4.79851375430 -4.23581957080 -4.44045213076 -4.57271573634 -4.31880544475 -4.17945459234 -3.11227371081 -3.62221768352 -10.3209321293 -5.73588933126 -4.29143528206 -3.88600423552 -4.28426296362 -3.84669880321 -3.93649646438 -3.91260195759 -3.63996451317 -3.91032282503 -4.54910066833 -3.72001477962 -3.32327355350 -4.33299452062 -5.21775247385 -4.27655801544 -3.50514271779 -4.09893021586 -4.50574309590 -3.29258803247 -3.64411864572 -4.40269505942 -4.09955949809 -4.79967578281 -3.84295942860 -3.95819857581 -4.62810029086 -4.14179466146 -3.97291925885 -3.87705698784 -3.54558288963 -2.27772850385 -2.16393606162 -1.92142625177 -1.77361924887 -1.86980369038 -2.67292371473 -1.24322503606 -2.13422481898 -1.98770156402 -1.91883905549 -3.60846882069
