# Number of parameters = 202 Objective function value = -3600.99471742386  Maximum gradient component = 7.31085924421742e-005
# theta[1]:
-0.372468782163
# theta[2]:
7.40300649658
# theta[3]:
6.39573421673
# theta[4]:
6.92314707682
# theta[5]:
0.661504917929
# theta[6]:
4.00000000000
# log_rinit_devs:
 0.143238324847 0.116213360407 0.119426684873 -0.0420495939699 -0.336828776157
# log_rbar_devs:
 1.48223393525 1.30242094773 1.12017469903 1.13627747748 0.964659373820 1.21557052831 0.823632558415 0.728493774649 0.686425569825 0.765569038611 0.693292665605 0.633879039725 0.694720091550 0.739907052802 0.913833552693 0.817603679532 0.826681542199 0.619289160547 0.768130841965 0.557292797550 0.574183801155 0.664431923001 0.619153649052 0.439113616282 0.561206178323 0.646901962174 0.588510881368 0.971336323081 0.555928019728 0.323234403875 0.0390469010369 0.0618107648401 0.0363428825617 -0.417485388324 -0.713823058126 -1.05538512835 -1.45501702746 -1.56374906889 -1.59298260455 -1.63984329822 -1.60514764598 -1.66033797243 -1.63819175640 -1.64118826726 -1.52191770549 -2.04761962149 -2.29310217845 -2.62678989489 -2.21224134466 -0.729189794759 0.707616640489 -0.520097865861 -1.94349891435 -0.931876957225 0.640323321852 -0.0835013662093 -1.12675222827 -0.244197212415 1.41739043275 -0.383719456752 -2.13909652206 -1.04132519002 1.56018679751 -0.844757638237 -1.56276153647 -1.25066246676 0.233352127637 0.0917795693483 1.12423447806 1.15151061418 -0.268616574294 0.509874403019 0.888235981410 0.409045187670 1.70840905179 -0.320367579314 0.412390286858 0.565490302657 0.945891870116 1.24770040958 0.820812959385 0.761022322939 -0.166575292548 -0.623378016671 0.356420515707 -1.70983796611 1.53277165983 -0.966235028207 0.804607012327 0.559110388738 0.521803599870
# mat_params[1]:
 7.19708330335 10.0996164182
# mat_params[2]:
 7.15785028244 10.5129669569
# mat_params[3]:
 4.98419533158 7.50495858112
# log_m_devs:
 0.00541850354650 -0.0159474422544 0.0105289387080
# log_slx_pars[1]:
 1.39853122330 -0.395353478341
# log_ft_pars:
 -1.08119342361 -1.15319884731 -1.57963232166 -1.43557400631 -1.11601359884 -0.961064105854 -1.01867698093 -1.39873969405 -0.973053406982 -1.73837101372 -1.88491074729 -0.949190319442 -4.18019758862 -0.859290306858 -3.04738726090 -2.18274189376 -1.85090698275 -1.37907488732 -1.19402215186 -2.09742848663 -2.22644811539 -2.30213159556 -2.55731931905 -2.02212144045 -2.34796366372 -3.02393404313 -2.48568911972 -1.84340478292 -1.85216793113 -1.30034978956 -0.753307865905 -0.687366179107 -0.985921306920 -1.34347120664 -1.25659890944 -0.418666686668 -0.818209460041 -1.12646058330 -3.85506628822 -3.90406720067 -3.11164942203 -2.64633084093 -2.94094568853 -3.15164592594 -2.96175080312 -2.88165044808 -1.76766658837 -2.23115865192 -8.89606934037 -4.15645008419 -2.43568846911 -2.16341564614 -2.53793968518 -2.02165238329 -2.08713786644 -2.19748524038 -1.90469093372 -2.10704212076 -2.73041855400 -2.04188683626 -1.56164188329 -2.50125291426 -3.44802066650 -2.74484238656 -1.93063384826 -2.44590786429 -2.93776711455 -1.82999392518 -2.08604907466 -2.87610696190 -2.63718623654 -3.31188462817 -2.37394999574 -2.56400240937 -3.18569791080 -2.83300966925 -2.68526743768 -2.65296380077 -2.50791010588 -2.42893905060 -2.52637840649 -2.27511758338 -2.05961647038 -2.04253583906 -2.79631168385 -1.44239728296 -2.28493068031 -2.21398298224 -1.94070401418 -3.46496265513
