# Number of parameters = 204 Objective function value = -3643.58305269850  Maximum gradient component = 7.46889988598503e-005
# theta[1]:
-0.308886886993
# theta[2]:
7.69619903984
# theta[3]:
6.79274704268
# theta[4]:
7.17899236827
# theta[5]:
0.902738295958
# theta[6]:
4.00000000000
# log_rinit_devs:
 0.0977809767635 0.0944675865202 0.118990122520 -0.0370693212707 -0.274169364533
# log_rbar_devs:
 1.32521248067 1.15844881965 0.980202230476 0.993237522819 0.825761802634 1.08267017088 0.717176929178 0.640385558151 0.628051349309 0.724697001050 0.679765507485 0.659439778221 0.751695869423 0.837762030003 1.05173753149 0.990235556206 1.05877040766 0.864556246590 1.03155593631 0.822710884974 0.825731010054 0.899291875875 0.836747681523 0.640387238228 0.742596383629 0.800514989962 0.717566670915 1.07355449027 0.636927118556 0.393886078971 0.131128634633 0.192355436482 0.188880021595 -0.252358857765 -0.511654404799 -0.762703523234 -1.06560073810 -1.13142138262 -1.16883932214 -1.25157017798 -1.24685944216 -1.33160390697 -1.33766781625 -1.36252764861 -1.28600740339 -1.86191158279 -2.14926855436 -2.52858318477 -2.18844986815 -0.732400817092 0.722317701296 -0.497115965967 -1.93639814991 -0.920263702159 0.673734734691 -0.0581385749511 -1.11091175116 -0.228600465765 1.46693738709 -0.369261375510 -2.14540950410 -1.04117683250 1.58437616101 -0.876717521293 -1.60673343760 -1.30972872865 0.174377760402 0.0251044492034 1.05811316738 1.08227039433 -0.366544064559 0.404553969768 0.761684249917 0.232162856991 1.55991866026 -0.612975396203 0.0649540569933 0.114957995351 0.371335845109 0.491047221508 0.0932484540094 0.0677962389689 -0.703970384998 -1.03764540153 0.0151330403284 -1.81679115511 1.50371163576 -0.959972703927 0.758311946264 0.389906850402 0.248187726185
# mat_params[1]:
 7.50706613133 10.2929473413
# mat_params[2]:
 7.51797753316 10.6433819690
# mat_params[3]:
 5.34659931635 8.00847305922
# log_m_devs:
 0.0475862249255 0.107354087088 0.0428646795087 -0.292667720354 0.0948627288316
# log_slx_pars[1]:
 1.47488644462 -0.324551324102
# log_ft_pars:
 -1.04915501418 -1.12591653873 -1.55918985678 -1.41951931452 -1.10287965307 -0.956397353174 -1.02536280161 -1.42476628332 -1.02206520003 -1.80702180605 -1.96554784334 -1.13285533987 -4.33293526171 -1.03794182617 -3.27508207748 -2.42760569291 -2.13696875968 -1.66612157650 -1.50608793706 -2.41419897624 -2.52754731725 -2.58452122744 -2.81553187144 -2.26340754228 -2.57287734651 -3.22005874942 -2.65467463879 -2.00147410357 -1.98900580129 -1.43294877659 -0.904695147305 -0.875787603035 -1.20814995426 -1.57504855947 -1.49769700269 -0.725769469559 -1.23572987373 -1.61402460411 -4.33832701403 -4.34144409342 -3.51282299064 -3.01897739990 -3.28680657092 -3.46635465383 -3.24033585387 -3.12503513391 -1.99287844619 -2.41989288889 -9.02247039392 -4.25845204015 -2.54389712777 -2.26114886520 -2.66381269810 -2.16326413707 -2.22027378664 -2.31241319841 -2.04564947250 -2.26024955627 -2.87477041265 -2.16695082354 -1.73524199673 -2.68237967890 -3.58482398774 -2.83432203352 -2.05427439997 -2.57366738017 -3.01310274144 -1.86577885884 -2.12419400728 -2.89879604982 -2.65402801324 -3.33074174968 -2.36970326265 -2.52487670596 -3.13550227277 -2.74911246123 -2.58955362283 -2.49128733061 -2.22598579707 -1.99622976932 -2.16831576808 -2.00407130259 -1.87175391471 -1.96641695983 -2.84111267584 -1.57358541124 -2.49575185606 -2.30151562072 -2.00865945016 -3.47716954127
