# Number of parameters = 207 Objective function value = -3647.24895380674  Maximum gradient component = 496.639577227458
# theta[1]:
-0.335439711873
# theta[2]:
7.66545839785
# theta[3]:
6.57768761608
# theta[4]:
7.07146313659
# theta[5]:
0.563003391573
# theta[6]:
4.00000000000
# log_rinit_devs:
 -0.0114014549743 -0.0230622678479 0.0756284124872 0.0408304874624 -0.0819951771274
# log_rbar_devs:
 1.44948580576 1.24385095726 1.00479430075 1.03925123574 0.902187958489 1.19682313015 0.792225559891 0.679107176430 0.632624123735 0.629408247918 0.534591012702 0.465724527758 0.578358119523 0.696668987522 0.961137703164 0.890361881410 0.972640770734 0.746605488734 0.924716023565 0.697440190880 0.711163322498 0.801054023751 0.741668155824 0.537419581037 0.659411447102 0.734668269458 0.653686197069 1.05523716892 0.595956203419 0.344271860868 0.0600992405506 0.123219874507 0.122598884337 -0.353820150104 -0.649094000354 -0.955413866912 -1.31545436791 -1.39793575064 -1.43091992977 -1.50543073584 -1.48790479026 -1.56525475371 -1.55626637889 -1.57109326831 -1.45695262226 -2.03086964877 -2.29541471337 -2.65552630673 -2.29411930893 -0.820763583817 0.616322894713 -0.615250762609 -2.03740684472 -1.02325691060 0.549109390540 -0.174634741131 -1.22155847533 -0.335394502794 1.33263902399 -0.472748942127 -2.22237741769 -1.11766691664 1.48938342303 -0.918094092560 -1.63770400783 -1.31982160212 0.158958495283 0.0198421833666 1.05233081961 1.07989863032 -0.340049805286 0.441264730928 0.812653221090 0.332206604446 1.62869231958 -0.432250016063 0.284818335424 0.432177274722 0.832424255760 1.20365055138 0.765047095559 0.713240644677 -0.179467528962 -0.609183588897 0.379407084013 -1.65084385124 1.57171896901 -0.765277651918 1.10084192893 0.952123091376 0.488013435892
# mat_params[1]:
 6.91358998289 9.98862643834
# mat_params[2]:
 7.21003466140 10.4363333356
# mat_params[3]:
 5.18783241267 7.92145232875
# mat_params[4]:
 5.21057190284 7.57682557241
# log_m_devs:
 0.0323236574200 -0.0323236574200
# log_slx_pars[1]:
 0.963171880815 -1.90418416460
# log_slx_pars[2]:
 1.45022951665 -0.401364233780
# log_slx_pars[3]:
 1.58346500495 -0.428032658173
# log_ft_pars:
 -2.03836004916 -2.07405490994 -2.40657743108 -2.24569450249 -1.91975212507 -1.90718687503 -1.89757918274 -2.23653019243 -1.82021533343 -2.59628306127 -2.67602014652 -6.48988086083 -5.06498387653 -5.85928528194 -4.14167702526 -3.19352203849 -1.94271025514 -1.48605519161 -1.32653300156 -2.23735916775 -2.36352401110 -2.42882216666 -2.67262319780 -2.13122659346 -2.44529998391 -3.10127208963 -2.54804650085 -1.89639850012 -1.90252380894 -1.35616299123 -0.813481167026 -0.753169764010 -1.06147039029 -1.43010782432 -1.35241591611 -0.538094565472 -0.977824344938 -1.31191897353 -4.03095107588 -4.05210534969 -3.23521734381 -2.74868542425 -3.02085023970 -3.21267072632 -3.00739246562 -2.91562779989 -1.79328495648 -2.23517098519 -8.85936960106 -4.06972524843 -2.29457275911 -2.07588971950 -2.52197399722 -2.02508575389 -2.01163802622 -2.12546396931 -1.87991564799 -2.09271648010 -2.64257405052 -1.97623322460 -1.56751040210 -2.53346228997 -3.38117790588 -2.68858868759 -1.94618388195 -2.49225183229 -2.93408067479 -1.79476488217 -2.02251336340 -2.81172878112 -2.61293786059 -3.31494702420 -2.35631436919 -2.54384180425 -3.13349446094 -2.79407267411 -2.67519708893 -2.62761678521 -2.44850181184 -1.98094391251 -2.09598629802 -1.93655466819 -1.79149052009 -1.86221029477 -2.63828653455 -1.26385615158 -1.87134207096 -1.80981520018 -1.74628527142 -3.37040733764
