# Number of parameters = 204 Objective function value = -3674.50138905577  Maximum gradient component = 5.88905165379309e-005
# theta[1]:
-0.354169201946
# theta[2]:
7.17555278684
# theta[3]:
6.66204584325
# theta[4]:
7.21172814598
# theta[5]:
0.502722562845
# theta[6]:
4.00000000000
# log_rinit_devs:
 0.202384266584 0.132638451596 0.116554983250 -0.0375072269087 -0.414070474521
# log_rbar_devs:
 1.04229639868 0.864478278835 0.693715116493 0.756417844159 0.626349769910 0.899344714391 0.550954836772 0.504856802712 0.499727075495 0.614659751399 0.580262021141 0.493636983195 0.510536653640 0.517769056094 0.678984701200 0.705585132054 0.891199505598 0.705144121953 0.849098389428 0.619805811138 0.614423257476 0.679817331909 0.613778546827 0.409814012049 0.490734882304 0.540639996689 0.465306833824 0.820622677268 0.420201860539 0.224321996748 -0.0282338395402 -0.00832088937612 -0.0412949401131 -0.462219902248 -0.675802552799 -0.941168191199 -1.31075031404 -1.43166971406 -1.49342611110 -1.56530948196 -1.55095235828 -1.62900103358 -1.63298212488 -1.65884665888 -1.55597852862 -2.06553015811 -2.27344284749 -2.57589706708 -2.12795960288 -0.682285760815 0.759312571112 -0.500341728225 -1.94942754418 -0.919903279087 0.678286115924 -0.0509368941815 -1.09192734101 -0.224282703127 1.46138785870 -0.366930088209 -2.12420659445 -0.971709692778 1.68238587292 -0.773555716831 -1.47955524392 -1.16670872451 0.318227892951 0.182753764707 1.23688745614 1.27186602891 -0.161037764341 0.626612045278 1.00756561828 0.530527505393 1.83572346486 -0.240309401927 0.475084634236 0.605929944469 0.989441548308 1.32948859625 0.890525102781 0.842966043230 -0.0596418093344 -0.504438740624 0.489493719153 -1.55225896945 1.69428162885 -0.663678687915 1.18688050158 0.988118808019 0.543691919182
# mat_params[1]:
 7.10799095505 10.3139971812
# mat_params[2]:
 5.55630337639 8.39597036358
# mat_params[3]:
 5.44813569604 7.90913978837
# log_m_devs:
 -0.108199284757 0.0603111504406 0.0478881343159
# log_slx_pars[1]:
 1.23767799051 -0.566099279200
# log_slx_pars[2]:
 1.68231944819 -0.212711117675
# log_ft_pars:
 -1.27870118856 -1.35814409742 -1.77464326187 -1.64257453377 -1.35443760439 -1.25357279386 -1.34921794799 -1.75721038988 -1.38615205261 -2.21380403601 -2.39643457269 -0.927762262488 -4.64562656792 -0.731313942436 -3.43540585018 -2.61203406858 -2.36622253687 -1.89019968322 -1.73467669296 -2.64795922430 -2.74488624467 -2.80155803913 -3.03051194759 -2.45610215252 -2.75255885650 -3.40571888472 -2.83371781901 -2.19063001870 -2.16960164576 -1.57146197450 -1.02148585775 -1.00994760717 -1.36660028386 -1.72213631746 -1.61963945786 -0.838553318187 -1.34403958663 -1.70791639381 -4.42961690722 -4.43724852468 -3.61440992692 -3.12675660625 -3.41092087280 -3.59265111828 -3.36299754588 -3.24670013556 -2.11507579569 -2.56971783775 -8.46048205410 -3.57041202962 -1.61626062698 -1.38341114372 -2.00890788577 -1.70406815800 -1.57548430376 -1.54864272327 -1.35285149840 -1.70138836862 -2.14314320807 -1.35940298640 -1.08174247478 -2.26529050856 -3.00156709863 -2.13029171629 -1.51567422152 -2.29554927478 -2.73425340820 -1.42512847920 -1.50579600982 -2.25288842380 -2.11170762738 -2.95504815988 -2.02874298914 -2.17692101320 -2.70898644595 -2.34629234603 -2.31530075323 -2.36581608015 -2.13685207417 -1.94595677704 -2.01140740963 -1.82927663112 -1.68612733959 -1.76234961936 -2.56438035531 -1.18049043320 -1.82763701201 -1.69223940973 -1.59599729796 -3.25431841132
