# Number of parameters = 201 Objective function value = -3525.58663501589  Maximum gradient component = 0.000230527513440777
# theta[1]:
0.0611132903359
# theta[2]:
9.61334504248
# theta[3]:
9.05090130848
# theta[4]:
9.38244957810
# theta[5]:
0.566041226672
# theta[6]:
4.00000000000
# log_rinit_devs:
 -0.126872521478 -0.0689732715065 0.0825221703404 0.0594242982380 0.0538993244057
# log_rbar_devs:
 0.742604374381 0.590355414752 0.400306654023 0.441963922860 0.318798354033 0.647121216398 0.330709595412 0.291344303041 0.307595928964 0.414863696931 0.372765695106 0.343788515448 0.416616436510 0.489868836387 0.701767634711 0.636233081655 0.770919601805 0.586663767145 0.775118996646 0.543872881525 0.512667501179 0.550425906125 0.449638949948 0.206551221593 0.265031139601 0.265747738541 0.127975098472 0.442624184296 -0.0111608853765 -0.212769340331 -0.370893076525 -0.194400807446 -0.128082528793 -0.512186960037 -0.664152284944 -0.777503325870 -0.990674840603 -1.05415977324 -1.13596452144 -1.27941899650 -1.31825085124 -1.43130927835 -1.45680977446 -1.49566553404 -1.41008174621 -1.87236824215 -1.96000162067 -2.14211500129 -1.64817541179 -0.212407989756 1.41536774340 0.0684949290031 -1.33261401341 -0.328392897060 1.27094888292 0.541296689876 -0.494186949758 0.338807218581 2.04439558909 0.271030035895 -1.46937955903 -0.455003492816 2.09993481695 -0.320530850686 -1.07161136719 -0.823807866333 0.606072044348 0.515509626054 1.55087844372 1.57997152997 0.153536319289 0.914718996535 1.24025679472 0.736388021870 2.06673670281 -0.148559671121 0.428040480500 0.397393134073 0.620493319412 0.824874749354 0.394888668487 0.325369218545 -0.723543622793 -1.23378651065 -0.275633495828 -2.38357934419 0.866398653689 -1.51910066066 0.274797573274 0.0516292503728 0.316113012345
# mat_params[1]:
 8.33010750508 11.2144960139
# mat_params[2]:
 6.51304177970 8.86436111307
# log_m_devs:
 -0.0712330721259 0.00181493196403 0.0619442951095 0.00747384505241
# log_slx_pars[1]:
 1.71807549581 -0.221340541587
# log_ft_pars:
 -1.74454074682 -1.81760873770 -2.25769296821 -2.13132330484 -1.84841770456 -1.74458322147 -1.86119085629 -2.31185695105 -1.96676239256 -2.75876776551 -2.87765038058 -3.66347451451 -5.26740900908 -1.93336845486 -4.15168866209 -3.24010007724 -2.94462246233 -2.48585729834 -2.35979521128 -3.27590260877 -3.36377850801 -3.39080120371 -3.57506425141 -2.98865955141 -3.27157882441 -3.86181436216 -3.23024039805 -2.52860321310 -2.47784408759 -1.93478353459 -1.49438239220 -1.57675812283 -1.98689019659 -2.40090659561 -2.39524356348 -1.77467634187 -2.44651333282 -2.87586226770 -5.56288675167 -5.48901712167 -4.59876442632 -4.05798828725 -4.27719248300 -4.42728030882 -4.18858679506 -4.06559683995 -3.01721131160 -3.56424461634 -10.2895921979 -5.63188243768 -4.14733347063 -3.74944927766 -4.15826832621 -3.72670505185 -3.80553291143 -3.78044075792 -3.51435727013 -3.78807236774 -4.42176885597 -3.59564882291 -3.20795993515 -4.22363298414 -5.09945387652 -4.15968969804 -3.39781850531 -3.99860949139 -4.39059434910 -3.16163828489 -3.50744859283 -4.27030743492 -3.97481294988 -4.67944015872 -3.72024306908 -3.83302244587 -4.51344006484 -4.03840293294 -3.87990105110 -3.78325233321 -3.42559466832 -3.14783860719 -3.10756486768 -2.81093362533 -2.55036928228 -2.50934386693 -3.21674138662 -1.74188658572 -2.67303789520 -2.52247990473 -2.41002751250 -3.99139330084
