# Number of parameters = 202 Objective function value = -3647.52016835880  Maximum gradient component = 0.000404455948012156
# theta[1]:
0.169834941896
# theta[2]:
10.6918532560
# theta[3]:
9.78247469044
# theta[4]:
10.2069009337
# theta[5]:
0.820520894018
# theta[6]:
4.00000000000
# log_rinit_devs:
 -0.229505306287 -0.148672872305 0.0559493848078 0.0632975246872 0.258931269098
# log_rbar_devs:
 1.04009075882 0.842973383004 0.594448801889 0.622052690811 0.459492439220 0.843865870701 0.449435973499 0.370671678252 0.383071668971 0.473999337341 0.382294104612 0.297620774555 0.341146495319 0.383890206295 0.593202184724 0.462025335393 0.570193491390 0.384701113441 0.651095053733 0.410602577225 0.404448419763 0.484672183197 0.401640438703 0.137214046205 0.239689680841 0.280299378318 0.160169793200 0.579258820539 0.0935282663769 -0.0791435638544 -0.190659665076 0.112610057206 0.266597144769 -0.122063994015 -0.222475607347 -0.279351537700 -0.472545371853 -0.491439955702 -0.536193308109 -0.669625880569 -0.666109812643 -0.772741520229 -0.765937903539 -0.718516419162 -0.552341793596 -1.15755382564 -1.42037240586 -1.88896028275 -1.79758079997 -0.375993401833 1.23525342216 -0.0345730950802 -1.42288487302 -0.416113373185 1.15884169830 0.443659630503 -0.595779457238 0.237466233152 1.96145642426 0.169661362360 -1.60496855592 -0.563450465346 1.99423184340 -0.419122210855 -1.19008208392 -0.951878504243 0.463774833178 0.374509634712 1.37510992975 1.39583415388 -0.0370729304650 0.712477437921 1.01005965795 0.447060156709 1.66523323739 -0.600340989105 -0.105925778269 -0.137403038998 0.0945696013565 0.313157840297 -0.0576352636457 -0.124543603816 -1.18478281594 -1.63183562803 -0.649758486714 -2.65078160686 0.632120074335 -1.77529365970 -0.0242222247314 -0.313650254126 0.270226608743
# mat_params[1]:
 8.49429529235 10.6906249625
# mat_params[2]:
 9.82847971113 13.3215893619
# mat_params[3]:
 7.08112872168 9.64289742866
# log_m_devs:
 0.103362648088 -0.0724515367894 -0.0309111112986
# log_slx_pars[1]:
 1.82034741778 -0.221843230018
# log_ft_pars:
 -1.62555070451 -1.69910387276 -2.10839105185 -1.95213705789 -1.63235443819 -1.54099229040 -1.63426124240 -2.04728154882 -1.67270951124 -2.44416542088 -2.53258708353 -3.41094891513 -4.84410638196 -1.28220333911 -3.67750393259 -2.73294038443 -2.40600322300 -1.96925331376 -1.89051513560 -2.82845093142 -2.93589409717 -2.99297945708 -3.20131921725 -2.61942681389 -2.92299738127 -3.54192789146 -2.93081918829 -2.29926637691 -2.27338348892 -1.74710095790 -1.33607102336 -1.49106157196 -1.99872291649 -2.45723776845 -2.48777815291 -1.91679693348 -2.62499703385 -3.08744761919 -5.80578472783 -5.75538735797 -4.89666761584 -4.38390020112 -4.64280886294 -4.83137352589 -4.63525848798 -4.52826553780 -3.47294033806 -3.94256768527 -10.4809601800 -5.70813204629 -4.04498736849 -3.70421927920 -4.23553491362 -3.96534071053 -3.98421161892 -3.91152840177 -3.67449704916 -4.02608146053 -4.56060103582 -3.72220069443 -3.41838923433 -4.57438061462 -5.31481695703 -4.29096352492 -3.57402809187 -4.34354150133 -4.75127864106 -3.39079188566 -3.53764849174 -4.26764380043 -4.02957716025 -4.81239155933 -3.86469424977 -3.95626206048 -4.46339685725 -3.97938532024 -3.83303104185 -3.79266531535 -3.40211357843 -3.00734411240 -2.90775884657 -2.63167614266 -2.43051113559 -2.46601000845 -3.22431045351 -1.76880885731 -2.58773024752 -2.35970156039 -2.21557366870 -3.79977094644
