# Number of parameters = 209 Objective function value = -3683.68824693400  Maximum gradient component = 0.000204636387486984
# theta[1]:
-0.328479020672
# theta[2]:
7.07778209096
# theta[3]:
6.59440338851
# theta[4]:
7.15652041913
# theta[5]:
0.512454417865
# theta[6]:
4.00000000000
# log_rinit_devs:
 0.241338207218 0.146766768587 0.105461702506 -0.0681988977169 -0.425367780594
# log_rbar_devs:
 1.06736201462 0.885161141343 0.716562597949 0.778818463567 0.647515338319 0.918123334163 0.565436731329 0.517856088113 0.515298954967 0.633694488653 0.610563237575 0.534110586107 0.579989300763 0.620634447424 0.780265685617 0.762736206442 0.874503928124 0.695364125452 0.839438408877 0.613126495729 0.609410262060 0.676416077515 0.612826022851 0.412231944525 0.494449531529 0.546155625811 0.472275288172 0.826708349092 0.427764791111 0.232098098638 -0.0223142165944 -0.00929180854051 -0.0482084097938 -0.471910469989 -0.690732530615 -0.967319716380 -1.34958072833 -1.47979469805 -1.54458613540 -1.61452144357 -1.60009635059 -1.67709296922 -1.68140702693 -1.70842042146 -1.60571713964 -2.10734972224 -2.30887358222 -2.60299676461 -2.13519929186 -0.688367147497 0.745928456251 -0.510073699134 -1.96003371858 -0.932361620170 0.666457903647 -0.0620294115153 -1.10413532584 -0.239311813679 1.44930991157 -0.382652571040 -2.14528872834 -0.987078019137 1.67492000828 -0.785000624649 -1.49157495660 -1.17874751212 0.311248087626 0.179117427295 1.23517889939 1.26763296124 -0.166703522072 0.620111278469 1.00208450806 0.521952469470 1.82127045634 -0.258933652073 0.449853546821 0.582928724442 0.968902920892 1.32307491719 0.892104382728 0.846103460904 -0.0348822560526 -0.456865134812 0.550428983929 -1.46996545968 1.80987837534 -0.628425147091 1.19990019454 0.966442987758 0.556115317487
# mat_params[1]:
 7.08847853361 10.0480069960
# mat_params[2]:
 7.12634436074 10.4829885610
# mat_params[3]:
 5.47445704363 8.30224602874
# mat_params[4]:
 5.38998099653 7.79833490932
# log_m_devs:
 -0.104300521109 -0.00137020027801 0.000866954784816 0.104803766602
# log_slx_pars[1]:
 1.23380810673 -0.575749406325
# log_slx_pars[2]:
 1.71552204794 -0.125187871725
# log_slx_pars[3]:
 1.60320013426 -0.427443080272
# log_ft_pars:
 -1.16692141172 -1.24724104351 -1.66300860396 -1.53310529074 -1.24222532460 -1.14346021623 -1.23482109098 -1.63932069678 -1.26691925201 -2.10240976147 -2.29765855608 -0.842129647990 -4.56497184729 -0.862323929031 -3.44564585487 -2.61437925512 -2.33612432827 -1.86156149221 -1.70387906567 -2.61638649005 -2.71677590409 -2.77584701751 -3.00748358653 -2.43764826104 -2.73643453061 -3.39099849139 -2.82135995757 -2.17608980421 -2.15617416198 -1.56080092394 -1.01133555879 -0.992885534841 -1.33924656938 -1.69081746551 -1.58679383047 -0.797280547705 -1.28855133805 -1.64259817539 -4.36113143480 -4.37090519156 -3.54901421973 -3.06149890432 -3.34375194560 -3.52604074427 -3.29856364358 -3.18445844568 -2.05345546192 -2.51350617550 -8.36788546110 -3.49504068052 -1.54591116564 -1.26673684043 -1.86292634954 -1.57543977746 -1.48824096212 -1.44701405196 -1.21747977627 -1.57587749436 -2.05651313007 -1.24691551416 -0.934495116439 -2.13422750850 -2.92711586288 -2.03332912068 -1.38019588753 -2.17348667180 -2.65767088083 -1.35628580543 -1.42182797191 -2.15682346011 -1.99428559774 -2.84071890078 -1.93529205705 -2.08714212791 -2.61924013095 -2.23914044845 -2.19498570021 -2.25686059492 -2.04220132783 -2.02799694431 -2.13006166264 -1.96712791481 -1.82308710480 -1.90000328604 -2.68107281029 -1.31271454286 -1.95098024216 -1.83045395325 -1.71441170977 -3.26848366784
