# Number of parameters = 197 Objective function value = -3479.82814264586  Maximum gradient component = 0.000933711185781209
# theta[1]:
-0.167063494184
# theta[2]:
8.46798202297
# theta[3]:
7.87106924811
# theta[4]:
8.31757792865
# theta[5]:
0.367625544601
# theta[6]:
4.00000000000
# log_rinit_devs:
 -0.0721756579940 -0.0349872607791 0.0907424038695 0.0513519803776 -0.0349314654740
# log_rbar_devs:
 0.864505476842 0.704374048687 0.516473687690 0.565026604485 0.431819887356 0.757729207723 0.424163290335 0.388914711226 0.401315083940 0.520412729399 0.486944917865 0.481233399290 0.586997608290 0.698489096740 0.955423239269 0.933734601888 1.11723156850 0.908970645462 1.08684076409 0.835345987338 0.803034195196 0.843999989094 0.739063508876 0.489828789772 0.554683742970 0.562983155579 0.422858994346 0.761489169881 0.273251210820 0.0314278489444 -0.192474997919 -0.0750604854623 -0.0545856101983 -0.500789543362 -0.724360237025 -0.915182818168 -1.19082332014 -1.28339744373 -1.38383141175 -1.53904428096 -1.59574926740 -1.72353628710 -1.76140062663 -1.81271928592 -1.72838667463 -2.23921381697 -2.37913911938 -2.60167008537 -2.12665554289 -0.655939858352 0.916216095614 -0.430693570804 -1.82076567416 -0.806693108907 0.772364239088 0.0641429015346 -0.962418824392 -0.112878476389 1.52437270706 -0.203795396510 -1.88057252968 -0.877975341669 1.64304735883 -0.720484863602 -1.44654882154 -1.16377627673 0.271159223966 0.171623957206 1.20314411034 1.23045736386 -0.164870531969 0.610211566204 0.973529441387 0.521277369003 1.79114009375 -0.215755060984 0.487697831735 0.615141191902 0.975332292086 1.26353926392 0.850907844180 0.801038885914 -0.0864123330839 -0.525429109760 0.443637309661 -1.53582472243 1.72068563655 -0.677878816754 1.02119406816 0.679759217855 0.416547041045
# mat_params[1]:
 7.02204059403 10.0151019092
# log_m_devs:
 -0.0815338608171 0.0815338608171
# log_slx_pars[1]:
 1.56813550597 -0.272684636765
# log_ft_pars:
 -1.54945494976 -1.62137388243 -2.06705765355 -1.94138557412 -1.65629012119 -1.54317549995 -1.65837821817 -2.10916603065 -1.75605547810 -2.55459686270 -2.69576083096 -2.32514616026 -5.10786730364 -2.09393610086 -4.06755014022 -3.20140480249 -2.94622979843 -2.46443992135 -2.31358098229 -3.21173779907 -3.28882133760 -3.30464587994 -3.48760056606 -2.90020876283 -3.17279945737 -3.76324064928 -3.14197573252 -2.44664791456 -2.39818737754 -1.83777782410 -1.34324699160 -1.35884612625 -1.71521546876 -2.08999402019 -2.02935109070 -1.32353702445 -1.91007183403 -2.29090486816 -4.95536641033 -4.87525097171 -3.97187901137 -3.41317395602 -3.61756773421 -3.75147330894 -3.49699557476 -3.36423829262 -2.27554689624 -2.77016094789 -9.46864013551 -4.84311076540 -3.31967402039 -3.00762852694 -3.42355891687 -2.93489705215 -2.98007681328 -3.02616469433 -2.77420118628 -3.01218393270 -3.59647943358 -2.84293019438 -2.44585778810 -3.42197330304 -4.29532856416 -3.47294132544 -2.71606840761 -3.26447426726 -3.69042661281 -2.53692962679 -2.86572382003 -3.64430355590 -3.38529268634 -4.07723436718 -3.12332438017 -3.29341192085 -3.95506210808 -3.54591468578 -3.42049503666 -3.37976812559 -3.19863859906 -3.10719885151 -3.19748590470 -2.96008907496 -2.74915101282 -2.75891259561 -3.52241358383 -2.15169668668 -3.15391088059 -3.06167636221 -2.89342073616 -4.39739997905
