# Number of parameters = 202 Objective function value = -3526.20968711167  Maximum gradient component = 0.000170917335155174
# theta[1]:
0.133854672177
# theta[2]:
10.6249789532
# theta[3]:
9.45729013292
# theta[4]:
9.77995659274
# theta[5]:
0.534712956734
# theta[6]:
4.00000000000
# log_rinit_devs:
 -0.293660483229 -0.177138743955 0.0635243374882 0.103957476723 0.303317412973
# log_rbar_devs:
 1.22017782339 0.995553248579 0.718266827516 0.724854646131 0.548596411391 0.965075040224 0.524602726548 0.439236241202 0.422241167125 0.508346914298 0.411689111495 0.346941082997 0.416894087878 0.477033819303 0.703307009478 0.559915970082 0.683028103427 0.476551674049 0.755583723594 0.477613149922 0.459089728111 0.531957966138 0.421800967825 0.120931606843 0.214081185227 0.235958647744 0.0852359894095 0.534105437755 -0.00346226094612 -0.200678480459 -0.345017987387 -0.0589039020301 0.0706604234885 -0.381326872790 -0.530132982143 -0.637521473585 -0.891722345803 -0.961337476277 -1.05798145289 -1.23645100161 -1.27611773549 -1.41627209277 -1.44165498884 -1.47975766551 -1.35111209278 -1.91715643851 -2.02804034499 -2.24209199880 -1.76096608194 -0.300385391185 1.32331165529 -0.0560362383141 -1.40384185577 -0.423468310237 1.14838824888 0.426506547463 -0.615042161662 0.214853428905 1.90204473265 0.154660923047 -1.51539462146 -0.579548098115 1.93957648996 -0.424616250865 -1.18320062695 -0.928068967965 0.476373815925 0.395559095265 1.40740549316 1.43299281648 0.0252896293689 0.791090069691 1.09935814222 0.602263679930 1.87736014466 -0.311737011941 0.241741655243 0.242671714066 0.500941583314 0.726584639587 0.327212706366 0.280241342398 -0.702168008317 -1.15571638976 -0.195433676831 -2.20343107644 1.02441973614 -1.30283438966 0.431193153109 0.182592869039 0.294663707684
# mat_params[1]:
 8.46430330722 11.2277680022
# mat_params[2]:
 6.85172252011 9.18383426356
# mat_params[3]:
 7.03030703609 9.49666430726
# log_m_devs:
 0.00000000000
# log_slx_pars[1]:
 1.73446562856 -0.215272435418
# log_slx_pars[2]:
 1.88828431881 -0.324321050747
# log_ft_pars:
 -2.31844769665 -2.36365395642 -2.75633925909 -2.57551388953 -2.23800378799 -2.12259902479 -2.20919894867 -2.61683165020 -2.22571436905 -2.97011869672 -3.04231253194 -6.45355967036 -5.35028765981 -6.19654492007 -4.23471583933 -3.28907250176 -2.96444624144 -2.53369476339 -2.44994198628 -3.38370045577 -3.48340392691 -3.52359390146 -3.71534257797 -3.12496020438 -3.40473280337 -3.99453256775 -3.36381928690 -2.70718405837 -2.67556201918 -2.14585961179 -1.71554912370 -1.82823192598 -2.28934704908 -2.72715756951 -2.73164006414 -2.11819486453 -2.78063058485 -3.19141019994 -5.85482595878 -5.75599680449 -4.84645262898 -4.28703832381 -4.49493584311 -4.63368807741 -4.39144799660 -4.25957363793 -3.19996610552 -3.71614498623 -10.4147803752 -5.81960972019 -4.36478662053 -3.95937142770 -4.37170810709 -3.95191615305 -4.02037645473 -3.98237220878 -3.71161871489 -3.99037421850 -4.60999271999 -3.77424224815 -3.38840226648 -4.41731409515 -5.27762052566 -4.32134756486 -3.55794079156 -4.17609641319 -4.58122071627 -3.35177784855 -3.68777777818 -4.44318202025 -4.14541549339 -4.85687417134 -3.90193341779 -4.01413199308 -4.67150091009 -4.18432670378 -4.01899452837 -3.92895322895 -3.58160088550 -2.42356160218 -2.30594987681 -2.06114312946 -1.91226392971 -2.00552897517 -2.79918004139 -1.35977570553 -1.95968282487 -1.75625159387 -1.64511734601 -3.33174121260
