# Number of parameters = 202 Objective function value = -3523.40557751110  Maximum gradient component = 7.99576055452492e-005
# theta[1]:
-0.178189039914
# theta[2]:
8.77546233859
# theta[3]:
7.63700287870
# theta[4]:
8.03504285555
# theta[5]:
0.394966116903
# theta[6]:
4.00000000000
# log_rinit_devs:
 -0.155235031540 -0.0843453262541 0.0680907906630 0.0891228216757 0.0823667454552
# log_rbar_devs:
 1.24523400333 1.06977416431 0.864619866936 0.840278328146 0.674305617232 0.916608263875 0.552811767338 0.454557747818 0.400334735255 0.456411739272 0.399083820543 0.384586648416 0.471614343049 0.545980371635 0.721939261380 0.619380474429 0.681401135352 0.502480085617 0.667742837758 0.464815295623 0.454378591140 0.505430533873 0.425925791172 0.220750199080 0.290185996316 0.309800156181 0.193620829814 0.483996588842 0.0442658254260 -0.204543348018 -0.450104934182 -0.390444581556 -0.396375439942 -0.812141743527 -1.04778130729 -1.25495751386 -1.51071876089 -1.57219175104 -1.62522336709 -1.72218422944 -1.73410988904 -1.81083142607 -1.80856316143 -1.82101592327 -1.71120196704 -2.12277541814 -2.19312743480 -2.33524303302 -1.77228187613 -0.331662531187 1.24954044239 -0.0769232404763 -1.51143627266 -0.489469399260 1.12638338784 0.388505604551 -0.662233331429 0.199893319270 1.90713538791 0.101750145800 -1.65909136481 -0.591090116616 2.01746341324 -0.450012182760 -1.18827672663 -0.911422517772 0.557009258000 0.441079007146 1.49504923256 1.52083230840 0.0635375108243 0.836306394592 1.18650025118 0.666765260607 1.97344364045 -0.210850220211 0.429342698382 0.458736401417 0.694603472469 0.809015292937 0.457861925802 0.476882745806 -0.223022619185 -0.525625888427 0.474575585034 -1.42761519136 1.71462806036 -0.641285990910 1.03951524031 0.648831007388 0.398332685649
# mat_params[1]:
 6.97347823437 9.97135261867
# mat_params[2]:
 8.47425130869 13.1728558334
# log_m_devs:
 -0.00703853006420 0.146475092856 -0.139436562792
# log_slx_pars[1]:
 1.53121471281 -0.298180270049
# log_slx_pars[2]:
 1.69646590246 -0.256107885838
# log_ft_pars:
 -1.79539557423 -1.84091077671 -2.24635293929 -2.07585558777 -1.75019947760 -1.59043058136 -1.65036696571 -2.03393378646 -1.61757087434 -2.34760740202 -2.43492649796 -6.22183858108 -4.81195499698 -6.05297806243 -3.73856571676 -2.79848178288 -2.45006576872 -1.99838524476 -1.86096113840 -2.78217813360 -2.89178154999 -2.93677832319 -3.14884818176 -2.58562317188 -2.88253444252 -3.49991382954 -2.89902777349 -2.19650671731 -2.15008028981 -1.57870690933 -1.05520777333 -1.03722730041 -1.36787476299 -1.73712119822 -1.67402747228 -0.935841381559 -1.50974803018 -1.91332567965 -4.63152260748 -4.61068800105 -3.76145616978 -3.25391144208 -3.50970924039 -3.69081013614 -3.47900776282 -3.39293898227 -2.35429260230 -2.91754221119 -9.69612476698 -5.04938199449 -3.54839765313 -3.19515433813 -3.53310059904 -2.98853248901 -3.12150687479 -3.18289606866 -2.89018076173 -3.09107435721 -3.77722016287 -3.02406477437 -2.56477911016 -3.46692417950 -4.45812232044 -3.65333340323 -2.83317629799 -3.29697567586 -3.73151824392 -2.61393544093 -2.98801785837 -3.76986458407 -3.46735049764 -4.10574935870 -3.14007843384 -3.28727026807 -3.96075447155 -3.51624765077 -3.31495307993 -3.17728090861 -2.89311414049 -2.67346172996 -2.86809789415 -2.72034841685 -2.60633852482 -2.72960983014 -3.61098644642 -2.36360176537 -2.73921456756 -2.65727019313 -2.57602745932 -4.19983155760
