# Number of parameters = 206 Objective function value = -3546.05457893083  Maximum gradient component = 0.000346949184744223
# theta[1]:
0.141948102621
# theta[2]:
10.3293480059
# theta[3]:
9.39054988729
# theta[4]:
9.71853528609
# theta[5]:
0.505435249235
# theta[6]:
4.00000000000
# log_rinit_devs:
 -0.220312474736 -0.127018782459 0.0685449659086 0.0885834084510 0.190202882835
# log_rbar_devs:
 1.01425004168 0.825948820389 0.594200828803 0.605725623487 0.453568725091 0.794511739613 0.423830187048 0.350142808062 0.333386830169 0.408566035916 0.330261732027 0.279289348366 0.339690760953 0.390548226639 0.575743445756 0.450792409541 0.543858090377 0.364874341679 0.588396969981 0.352313625232 0.330146603145 0.381961490693 0.281737948593 0.0252647065356 0.0943725397324 0.101687303144 -0.0374225515481 0.314640221330 -0.152338699137 -0.342111031744 -0.483932048955 -0.266145543314 -0.170804774816 -0.560333426955 -0.698226383718 -0.797968260733 -1.01413388844 -1.07383091818 -1.15444577055 -1.30254269188 -1.33574282455 -1.45026213320 -1.46943379667 -1.50092204728 -1.39564739847 -1.86863720564 -1.94477470387 -2.11663491316 -1.60446631096 -0.176904881841 1.45020590093 0.104444024196 -1.28876483068 -0.295274695127 1.30043274723 0.565838335734 -0.478963310389 0.355962210175 2.07778061836 0.292268116348 -1.45125447186 -0.443918432079 2.12353060170 -0.307074686122 -1.06601897151 -0.819203170734 0.608490281585 0.519370033811 1.55121715561 1.58098158897 0.144413460579 0.907855942618 1.22257672159 0.704938580123 2.00829922749 -0.243617449037 0.328987522218 0.331131315018 0.609940296496 0.874234125595 0.463426696194 0.430080683155 -0.552574659197 -1.02065378867 -0.0572143323419 -2.10935014074 1.14477100937 -1.24147580857 0.512226259686 0.229073578285 0.300832515630
# mat_params[1]:
 8.54618814755 11.3754941248
# mat_params[2]:
 6.81605423522 9.06059047800
# mat_params[3]:
 6.91700904292 9.28526321022
# log_m_devs:
 -0.0583104370153 0.0185587491176 0.0397516878976
# log_slx_pars[1]:
 1.72223061308 -0.213431183183
# log_slx_pars[2]:
 1.90680101831 -0.307808271762
# log_slx_pars[3]:
 1.81268309036 -0.473787525214
# log_ft_pars:
 -2.21250682396 -2.26819717295 -2.67588915907 -2.51209632023 -2.19607878543 -2.07849460585 -2.17092669627 -2.58776906094 -2.20756874009 -2.96345591357 -3.04429877935 -5.71505884610 -5.36808471002 -5.00595856707 -4.23943259214 -3.28444613222 -2.94562952382 -2.51014663179 -2.41094725806 -3.34450620609 -3.44513336871 -3.48375650772 -3.67652969177 -3.09302540792 -3.37907268420 -3.97229304191 -3.34236746747 -2.65396668271 -2.61132396657 -2.07451932020 -1.64364982594 -1.74930948256 -2.18872538882 -2.62048362968 -2.62691522116 -2.02022300042 -2.70517133980 -3.13878989628 -5.82582991439 -5.74946204281 -4.85894356493 -4.31874669892 -4.54210158504 -4.69503327123 -4.46082289642 -4.34294343283 -3.30363568824 -3.85597640726 -10.5948510419 -5.95977687987 -4.50049596534 -4.06797648481 -4.43884546876 -3.99027200375 -4.10964189553 -4.07915006093 -3.79095247283 -4.05458693628 -4.73490901132 -3.89288636244 -3.47640189574 -4.46913236508 -5.39805386640 -4.44768573098 -3.65771032595 -4.23174483671 -4.63571156960 -3.42334308233 -3.79565705797 -4.55449711844 -4.23267281950 -4.92039813665 -3.96241296257 -4.06685355490 -4.75230549582 -4.24728826713 -4.05922040655 -3.94399861872 -3.59649294012 -2.29578673031 -2.17753332787 -1.93926256247 -1.79572117715 -1.89138650390 -2.68986363330 -1.25469397731 -2.13106454955 -1.95852602561 -1.86383548566 -3.52848343626
