# Number of parameters = 204 Objective function value = -3704.47385502331  Maximum gradient component = 0.000901885824928349
# theta[1]:
-0.314369275903
# theta[2]:
7.29424783951
# theta[3]:
6.78786598870
# theta[4]:
7.25587078840
# theta[5]:
0.568192978769
# theta[6]:
4.00000000000
# log_rinit_devs:
 0.181325302254 0.124962025001 0.113888028662 -0.0355338471787 -0.384641508738
# log_rbar_devs:
 0.999194363284 0.827569824170 0.660539243102 0.716086330208 0.585017902322 0.847596488900 0.508728951742 0.461033458618 0.456445512209 0.565843084459 0.526120212194 0.447330043516 0.469842819850 0.492843936035 0.669123847721 0.693675545755 0.874160432732 0.690291744674 0.832003754101 0.610375157953 0.604264729672 0.666825582050 0.600588250975 0.400340782234 0.478899219193 0.525599521829 0.448907481980 0.790602958574 0.395029187809 0.195473934477 -0.0536690164778 -0.0291213107085 -0.0557754765081 -0.464653508499 -0.674930438021 -0.922775080426 -1.26225365949 -1.36472724870 -1.41831396160 -1.49052664999 -1.47773816664 -1.55410042342 -1.55714203960 -1.58025342527 -1.48428222670 -1.98820363946 -2.18501164293 -2.46015483940 -1.96385893412 -0.524925498552 0.933162798397 -0.328023775468 -1.79229933252 -0.760174443201 0.858748731007 0.115449476280 -0.938287625107 -0.0653697037714 1.65518843472 -0.204709657949 -1.98447499095 -0.829423816463 1.86006461633 -0.649333040627 -1.36561142321 -1.06282586811 0.433772230006 0.287334795724 1.34770699004 1.38108627936 -0.0865813352018 0.699051628796 1.06506120330 0.544048458824 1.87934247957 -0.316336029424 0.354296494007 0.389606005038 0.630825249395 0.746348386265 0.348818448699 0.332492996516 -0.434807103228 -0.763638917612 0.304014835282 -1.53726181294 1.78821785338 -0.638459384146 1.09805036335 0.743594929411 0.433397460399
# mat_params[1]:
 7.26336924428 10.4384198862
# mat_params[2]:
 5.66808837114 8.39267080314
# log_m_devs:
 -0.103236208334 0.0572625163206 0.101373217533 -0.202387810429 0.146988284909
# log_slx_pars[1]:
 1.26796382034 -0.507549134863
# log_slx_pars[2]:
 1.68061953586 -0.238647721277
# log_ft_pars:
 -1.28865203032 -1.36768054277 -1.78529493729 -1.65170018665 -1.36162242913 -1.25693942522 -1.35092366955 -1.75935186362 -1.38707483581 -2.21093639182 -2.38740587488 -0.973277103195 -4.64849994741 -0.818955952490 -3.46939380556 -2.64151946190 -2.39332755130 -1.91751368215 -1.76392958957 -2.67690810157 -2.77368500109 -2.82835710906 -3.05518718710 -2.48134179587 -2.77844106201 -3.42893408868 -2.85510144898 -2.20837388330 -2.18497730327 -1.58991945789 -1.04572742688 -1.04203407075 -1.40414833004 -1.76439338704 -1.66798318751 -0.901644390491 -1.43159037531 -1.81352992091 -4.54092404316 -4.54638521974 -3.72278406169 -3.23605266689 -3.52197342870 -3.70446301281 -3.47365406882 -3.35818777110 -2.23706290450 -2.70320664813 -8.61094259444 -3.71486285878 -1.81613123208 -1.57535865832 -2.17445432876 -1.83867930504 -1.72294080793 -1.70830850990 -1.51844754877 -1.84712682331 -2.30844988491 -1.53733919427 -1.26163446763 -2.40734181659 -3.14518520860 -2.28177576000 -1.66398196944 -2.40360969717 -2.80121468094 -1.49079067944 -1.61120183175 -2.36343270898 -2.20383217952 -3.01636535536 -2.06802410271 -2.19207280927 -2.72895402996 -2.34817947926 -2.28855254716 -2.28317642492 -1.96829765157 -1.65296911503 -1.78715699319 -1.66930532626 -1.59222269165 -1.74873789330 -2.65134905555 -1.35706623070 -2.09600623563 -1.83068989289 -1.61491097214 -3.15688288951
