# Number of parameters = 204 Objective function value = -3671.03418678375  Maximum gradient component = 0.000404952067472936
# theta[1]:
-0.374293034186
# theta[2]:
7.11422705460
# theta[3]:
6.57463795735
# theta[4]:
7.13094203277
# theta[5]:
0.510414381435
# theta[6]:
4.00000000000
# log_rinit_devs:
 0.213590993173 0.137356804510 0.117965172045 -0.0385586004158 -0.430354369312
# log_rbar_devs:
 1.08376057792 0.901992283809 0.728624843737 0.791190006418 0.659055427286 0.930450861122 0.573678374987 0.522661616134 0.510749672138 0.621823282484 0.588880170255 0.502458856765 0.523542594838 0.532559213610 0.692285867919 0.719700403375 0.906533596237 0.719679358484 0.862461321443 0.630373483495 0.626545711123 0.694317260446 0.630362151298 0.427250750338 0.510389953032 0.563639379320 0.491471705932 0.853045540133 0.453262004542 0.260534786566 0.00683500279597 0.0227027909328 -0.0144417172482 -0.439217024747 -0.653500465272 -0.927738941076 -1.31235311165 -1.44271647037 -1.50736005554 -1.57659324125 -1.55959541040 -1.63632335791 -1.63909777720 -1.66403993488 -1.55803706327 -2.06979603025 -2.28102484589 -2.58388256554 -2.12008779389 -0.665085105331 0.765012963630 -0.497919526966 -1.94403028147 -0.915964566366 0.680116186488 -0.0500157491679 -1.09092445987 -0.222548421090 1.45755599243 -0.371582548530 -2.12076378631 -0.975103743743 1.68121213490 -0.773332928761 -1.47688113143 -1.16063190858 0.326282611402 0.190220710950 1.24524376364 1.28139878320 -0.147868208334 0.643296654028 1.03023809363 0.562615226354 1.86798152237 -0.175652666938 0.557867764101 0.700145349574 1.06996972433 1.35764367318 0.917992864196 0.862552771165 -0.0576687875639 -0.530113554411 0.418882567219 -1.67126815708 1.51622423702 -0.921771982588 0.877411772594 0.651510633375 0.550738472238
# mat_params[1]:
 7.04230801180 10.2620191855
# mat_params[2]:
 5.42942720494 8.14145129647
# mat_params[3]:
 5.15674656990 7.71771163159
# log_m_devs:
 -0.109014387355 0.0606308559722 0.0483835313833
# log_slx_pars[1]:
 1.22375167130 -0.596166148703
# log_slx_pars[2]:
 1.67480804617 -0.204574338485
# log_ft_pars:
 -1.26593406779 -1.34339338098 -1.75749817739 -1.62447812577 -1.33433407711 -1.23070072480 -1.32120970303 -1.72349348912 -1.34671787589 -2.16973798886 -2.35177463317 -0.932887453830 -4.60423239223 -0.737103037207 -3.39827425679 -2.57613981164 -2.33025108175 -1.85427815321 -1.69690295043 -2.60952117990 -2.70756760606 -2.76651564156 -2.99803760676 -2.42513481175 -2.72303164202 -3.37952649324 -2.81071925975 -2.17126273056 -2.15256518743 -1.55468705924 -1.00322826979 -0.987639807218 -1.34048937660 -1.69340919633 -1.58864763177 -0.800328040041 -1.29250386812 -1.64745010363 -4.36764050480 -4.37859046455 -3.55833744094 -3.07230957287 -3.35770591030 -3.54114387832 -3.31367208897 -3.19814309282 -2.06253281195 -2.51465041831 -8.42466781616 -3.54784628713 -1.60110743145 -1.36416045717 -1.98250074489 -1.67039347516 -1.54431923322 -1.52055989554 -1.31892334733 -1.66333340860 -2.11045056698 -1.32648091154 -1.03809404789 -2.21654039927 -2.96454472662 -2.10144484563 -1.48160415973 -2.25565891032 -2.70076242186 -1.39942910887 -1.48475982922 -2.23410094453 -2.09166733271 -2.93407870912 -2.01107572510 -2.16549894889 -2.70653813703 -2.34905025961 -2.32307046610 -2.38208912243 -2.17137675380 -1.99135752603 -2.05191341305 -1.85828072789 -1.70360433861 -1.76988826409 -2.55651123242 -1.15610949135 -1.72418902601 -1.53370478209 -1.37206062141 -2.98006350427
