# Number of parameters = 202 Objective function value = -3551.17746693726  Maximum gradient component = 0.000221854315124745
# theta[1]:
-0.269083152833
# theta[2]:
7.18283307200
# theta[3]:
7.31035917582
# theta[4]:
7.77247778831
# theta[5]:
0.388730461031
# theta[6]:
4.00000000000
# log_rinit_devs:
 0.168356827989 0.0766207932958 0.0946682847278 -0.0207437439437 -0.318902162069
# log_rbar_devs:
 0.491901277285 0.334900849765 0.153449888971 0.281703195211 0.217365860245 0.584068614563 0.278194177257 0.269019434840 0.323391970903 0.451077924923 0.462644181270 0.504854372378 0.434403371681 0.606813359989 0.781744812100 0.801664120912 1.03536308444 0.824198764698 1.01368453383 0.775064396118 0.762475558179 0.822587015725 0.732375578352 0.499134603322 0.585425688915 0.612991865207 0.480104805547 0.833473165719 0.331066132939 0.0629005209489 -0.197911407568 -0.108300575230 -0.104240399300 -0.581638088201 -0.853266286926 -1.09208197498 -1.38993263094 -1.47075698850 -1.54525677770 -1.67294810561 -1.70565060410 -1.81026970022 -1.82374598682 -1.85353638515 -1.74113976386 -2.23151522205 -2.34650532649 -2.53356040216 -2.00345026820 -0.538082781444 1.00247011380 -0.328226415729 -1.73979988269 -0.718381424710 0.871386115756 0.149928530051 -0.891310615806 -0.0270189506894 1.63698767033 -0.133765938473 -1.84251126190 -0.794979948293 1.78165496331 -0.626478227655 -1.35285651315 -1.05635210717 0.398532136461 0.284351513045 1.32650083620 1.35598510945 -0.0604380706105 0.725638809310 1.09507675071 0.632528252254 1.92723414512 -0.109470121993 0.604906837908 0.737441695530 1.10301023947 1.39820303816 0.980043837489 0.930716899778 0.0203270109003 -0.429674139858 0.539932798534 -1.48318812745 1.78939948387 -0.660653214754 1.06234958295 0.727953282242 0.428291857484
# mat_params[1]:
 6.87684906560 9.99796254647
# mat_params[2]:
 6.58596912667 9.63822514338
# log_m_devs:
 -0.166754262130 0.0477811273833 0.118973134746
# log_slx_pars[1]:
 0.755824502652 -3.81699161633
# log_slx_pars[2]:
 1.55013990200 -0.358786113968
# log_ft_pars:
 -1.81017343149 -1.89840431927 -2.29589365400 -2.21689323528 -1.97518488959 -2.04702714852 -2.14140080518 -2.59015855821 -2.28894933643 -3.18706807465 -3.37355157275 -1.34519451616 -5.67451195839 -1.93243878942 -4.73153678750 -3.86675702106 -2.49939604864 -2.03145274256 -1.88388025933 -2.79671438797 -2.90243613758 -2.93839841718 -3.14291532696 -2.58108176021 -2.87162766257 -3.47799538467 -2.87554657927 -2.17388730029 -2.13730185691 -1.58854740350 -1.07340133073 -1.03267652683 -1.33465660809 -1.69633959399 -1.63381179449 -0.876813112531 -1.40174461995 -1.76478473840 -4.44947845147 -4.40542818347 -3.53042553507 -2.99349992520 -3.21102613036 -3.36919125438 -3.14672178885 -3.04284271367 -1.96844933495 -2.48734832558 -9.20441574899 -4.47123834423 -2.83844781722 -2.61567133773 -3.10182551869 -2.61592895752 -2.57065764456 -2.64344357951 -2.43487033860 -2.66608757621 -3.17640682088 -2.47558035072 -2.13257364215 -3.11714831335 -3.90015078022 -3.13838187605 -2.44457264425 -3.00632646675 -3.38196170265 -2.20316803544 -2.48184579771 -3.27182021765 -3.06865650403 -3.78010271301 -2.80306968269 -2.97907586165 -3.59914234624 -3.23671209618 -3.14192975711 -3.09244091040 -2.89098629855 -2.78527738682 -2.89042598799 -2.66686918028 -2.46706821411 -2.48501241941 -3.22722230269 -1.85436088060 -2.72212224761 -2.67072097031 -2.50836369591 -4.00390932895
