# Number of parameters = 203 Objective function value = -3550.08210418723  Maximum gradient component = 0.000799650766261880
# theta[1]:
-0.194360231516
# theta[2]:
8.14549317433
# theta[3]:
7.62288537617
# theta[4]:
7.97238703364
# theta[5]:
0.489617522220
# theta[6]:
4.00000000000
# log_rinit_devs:
 0.0263804437976 0.0412111900770 0.108674000408 -0.0147263409891 -0.161539293293
# log_rbar_devs:
 0.889106123600 0.736788262689 0.563069098372 0.598067962741 0.458473122305 0.766590854480 0.448057959695 0.421087675924 0.458045931497 0.586334384921 0.567844715166 0.585133779986 0.697752577052 0.769423180463 0.940685408758 0.804895171908 0.810119994887 0.631035643669 0.816785327336 0.593719470080 0.580644364868 0.637817877319 0.554759042692 0.334912411996 0.415278270742 0.440597544744 0.317633258509 0.647222825677 0.173767972799 -0.0758079218970 -0.314506615644 -0.223364741978 -0.215334700276 -0.654216720334 -0.888018277886 -1.08888876818 -1.35438094334 -1.42639239514 -1.49715903642 -1.61821062724 -1.64728783684 -1.74462325333 -1.75656685595 -1.78236729198 -1.67543768395 -2.12269047690 -2.21077066714 -2.37261874672 -1.82008497685 -0.378206060410 1.18926123021 -0.125957189300 -1.55176980926 -0.533268947866 1.07518309400 0.340071142325 -0.713153986762 0.150049834937 1.85810924009 0.0486930749020 -1.70753370131 -0.646696790142 1.95974364586 -0.503274232978 -1.24565774304 -0.968778590245 0.495239978136 0.379000719128 1.42453048307 1.44998005155 -0.00433346763587 0.769359833396 1.11546119270 0.592274829675 1.90219681182 -0.292153686307 0.342909329120 0.365447619366 0.593566487801 0.691698822785 0.350129617420 0.381126108086 -0.294710228732 -0.579159575984 0.434090757814 -1.45504806242 1.68660316333 -0.798311948081 0.805270333281 0.314141789027 0.326953153764
# mat_params[1]:
 7.61428374203 10.3030120970
# mat_params[2]:
 6.94310309353 9.98754352299
# mat_params[3]:
 8.41034945295 13.2795501564
# log_m_devs:
 0.0253289147932 0.148952926253 -0.171128906734 -0.00315293431213
# log_slx_pars[1]:
 1.55849628119 -0.272003965126
# log_ft_pars:
 -1.12771266044 -1.21553899683 -1.66624991391 -1.54156788217 -1.24690990502 -1.13519782225 -1.24726227801 -1.69673215304 -1.34732264228 -2.17322618913 -2.34823344931 -1.39629252378 -4.77272904178 -1.28749110750 -3.73013437533 -2.84537048555 -2.51852572745 -2.06326488681 -1.91923063197 -2.83125735806 -2.93409263558 -2.97395444949 -3.18100749932 -2.61685603764 -2.91150208103 -3.52527039530 -2.92491982343 -2.23456118534 -2.19394226185 -1.63656118219 -1.13066366194 -1.12135965827 -1.45601577307 -1.82571487275 -1.76652748827 -1.04075261929 -1.61590872128 -2.00966896850 -4.70722869644 -4.66301833551 -3.79198362113 -3.26313595759 -3.49523852926 -3.65845573248 -3.43474461727 -3.33180759446 -2.27660104791 -2.82121786680 -9.57658480365 -4.91492577310 -3.38568721271 -3.04099123520 -3.41171430132 -2.89700952900 -2.99917745626 -3.04977749877 -2.77306851585 -2.98999395865 -3.64658120055 -2.88824312460 -2.45732025643 -3.38982741559 -4.33223747458 -3.51056522132 -2.71789532770 -3.21769232708 -3.63524527493 -2.48739586031 -2.83590342414 -3.61164064204 -3.32271497346 -3.98200811938 -3.01385348252 -3.15483878910 -3.81387489098 -3.37134422174 -3.18765101377 -3.05972742994 -2.75827637442 -2.51552721361 -2.71899470468 -2.59269507997 -2.50146010604 -2.65086862417 -3.55449347122 -2.32085320012 -3.22339420227 -3.06273637951 -2.82155483045 -4.25680905111
