# Number of parameters = 204 Objective function value = -3551.54564816115  Maximum gradient component = 0.000401507893175439
# theta[1]:
-0.191206285044
# theta[2]:
8.11333314923
# theta[3]:
7.61114201246
# theta[4]:
7.96218840976
# theta[5]:
0.490001832549
# theta[6]:
4.00000000000
# log_rinit_devs:
 0.0325167019868 0.0459005539734 0.110365024897 -0.0166459877974 -0.172136293060
# log_rbar_devs:
 0.875166761702 0.723489449316 0.551029419476 0.587151871593 0.448253823523 0.756295856207 0.439462559799 0.414424568570 0.453367571048 0.582991886126 0.564386817695 0.580326162811 0.691527721311 0.763194168710 0.936078631948 0.804311171460 0.813316944489 0.634202358899 0.819268897976 0.596342773537 0.583218900320 0.640270071309 0.557304778620 0.337813661446 0.418066378824 0.443450830689 0.320741982080 0.649859464624 0.177052659959 -0.0725681293736 -0.311794644104 -0.221827073293 -0.214459879947 -0.653227323432 -0.887635389807 -1.08945611647 -1.35549712840 -1.42769468617 -1.49825658331 -1.61885907404 -1.64772820093 -1.74476001837 -1.75654370112 -1.78218673910 -1.67522700009 -2.12194759319 -2.21006531867 -2.37191692828 -1.81920258930 -0.376997864798 1.19036763734 -0.124847191653 -1.55093233822 -0.532238015171 1.07638025283 0.341185068503 -0.712059641492 0.151333227317 1.85931030142 0.0497532319930 -1.70673334920 -0.645394674136 1.96130136620 -0.501863095382 -1.24409166793 -0.967009882632 0.497290719419 0.380851917923 1.42655811863 1.45196389523 -0.00244729854282 0.771240450287 1.11758884365 0.594415162229 1.90446082867 -0.289567888598 0.345886196492 0.368863118266 0.597496545633 0.696293391140 0.354037325191 0.384128810976 -0.292784653925 -0.577764782775 0.435543722930 -1.45325291382 1.68896263709 -0.796911682146 0.805817720579 0.313564835259 0.328787588549
# mat_params[1]:
 7.61239288012 10.3072391696
# mat_params[2]:
 6.93415159806 9.97969654858
# mat_params[3]:
 8.37583405543 13.2291583920
# log_m_devs:
 0.0152050664579 0.0200821466532 0.144202569986 -0.175170662072 -0.00431912102570
# log_slx_pars[1]:
 1.55655724328 -0.273337569989
# log_ft_pars:
 -1.11430751515 -1.20216710873 -1.65363594495 -1.53015919126 -1.23645033837 -1.12502642376 -1.23786455465 -1.68884971793 -1.34123156322 -2.16941143217 -2.34657545046 -1.35224051865 -4.76869252437 -1.24664159834 -3.72438245115 -2.84279724650 -2.51919026064 -2.06339034646 -1.91886677536 -2.83072854155 -2.93342646138 -2.97318217587 -3.18026375052 -2.61612877011 -2.91075363677 -3.52465679309 -2.92449099318 -2.23406596482 -2.19348305991 -1.63587942778 -1.12948940985 -1.11962057280 -1.45370764279 -1.82302641990 -1.76331760437 -1.03658728027 -1.61083868658 -2.00424050552 -4.70198708232 -4.65824594743 -3.78757800186 -3.25902830657 -3.49145995739 -3.65491269837 -3.43134991216 -3.32866744636 -2.27341886436 -2.81803009245 -9.57370124692 -4.91243628122 -3.38342611157 -3.03924589779 -3.40918427300 -2.89346591382 -2.99621264534 -3.04766183366 -2.77057432423 -2.98681693619 -3.64390660637 -2.88635205386 -2.45456388846 -3.38604510301 -4.32951402368 -3.50919147126 -2.71573634119 -3.21434943729 -3.63250877190 -2.48573418060 -2.83437159620 -3.61034688082 -3.32137358580 -3.98001565933 -3.01190723263 -3.15329652587 -3.81237855615 -3.37034488614 -3.18620883605 -3.05802668224 -2.75736809402 -2.51545714012 -2.71853171117 -2.59128963393 -2.49907655645 -2.64739636630 -3.55026556604 -2.31632357793 -3.21971884191 -3.05758945161 -2.81393843756 -4.24714180573
