# Number of parameters = 202 Objective function value = -3582.33281217482  Maximum gradient component = 0.000958272092912824
# theta[1]:
-0.470838526830
# theta[2]:
8.07383208500
# theta[3]:
6.35762337159
# theta[4]:
7.01567488326
# theta[5]:
0.309872323855
# theta[6]:
4.00000000000
# log_rinit_devs:
 -0.134443309194 -0.0810208983989 0.0787715085766 0.152231339131 -0.0155386401153
# log_rbar_devs:
 1.82329282539 1.64698574625 1.44260593090 1.42017495864 1.29497912491 1.50419244843 1.16594256101 1.06179076768 1.00162736939 0.986474975904 0.890148668004 0.817528357734 0.880875892174 0.936717401758 1.10289414516 1.03658446290 1.11604462953 0.977919938770 1.09189862352 0.845825111241 0.816733091177 0.844448861081 0.762366454003 0.580305265560 0.604088004721 0.601180190944 0.518047645452 0.801811847360 0.444215305966 0.305495275726 0.124083999830 0.0836138505963 -0.0292475028884 -0.441610775423 -0.624278242091 -0.803222395447 -1.25007773476 -1.46355274139 -1.64892845591 -1.75085032484 -1.77739598035 -1.86927293242 -1.91389809843 -1.96526829511 -1.88065178568 -2.27063035046 -2.38108372301 -2.68696909019 -2.24584708164 -0.743796455235 0.765482965780 -0.557375979162 -2.03014309962 -0.995100204864 0.639145113685 -0.0933043660307 -1.14105775639 -0.328505892914 1.37408600674 -0.485134052618 -2.27956796351 -1.08915862417 1.61687891616 -0.899228575565 -1.61395860437 -1.33275536017 0.130192531451 -0.0622292569760 0.935690392820 0.845139294629 -0.638300412120 0.148810902924 0.566381380711 0.131622601911 1.35983441979 -0.568720090940 0.124916867566 0.272148094179 0.612688284111 0.848427893708 0.467065793338 0.408646894357 -0.360659680862 -0.710121941165 0.309060150652 -1.54913572391 1.67871682988 -0.683233120928 1.05194598610 0.780891536733 0.565606082614
# mat_params[1]:
 5.60706658102 8.78116436180
# mat_params[2]:
 5.09435644504 7.76780566724
# log_m_devs:
 0.0367509579285 -0.154001333827 0.117250375899
# log_slx_pars[1]:
 1.93297540898 0.0735345384076
# log_slx_pars[2]:
 1.60991853937 -0.190858488820
# log_ft_pars:
 -2.44155083150 -2.46861780704 -2.81247843400 -2.63186391490 -2.31255444285 -2.23468170886 -2.24603650219 -2.59129830047 -2.18356743363 -2.93062151978 -2.99431249206 -7.96757772525 -5.31820935688 -8.04220902832 -4.25676235750 -3.28114722893 -2.92821576061 -2.44907788087 -2.33369611745 -3.19884626269 -3.27728253570 -3.32488787284 -3.51783268152 -2.91170184341 -3.20735866986 -3.83620180371 -3.22494111922 -2.59558315398 -2.47930477192 -1.86912367271 -1.35563803341 -1.39104122214 -1.73182611900 -2.00081277293 -1.87875531537 -1.13019573450 -1.63301448476 -1.97167333475 -4.64125724242 -4.59702488233 -3.73718876482 -3.20725773591 -3.46166703858 -3.61285238702 -3.36531157274 -3.17085929871 -2.10222108683 -2.56199769136 -9.42491554537 -5.26267235175 -3.90254935778 -0.312147820594 -0.930583505411 -0.787018627624 -0.772855788389 -0.664341582778 -0.321129092706 -0.743109227840 -1.24996113980 -0.357154427188 0.0362011742888 -1.28685239991 -2.18729330295 -1.23392922465 -0.463646990209 -1.36147759705 -2.03061187896 -0.730175892722 -0.446742970803 -0.998920141197 -1.88142728398 -2.77279874623 -1.87429418597 -2.07859241394 -2.60911305715 -2.27307096648 -2.26017639873 -2.34421198674 -2.16234673522 -1.97159708271 -2.01347271993 -1.80448282988 -1.65614895882 -1.76746880356 -2.64159742983 -1.32938096748 -2.05452544083 -1.83237131392 -1.62230704749 -3.19172188119
