# Number of parameters = 206 Objective function value = -3693.51164413145  Maximum gradient component = 0.000634022430230689
# theta[1]:
-0.321239956918
# theta[2]:
7.90571393989
# theta[3]:
6.76830238495
# theta[4]:
7.25906656027
# theta[5]:
0.534652911585
# theta[6]:
4.00000000000
# log_rinit_devs:
 0.00418400690325 0.0147855943168 0.0900364265226 0.0299245248395 -0.138930552582
# log_rbar_devs:
 1.41809612243 1.22583954061 1.02187075970 1.02909180336 0.861188194551 1.09562404052 0.702198312205 0.589162850824 0.505907406610 0.535743611317 0.453635275476 0.409562195795 0.476653738067 0.519795493021 0.690529668788 0.619688203036 0.702968387299 0.513622683083 0.653704467482 0.430380720911 0.433733793801 0.507298325438 0.450607281053 0.257326742290 0.348055098991 0.408655249089 0.343549843355 0.701496280041 0.309364938506 0.111384209962 -0.144215011287 -0.124943432090 -0.154392686232 -0.568409154791 -0.784189160056 -1.04739760802 -1.40379969071 -1.50687667480 -1.55013593970 -1.60651683870 -1.57718498321 -1.63957629564 -1.62782684670 -1.63765690470 -1.52515934078 -2.01587317244 -2.19281099656 -2.44339137101 -1.92304532372 -0.486741483179 0.971161790498 -0.292084094853 -1.75282077938 -0.723742033952 0.891558785373 0.149181723640 -0.905024952862 -0.0327624312865 1.68461179457 -0.171933811801 -1.94526443449 -0.799058823831 1.88644268718 -0.618919621596 -1.33622229437 -1.03324966399 0.462361827927 0.317379482151 1.37611800983 1.40986547292 -0.0549232497293 0.733072748562 1.10069493395 0.586082545185 1.92108926663 -0.258218096819 0.423095293976 0.473418453435 0.734972498673 0.877366943070 0.464156037654 0.433072927150 -0.362934499523 -0.724116196313 0.275808245280 -1.65276619293 1.51374601301 -0.741445374000 1.06956891312 0.827631883001 0.456435951673
# mat_params[1]:
 7.26127843618 10.4386296167
# mat_params[2]:
 5.67841813608 8.39134370856
# mat_params[3]:
 5.90051329008 9.22386369922
# log_m_devs:
 0.0320489042774 0.111435151285 -0.143484055562
# log_slx_pars[1]:
 1.26795630534 -0.506508031787
# log_slx_pars[2]:
 1.67862844540 -0.229918985610
# log_slx_pars[3]:
 1.69842985133 -0.263267830866
# log_ft_pars:
 -1.66311678222 -1.72738421619 -2.11236642543 -1.93370340951 -1.60425215390 -1.46563622762 -1.51571046609 -1.86109810181 -1.41488231237 -2.15092255486 -2.24563187040 -2.40318928445 -4.59012722515 -1.69600467597 -3.46197472612 -2.54533368343 -2.19969455274 -1.72857133514 -1.57074859856 -2.48469235115 -2.59114342144 -2.65634323828 -2.89529796965 -2.33053080916 -2.63724135600 -3.30139278715 -2.74062957540 -2.10380155183 -2.09075542361 -1.50003850388 -0.948513410116 -0.932638747607 -1.28851654533 -1.65040636973 -1.55540925279 -0.773167028652 -1.28134344849 -1.65754328834 -4.39639316324 -4.42076687991 -3.61431334749 -3.14304989209 -3.44399456712 -3.64190247568 -3.42724439977 -3.32772040526 -2.22183827985 -2.70752261767 -8.64927420319 -3.75429084858 -1.86361732040 -1.61323318275 -2.20024449433 -1.85828373506 -1.75196616378 -1.73809771341 -1.54172096274 -1.86573673476 -2.33600850634 -1.56320701352 -1.27830186576 -2.41654843778 -3.16595750826 -2.30325609417 -1.67615121466 -2.40759233874 -2.80826855674 -1.50442643439 -1.63521551967 -2.38880156589 -2.22272280223 -3.02989784982 -2.08287340662 -2.21010596045 -2.75700376753 -2.37605297231 -2.31545794498 -2.31266533479 -2.01210239959 -1.72133241227 -1.84853931662 -1.71727067082 -1.62279572432 -1.75671579367 -2.62977972917 -1.30075710430 -1.84918739077 -1.73258444991 -1.67561029360 -3.39359415359
