# Number of parameters = 95 Objective function value = -392.492327728170  Maximum gradient component = 0.000315860150219140
# theta[1]:
-0.470510355747
# theta[2]:
4.54899784220
# theta[3]:
6.26022717925
# theta[4]:
6.45766852139
# theta[5]:
1.16021729083
# theta[6]:
4.00000000000
# log_rinit_devs:
 2.81228113454 1.61738904321 -0.0584591165903 -2.14771222684 -2.22349883432
# log_rbar_devs:
 -0.221890253798 -1.57543736665 -0.592270214872 1.00314375353 0.205911735347 -1.01412789055 -0.0568839106489 1.80002576406 -0.215503571411 -1.85436860490 -0.907474056304 1.94525495671 -0.628806529572 -1.46920456009 -1.12421696713 0.318086587888 0.0704617159318 0.947326456424 0.792901822449 -0.835215100685 0.0982734493679 0.447919890654 0.0426285362220 1.27238747080 -0.606728588306 0.0239442029847 0.212267474808 0.565880297317 0.784719664580 0.451611633603 0.397939837840 -0.478686809462 -0.873238312097 0.0917592439279 -1.79311794136 1.34826173812 -0.817090467860 1.04379259749 0.982068492965 0.217693822668
# mat_params[1]:
 4.93224718126 7.48642446663
# log_m_devs:
 0.194196051753 -0.194196051753
# log_slx_pars[1]:
 1.59484559007 -0.244581906011
# log_ft_pars:
 -1.72752465542 -2.23712987464 -1.81354086832 -1.72986985002 -1.74939500591 -1.50997063197 -1.74079882326 -2.26795601634 -1.54339867194 -1.22188011913 -2.23421941568 -3.04543948287 -2.25495712002 -1.58706803424 -2.20803013167 -2.56537912701 -1.25707801299 -1.26948025122 -1.88287768313 -1.59105619764 -2.50455917387 -1.63955334827 -1.86463696670 -2.42193668709 -2.11803059651 -2.12781357179 -2.22160893800 -2.04254540141 -1.85627059968 -1.91375644720 -1.72035089946 -1.58771261223 -1.69208233110 -2.54720248916 -1.18970822727 -1.78568709137 -1.67873218340 -1.60668437310 -3.33638583838
