# Number of parameters = 203 Objective function value = -3335.82518242812  Maximum gradient component = 0.000116888349776920
# theta[1]:
-0.615932251325
# theta[2]:
7.45292038537
# theta[3]:
5.93854815917
# theta[4]:
6.56605826876
# theta[5]:
0.359603627414
# theta[6]:
4.00000000000
# log_rinit_devs:
 -0.0500108629567 -0.0225323220293 0.120390899106 0.150232803756 -0.198080517876
# log_rbar_devs:
 1.77505112904 1.58571839121 1.36349342486 1.34996611084 1.22045693851 1.45317563576 1.06703658345 0.943427376081 0.873147083820 0.839407298817 0.733812012313 0.655523766505 0.749489486735 0.833086589475 1.03978647287 0.984888682597 1.08545605172 0.941985902023 1.06797421032 0.792449144892 0.773965110842 0.820209799152 0.747313946168 0.568616333190 0.611892161288 0.631058535833 0.561312815856 0.899400748668 0.522265866866 0.390864028794 0.208371375279 0.165405817915 0.0358282497261 -0.416036241528 -0.606295704699 -0.795820846997 -1.34314370811 -1.61769408855 -1.85576189682 -1.93441630804 -1.93220654593 -2.00009552430 -2.02361633056 -2.05163440437 -1.92560757033 -2.31661258623 -2.42075264100 -2.76380546417 -2.37548764166 -0.841039135719 0.734514307388 -0.559166765703 -1.92771749614 -0.916544590059 0.596869344243 -0.0787514150223 -1.06319517172 -0.239188887290 1.30800301568 -0.321488379941 -1.97845342515 -1.04720089273 1.39174841176 -0.840530155056 -1.50332693502 -1.25899124549 0.162312219082 0.0735285448895 1.06228313300 1.06464901200 -0.282802909214 0.448952820227 0.859052178773 0.407744185234 1.63680724710 -0.285230844391 0.382091303149 0.483673898008 0.794223654373 1.07538981948 0.698909381148 0.643585395680 -0.165095283455 -0.587382320765 0.299260799273 -1.60823592630 1.26637925495 -1.09204702144 0.512781175375 0.258182801337 0.522597320303
# mat_params[1]:
 4.87308787320 7.87418208101
# mat_params[2]:
 4.21890542392 6.10409349092
# mat_params[3]:
 3.84221246272 5.76346972082
# log_m_devs:
 -0.00211393497460 0.00211393497460
# log_slx_pars[1]:
 0.577489145074 -3.92883697035
# log_slx_pars[2]:
 3.26090576976 19.1655712054
# log_ft_pars:
 -2.05013084582 -2.07805719006 -2.42762441527 -2.25251411013 -1.92866781188 -1.83492455205 -1.82952344384 -2.16153887877 -1.73348468342 -2.46372662148 -2.52856849192 -7.25313094580 -4.89457672791 -7.32533766060 -3.88040008390 -2.92237440758 -2.57858567764 -2.10095026763 -1.97555393589 -2.84612780263 -2.93874850543 -3.00003750368 -3.21028749546 -2.62000314169 -2.92689400696 -3.57361396569 -2.98079234858 -2.36094003926 -2.25964060775 -1.65213755256 -1.11675793612 -1.11320862672 -1.42693720471 -1.68809505345 -1.56042310861 -0.761793079737 -1.18327864597 -1.46485564100 -4.13016376710 -4.12064767672 -3.28743416157 -2.77693812499 -3.04272870655 -3.21924020914 -3.00898891662 -2.84345223150 -1.76511666091 -2.21924270253 -9.04227540043 -4.80729756813 -3.46186116212 -2.65010892844 -2.66531515555 -2.26564370075 -2.85277671148 -2.69161803835 -2.12788988616 -2.47970343239 -3.51167145239 -2.39282111149 -1.57091786918 -2.58537259011 -4.19350937392 -3.01346099070 -1.90446127586 -2.43444852486 -3.40391396986 -2.30277453277 -2.77522069187 -3.44153306383 -2.88302681563 -3.57060483120 -2.80240026870 -2.91320205570 -3.82083684994 -3.11402456814 -2.91088034427 -2.96575501819 -2.88808157900 -2.81417610418 -2.76668917478 -2.46952246633 -2.16335237584 -2.10813350674 -3.06168713761 -1.56700567586 -2.20838933366 -1.66793282700 -1.42844563366 -2.96079530033
