# Number of parameters = 202 Objective function value = -3670.49484940274  Maximum gradient component = 6.69840959006226e-005
# theta[1]:
-0.374804302618
# theta[2]:
7.11301077865
# theta[3]:
6.56031514752
# theta[4]:
7.13331593998
# theta[5]:
0.498437535271
# theta[6]:
4.00000000000
# log_rinit_devs:
 0.212769737251 0.136201469164 0.117691072452 -0.0367752613687 -0.429887017498
# log_rbar_devs:
 1.09465867366 0.912710441997 0.739187810868 0.801454259525 0.669490590529 0.938847636796 0.581908054821 0.529781166279 0.515887131342 0.624732369703 0.590734836556 0.499909680787 0.514815422786 0.513420837921 0.661399577273 0.685249092762 0.865352812461 0.679066663049 0.818923777712 0.587425784565 0.585352165403 0.654702167423 0.593436102108 0.393511677412 0.478177064985 0.534116897514 0.465463001957 0.827502872720 0.431977405805 0.241447596297 -0.0130504503888 -0.00220980319552 -0.0429985567707 -0.467250303928 -0.681894394701 -0.961678772751 -1.35376798261 -1.48819942868 -1.55205764387 -1.61651308757 -1.59550966928 -1.66825958791 -1.66768139714 -1.68927013039 -1.57987579815 -2.08486165225 -2.29054673025 -2.58687358146 -2.11265493378 -0.658555521545 0.770332707355 -0.492671590230 -1.94020225760 -0.911861084368 0.685036984174 -0.0460250909515 -1.08735455249 -0.218884375580 1.46237129123 -0.369078497375 -2.11952700256 -0.970860101098 1.68891001710 -0.768033549154 -1.47077963828 -1.15377795761 0.334676329575 0.198095102968 1.25417728009 1.29078776263 -0.139204137109 0.652767207563 1.04065450885 0.573437594385 1.88006372771 -0.164842103480 0.568809361800 0.710954953225 1.07996221822 1.36625589566 0.928015247056 0.871426855624 -0.0441309875961 -0.502855904613 0.475503521028 -1.58481726794 1.66250960529 -0.781399791723 1.01993226142 0.770558256427 0.564133053947
# mat_params[1]:
 7.02703846156 10.2579896771
# mat_params[2]:
 5.40916519170 8.10476146920
# log_m_devs:
 -0.111768468798 0.0476289452939 0.0641395235040
# log_slx_pars[1]:
 1.21844637719 -0.607282942188
# log_slx_pars[2]:
 1.67625078520 -0.205232574388
# log_ft_pars:
 -1.27579324048 -1.35271936375 -1.76594414518 -1.63241663158 -1.34210487044 -1.23805838158 -1.32738168893 -1.72824789899 -1.35018744216 -2.17170997739 -2.35212565525 -0.920480821753 -4.59551072590 -0.700950156299 -3.36808711668 -2.54193293855 -2.29022125118 -1.81428582052 -1.65487747973 -2.56759409350 -2.66774901008 -2.72912378898 -2.96338715432 -2.39260794611 -2.69297789390 -3.35286577357 -2.78701304838 -2.14885369848 -2.13186194661 -1.53465555694 -0.981710290437 -0.962827984599 -1.31245860207 -1.66438053335 -1.55945787773 -0.766117617357 -1.25042782155 -1.60154309404 -4.32375158770 -4.33984226173 -3.52414010491 -3.04206688884 -3.33129468428 -3.51869741341 -3.29521021362 -3.18361445605 -2.05174999314 -2.50948419277 -8.41933330907 -3.53804195546 -1.58468449457 -1.34828275190 -1.96901466855 -1.65876979898 -1.53032208790 -1.50513411871 -1.30383991228 -1.64939106856 -2.09491662026 -1.31048268173 -1.02319727346 -2.20364779426 -2.95111386770 -2.08820440950 -1.47063899877 -2.24727132063 -2.69288622636 -1.39051087151 -1.47332017071 -2.22245659650 -2.08165837803 -2.92602212870 -2.00389715076 -2.15846413053 -2.69877252171 -2.34226765298 -2.31766542286 -2.37796340522 -2.16676475450 -1.98503874925 -2.04449263637 -1.85095068957 -1.69697448489 -1.76491076990 -2.55607878422 -1.16472354665 -1.77972749274 -1.61374317761 -1.47242443282 -3.08344115217
