# Number of parameters = 202 Objective function value = -3502.06889384933  Maximum gradient component = 0.000222214168835523
# theta[1]:
-0.216059860246
# theta[2]:
8.14198850459
# theta[3]:
7.43857579192
# theta[4]:
7.86821536473
# theta[5]:
0.391240588601
# theta[6]:
4.00000000000
# log_rinit_devs:
 -0.0409321299957 -0.00861750866029 0.0956368948026 0.0529670400237 -0.0990542961703
# log_rbar_devs:
 0.970140615273 0.807027326135 0.623011932237 0.650452389980 0.506141595169 0.783056117752 0.445019552139 0.389223994395 0.377728754979 0.477129727248 0.436310640312 0.422363123729 0.507329901954 0.593767601361 0.817535336343 0.782429803831 0.926033004477 0.733545889307 0.895925591053 0.671187917727 0.649951401313 0.695206995784 0.604535429103 0.382527106795 0.448268885485 0.464404728065 0.340447443246 0.650049332516 0.195767906040 -0.0512069577131 -0.299818221942 -0.236484063413 -0.242649207283 -0.673613023189 -0.915667754241 -1.13762494502 -1.42039080266 -1.50210926763 -1.57300932275 -1.68707924198 -1.71389774327 -1.80809985548 -1.82035275273 -1.84760578309 -1.74517174703 -2.19484355025 -2.29985094169 -2.48211786631 -1.96127961713 -0.496132435921 1.07197379155 -0.260724604794 -1.67239969422 -0.652651822906 0.941625846546 0.220525481965 -0.816294777086 0.0434946137342 1.70466938288 -0.0571739059559 -1.77314814398 -0.735859862529 1.82354392667 -0.581262784989 -1.30940974680 -1.02334704854 0.430947498239 0.321651338684 1.36556014920 1.39126968336 -0.0256465456263 0.751070297992 1.11989242721 0.651373611035 1.94229607970 -0.0983644245458 0.615799692477 0.744394905095 1.10913624723 1.40868399479 0.976734224029 0.921686828593 -0.0239416981330 -0.526803772373 0.373377702217 -1.71778651233 1.42492818120 -0.950342651130 0.785514395823 0.524877883410 0.422614869266
# mat_params[1]:
 6.77891973776 9.84043263010
# mat_params[2]:
 5.90914558954 8.57497865318
# log_m_devs:
 -0.107929591422 0.0116837827001 0.0962458087219
# log_slx_pars[1]:
 1.49088888703 -0.324289461634
# log_slx_pars[2]:
 1.70777363635 -0.386310215688
# log_ft_pars:
 -1.52832527971 -1.59346104757 -2.02589539566 -1.88660060442 -1.58946606584 -1.45593017748 -1.54888941496 -1.97342278415 -1.59571456430 -2.37822589025 -2.51283794769 -2.19208339445 -4.90723865362 -1.80232861475 -3.82725636981 -2.94865342378 -2.66724049090 -2.19806761827 -2.04870728206 -2.95965789565 -3.05291041966 -3.08360933009 -3.28384076557 -2.70916127681 -2.99319885256 -3.60072494928 -2.99337973979 -2.29168179776 -2.24511702114 -1.67095953091 -1.14629163327 -1.12895084088 -1.45969786999 -1.82429752838 -1.75061873720 -1.00495151797 -1.56464191230 -1.94898586211 -4.64694600332 -4.60980658203 -3.74393604529 -3.21933014344 -3.45854016642 -3.62301863123 -3.39555411882 -3.29345577484 -2.22756016941 -2.75747207765 -9.50450109250 -4.87956883296 -3.36703578736 -3.04851594324 -3.40213050746 -2.86412580662 -2.96838762037 -3.04514013369 -2.76057578966 -2.96478758878 -3.60855451800 -2.87592266406 -2.42179724781 -3.34105860140 -4.29477062334 -3.51626598765 -2.70232613065 -3.18538825028 -3.63929305959 -2.53194811413 -2.88137082231 -3.66829163715 -3.38697812669 -4.03887461879 -3.08919162899 -3.26691575309 -3.94331721793 -3.53845068007 -3.37567051195 -3.31421781987 -3.15229563986 -3.08054711066 -3.17174787644 -2.91298412396 -2.67905480498 -2.65054744598 -3.36806361508 -1.95772905075 -1.92642664648 -1.71611900628 -1.58698591821 -3.18817593561
