# Number of parameters = 202 Objective function value = -3668.08432718922  Maximum gradient component = 0.000140242171537504
# theta[1]:
-0.325228584186
# theta[2]:
7.72037123228
# theta[3]:
6.53739744128
# theta[4]:
7.12032434913
# theta[5]:
0.469261524663
# theta[6]:
4.00000000000
# log_rinit_devs:
 0.0308129268421 0.0254639090070 0.0932571477765 0.0283438364366 -0.177877820062
# log_rbar_devs:
 1.50371475556 1.30644606856 1.10095802007 1.11563670318 0.949916958325 1.18980408024 0.787378874091 0.675448206403 0.587406542457 0.615443110118 0.529767047899 0.477054414913 0.542754254905 0.577166685687 0.740693813098 0.675410766491 0.765389525950 0.574731966074 0.709574225608 0.476294901003 0.480653848007 0.557153878313 0.503280867253 0.309703702679 0.402371614097 0.468343031625 0.409125367405 0.780593697877 0.390550614287 0.202658927426 -0.0553017237547 -0.0499516433794 -0.0942272622634 -0.520231167327 -0.738659483320 -1.03189410198 -1.44004140810 -1.58011518966 -1.63913301628 -1.69249396399 -1.66093439476 -1.72475477397 -1.71530662188 -1.72846392146 -1.60974853879 -2.10721590688 -2.30720521365 -2.59791684316 -2.12101598977 -0.668113064519 0.755670426503 -0.503285469246 -1.94957785742 -0.922547659419 0.671314903419 -0.0586322337526 -1.09924107783 -0.230724074889 1.44768307306 -0.382581206630 -2.13209914890 -0.983580383868 1.67329519231 -0.779633252045 -1.48192559092 -1.16412616503 0.323434579687 0.186714414458 1.24126371787 1.27773674886 -0.150346203916 0.640945358338 1.02879362244 0.562413203842 1.86708297556 -0.174269525658 0.558658306959 0.701752094780 1.07110867424 1.35665466696 0.919911112366 0.863293571230 -0.0482828775217 -0.503121277204 0.478848574115 -1.57508100457 1.67830141885 -0.791388939354 0.995809072573 0.731722817279 0.575333181772
# mat_params[1]:
 7.02532715179 10.2503318799
# mat_params[2]:
 5.36939594441 8.05590632790
# log_m_devs:
 -0.0237578253927 -0.0127262209304 0.0364840463231
# log_slx_pars[1]:
 1.22009109516 -0.603925366477
# log_slx_pars[2]:
 1.67345761834 -0.202555815303
# log_ft_pars:
 -1.64070785755 -1.70521156663 -2.08839610690 -1.91197826753 -1.58487743104 -1.44867664828 -1.49727949250 -1.83917965301 -1.39142007491 -2.12766685820 -2.22432956039 -2.18871957973 -4.55860934529 -1.53491231241 -3.41253153840 -2.50067647319 -2.15672580513 -1.68462183908 -1.52086628390 -2.43253659068 -2.53907071889 -2.60758518076 -2.85041105941 -2.28655427529 -2.59397782265 -3.26389557792 -2.70815144959 -2.07740839708 -2.06815716068 -1.47554337675 -0.919445918208 -0.892429980388 -1.23631865047 -1.58858431235 -1.48457121048 -0.679031665992 -1.14305357741 -1.48486014818 -4.21261477154 -4.24200451757 -3.43797644915 -2.96594215891 -3.26477210947 -3.46205691637 -3.24861969129 -3.14690253686 -2.02203289195 -2.48809004929 -8.42229416352 -3.53865901096 -1.57621180042 -1.33824743214 -1.95776089839 -1.64716097842 -1.51935695679 -1.49527916975 -1.29263011037 -1.63762329602 -2.08362819007 -1.29945855801 -1.00980808905 -2.18968359626 -2.93890486950 -2.07770809228 -1.45874471498 -2.23488017380 -2.68356765433 -1.38356539832 -1.46481696485 -2.21321518102 -2.07254842556 -2.91723506584 -1.99595763278 -2.15182123773 -2.69155646166 -2.33543200991 -2.31074276163 -2.37157320549 -2.16219220190 -1.98125208752 -2.04065703198 -1.84695632918 -1.69340504451 -1.76240655634 -2.55622289920 -1.16863324753 -1.79117385379 -1.60619903452 -1.44256554316 -3.03162836200
