# Number of parameters = 204 Objective function value = -3661.20612645039  Maximum gradient component = 0.000489470944806603
# theta[1]:
-0.392946121674
# theta[2]:
7.62463385766
# theta[3]:
6.57844562455
# theta[4]:
6.99840208462
# theta[5]:
0.717032530927
# theta[6]:
4.00000000000
# log_rinit_devs:
 0.00892311692264 -0.0105977464940 0.0731065103317 0.0329264513922 -0.104358332152
# log_rbar_devs:
 1.41251752540 1.21572756373 0.988198644245 1.01806475063 0.888976536751 1.16005796992 0.776047088232 0.664027179528 0.620348856717 0.611008955879 0.525386812048 0.465041994788 0.581732172201 0.704367093528 0.962838747091 0.898525670104 0.967262902359 0.745403449449 0.908523424872 0.698651266810 0.715245699902 0.803220905174 0.751332824708 0.564866767099 0.686670327643 0.763578955971 0.690769799790 1.06686770999 0.628628462144 0.375947372623 0.0919404182555 0.139036095230 0.129765315793 -0.331524441428 -0.633613457591 -0.942235395298 -1.28602262022 -1.35916783278 -1.38228136656 -1.44708454916 -1.42649985417 -1.49490798814 -1.48203746009 -1.49068923748 -1.38584118653 -1.93845701333 -2.19625651266 -2.53948764776 -2.14594476635 -0.681584420517 0.760434985751 -0.469527769127 -1.91440370848 -0.895165025307 0.699408182515 -0.0390124319003 -1.09569569505 -0.206920616503 1.49283062734 -0.352333769424 -2.13205554161 -1.00435342316 1.64309567381 -0.820005455817 -1.54354214043 -1.23197769929 0.260639087789 0.106276626931 1.14735562539 1.17524200875 -0.274396214065 0.505310780431 0.868801247538 0.351896449535 1.67862535763 -0.470328764709 0.214711829573 0.285078104720 0.560170219552 0.711034853444 0.297195376141 0.247133498032 -0.574576724291 -0.951165217998 0.0492813787162 -1.86006465119 1.34874492627 -0.862432912547 1.00816464638 0.870273392517 0.359309373617
# mat_params[1]:
 7.02290136061 10.0980344820
# mat_params[2]:
 7.30591547361 10.5198093883
# mat_params[3]:
 5.17891345125 7.78603096246
# log_m_devs:
 0.0986695321636 0.0834548509199 -0.182124383084
# log_slx_pars[1]:
 0.671441135131 -3.39469067718
# log_slx_pars[2]:
 1.47191218398 -0.406205776098
# log_ft_pars:
 -1.99486124731 -2.03042027286 -2.36749563807 -2.20965804198 -1.88792654554 -1.86756634573 -1.86059303132 -2.20278681482 -1.79082876272 -2.56711027804 -2.65158413962 -6.59132546398 -5.05444278127 -6.73379755168 -4.13850003010 -3.19310903780 -1.88043494571 -1.42375190143 -1.25879116577 -2.16344457460 -2.29283060897 -2.36062453251 -2.60743034492 -2.07345361915 -2.39484576013 -3.05587960538 -2.50899291690 -1.85574744775 -1.86211975297 -1.32419412860 -0.790252922803 -0.728253050097 -1.02554518449 -1.38964639880 -1.31492196117 -0.500940995631 -0.937395460612 -1.27465984275 -4.00135406862 -4.03039703848 -3.22092405828 -2.74178165340 -3.02002404949 -3.21866519846 -3.01878182211 -2.93330575329 -1.82193412014 -2.27803292209 -8.91107071814 -4.09227750958 -2.30990255602 -2.09728708000 -2.55262911231 -2.04860749181 -2.02373137756 -2.13988408572 -1.90601181982 -2.11259523312 -2.65927544242 -2.00053404900 -1.60950380989 -2.56213495204 -3.39282355838 -2.70299252966 -1.97563426758 -2.50747922016 -2.91665967643 -1.76448731639 -1.99122867757 -2.77803559432 -2.58100100828 -3.27570427970 -2.30132558321 -2.47052766308 -3.05076684784 -2.70461866919 -2.57603785844 -2.48446331021 -2.22601042323 -2.01100717062 -2.16957781918 -1.99119736465 -1.83873017993 -1.90851075797 -2.73467565498 -1.42125666468 -2.17847298465 -2.20092097071 -2.12075616991 -3.79995021754
