# Number of parameters = 206 Objective function value = -3645.45418773641  Maximum gradient component = 6.78095923739972e-005
# theta[1]:
-0.316077671062
# theta[2]:
7.68985965292
# theta[3]:
6.78386073978
# theta[4]:
7.17045027207
# theta[5]:
0.857254377964
# theta[6]:
4.00000000000
# log_rinit_devs:
 0.0834554126328 0.0885942356064 0.122246667340 -0.0117330565422 -0.282563259037
# log_rbar_devs:
 1.28511666126 1.11949931967 0.942023034071 0.951753383661 0.785631288377 1.02032993489 0.657954335064 0.571563465046 0.540675916553 0.622583538437 0.572395506411 0.542365709586 0.615994361697 0.700829878646 0.934872792774 0.932499791835 1.08225224802 0.885772100124 1.03866650151 0.832690666269 0.834191709048 0.903527042180 0.842375808926 0.651951312804 0.748832344037 0.805141185986 0.727226798704 1.06904494482 0.650451996873 0.414097177917 0.153213926870 0.202132411905 0.192476035042 -0.234615953795 -0.488120482897 -0.738992919272 -1.03993361400 -1.10745011973 -1.14351511261 -1.22129674090 -1.21494774791 -1.29648615785 -1.30206509811 -1.32386719350 -1.25001613903 -1.81671645487 -2.11062913829 -2.50181535422 -2.18334210737 -0.722665023674 0.735960435926 -0.485054111959 -1.92837318537 -0.909972785554 0.688579388128 -0.0445448009499 -1.09639530116 -0.213947828628 1.48334197256 -0.352068976084 -2.13436168759 -1.02588303346 1.60181559329 -0.862369214136 -1.59145650191 -1.29525833085 0.192554225897 0.0446168852980 1.08269077339 1.10673156365 -0.345087844747 0.424981964151 0.784512831044 0.252857764873 1.57960734077 -0.596255102849 0.0802610642322 0.129144902358 0.383976004677 0.504484134290 0.109101124947 0.0861120466155 -0.690216586499 -1.02762393986 0.0223766704481 -1.83826926880 1.48229181735 -0.977578617891 0.776108775998 0.449143357864 0.279808709575
# mat_params[1]:
 7.45956705849 10.4903273167
# mat_params[2]:
 5.35478800857 8.01130025536
# mat_params[3]:
 5.27164516598 7.85644126078
# log_m_devs:
 -0.000832097976151 0.128432710303 0.0534212772167 -0.283416375068 0.102394485524
# log_slx_pars[1]:
 1.45671019842 -0.334479313452
# log_slx_pars[2]:
 1.68791116948 -0.307106779189
# log_ft_pars:
 -1.16353653714 -1.22951871171 -1.65578916185 -1.51281437120 -1.19758078774 -1.04236321035 -1.10223835938 -1.49285698965 -1.08141413449 -1.84928288342 -1.99191288400 -1.32099034049 -4.35092601668 -1.11197412010 -3.26574297289 -2.42411757789 -2.16290077442 -1.68770751809 -1.52786819319 -2.43615384615 -2.54601242731 -2.60146260165 -2.83147730629 -2.27657465955 -2.58562801899 -3.23476129210 -2.66993661758 -2.01765741215 -2.00379240611 -1.44289767175 -0.913548925414 -0.889558206945 -1.22615265377 -1.59181679489 -1.51064195747 -0.739506475703 -1.25419236985 -1.63601037723 -4.36383912216 -4.36996080895 -3.54453452942 -3.05407653799 -3.32753914983 -3.50873394715 -3.28066473354 -3.16519547307 -2.03127162535 -2.45349877596 -9.05170520210 -4.30618185071 -2.61406227842 -2.32093537393 -2.70021397693 -2.18656535025 -2.26919991571 -2.36566007894 -2.08558132265 -2.29308285984 -2.93196873990 -2.22359773750 -1.77039945834 -2.70302585671 -3.63774330812 -2.89216710083 -2.09051515815 -2.59300161387 -3.04504010762 -1.91302466229 -2.18724126984 -2.96585598906 -2.70992097569 -3.37411821210 -2.41624332035 -2.57315081112 -3.19206682542 -2.80153311204 -2.62761398575 -2.52326657733 -2.26183414721 -2.03650791370 -2.20881113998 -2.03939473196 -1.90328112594 -1.99316855188 -2.86611600419 -1.59919572959 -1.83138135524 -1.51764637713 -1.29149711378 -2.84415241628
