# Number of parameters = 94 Objective function value = -297.763773091738  Maximum gradient component = 6.32837543880816e-005
# theta[1]:
-1.03854635833
# theta[2]:
3.01915472885
# theta[3]:
5.08090060504
# theta[4]:
5.24585607967
# theta[5]:
1.18360212075
# theta[6]:
4.00000000000
# log_rinit_devs:
 3.02649239141 1.86090093580 0.147961817181 -2.30281940172 -2.73253574267
# log_rbar_devs:
 -0.304939510251 -1.59215492147 -0.623203330985 0.881077884786 0.138901649807 -1.08407792758 -0.124440759311 1.70026636324 -0.267505661777 -1.90419980586 -0.997898045798 1.74417157918 -0.626698091859 -1.47236079214 -1.10133652806 0.333762287812 0.124972242670 0.912978624074 0.800534336964 -0.706166293375 0.203029206054 0.507704040774 0.0989526812386 1.28587565920 -0.498855147515 0.0914256427042 0.296104613556 0.638528306183 0.835505221303 0.555377271931 0.522622820490 -0.340157831372 -0.722453468237 0.208192342916 -1.59613475086 1.44242063314 -0.866009142959 0.746149452224 0.544019695873 0.216019453283
# mat_params[1]:
 3.00000000000 4.50000000000
# log_m_devs:
 0.234125514693 -0.274180980893 0.0400554662001
# log_slx_pars[1]:
 1.39547205648 -0.281758459015
# log_ft_pars:
 -1.41835130286 -1.87063149592 -1.45367103734 -1.41669235536 -1.47159280069 -1.16990828667 -1.36111672222 -1.94097318595 -1.26145682696 -0.826928100812 -1.77956054344 -2.66857338620 -1.95114753899 -1.20047565008 -1.79426965665 -2.29791919285 -1.09781722371 -1.05928905541 -1.66065392464 -1.36914529438 -2.22393724507 -1.37837847114 -1.62609937729 -2.18564796856 -1.90081859976 -1.87785890954 -1.97535495353 -1.85482409985 -1.70324048458 -1.75669190749 -1.53817636892 -1.38518960086 -1.47525995272 -2.37631583269 -1.07798057586 -1.68701553468 -1.47943727456 -1.15279735624 -2.69609586196
