# Number of parameters = 200 Objective function value = -3533.02520918987  Maximum gradient component = 0.000644592042562188
# theta[1]:
-0.0230166593076
# theta[2]:
10.1458922940
# theta[3]:
8.86436784063
# theta[4]:
9.13836716085
# theta[5]:
0.827545334494
# theta[6]:
4.00000000000
# log_rinit_devs:
 -0.303112524259 -0.184193386002 0.0617393485305 0.106137778631 0.319428783099
# log_rbar_devs:
 1.33280037658 1.10441994674 0.819637041740 0.805968041585 0.615395921602 1.02867914383 0.564433798574 0.467837769327 0.443594932462 0.532671468833 0.443284600428 0.391307743373 0.477773567801 0.551875554576 0.791570356179 0.648395920425 0.772929944805 0.560525010280 0.847690560596 0.571872249342 0.564839924291 0.651132405644 0.552003948802 0.259669384753 0.370153635876 0.408621089192 0.267293556414 0.739160574877 0.183218733708 -0.0285349620647 -0.190627198431 0.0913009305121 0.216269677482 -0.254298018453 -0.416244100633 -0.534180132682 -0.794024572400 -0.859638634846 -0.952297837801 -1.12697519407 -1.16283228200 -1.30052198238 -1.32200891926 -1.35756156456 -1.22114348444 -1.79654292729 -1.91046203109 -2.12037048802 -1.62874213645 -0.160196562343 1.45060318774 0.0609023669733 -1.29004039998 -0.309225827046 1.26666833914 0.539794437642 -0.510167248621 0.321311537736 2.01248925434 0.247365286344 -1.41792214355 -0.492560029884 2.04556810611 -0.341591857578 -1.10160857037 -0.843263696314 0.567752919212 0.483316450460 1.50137493016 1.52552621845 0.108784294157 0.881803608960 1.19453626030 0.682421679006 2.04705745442 -0.221473712294 0.267564601988 0.105388078983 0.106497182734 -0.00947006169018 -0.393026294605 -0.469426701768 -1.41185247444 -1.84146914493 -0.869407783545 -2.78017858437 0.413224173074 -1.92904896748 -0.220937596989 -0.472364858039 0.155960804126
# mat_params[1]:
 8.03232063583 10.7732733079
# mat_params[2]:
 6.28637904066 9.04106577558
# log_m_devs:
 0.127087904061 -0.133769914227 0.00668201016530
# log_slx_pars[1]:
 1.71725711850 -0.217547372393
# log_ft_pars:
 -1.96977667659 -2.00749334027 -2.39732117505 -2.21184240041 -1.86255770442 -1.73063875266 -1.80404345985 -2.19984074450 -1.79739406824 -2.52840790347 -2.60252502225 -6.78945751706 -4.92958195888 -6.63542331571 -3.84268568811 -2.90877659021 -2.58989271838 -2.16030002700 -2.07453205985 -3.00643599654 -3.11407618566 -3.16250044192 -3.36513647510 -2.78649704784 -3.07562089768 -3.67843756102 -3.06390224988 -2.42352905606 -2.40185024348 -1.87655214822 -1.43432123839 -1.52392506937 -1.97256333862 -2.40658246785 -2.40624259703 -1.77896373481 -2.42399992964 -2.83125182562 -5.49728630978 -5.40461812968 -4.49958757902 -3.94328563034 -4.15356220943 -4.29540592440 -4.05710078898 -3.92941920181 -2.86824192596 -3.38150485530 -10.0810952369 -5.48511999557 -4.01757085694 -3.62679268315 -4.04754395353 -3.61996459264 -3.67140545663 -3.63932453902 -3.37349565502 -3.64576464916 -4.25108357718 -3.42362688813 -3.04274252619 -4.06694050935 -4.91315619444 -3.96865305702 -3.21090368018 -3.82293646143 -4.21762807103 -2.98483658178 -3.31315074275 -4.07131141342 -3.78165975327 -4.49377037333 -3.53528596097 -3.64917521990 -4.33065902971 -3.86311667882 -3.70154057354 -3.57779972415 -3.12592991120 -2.66331656582 -2.67472555137 -2.43258662082 -2.24553605444 -2.29809629680 -3.07662734691 -1.66108377196 -2.39331412898 -2.13813611482 -1.94686375588 -3.50372711738
