# Number of parameters = 202 Objective function value = -3388.63278516245  Maximum gradient component = 3715.04896170286
# theta[1]:
-0.626199094717
# theta[2]:
6.71802549621
# theta[3]:
5.82609476506
# theta[4]:
6.38017996433
# theta[5]:
0.470336226724
# theta[6]:
4.00000000000
# log_rinit_devs:
 0.158243392219 0.0935930574652 0.138657475931 0.0927304839277 -0.483224409543
# log_rbar_devs:
 1.41212344485 1.22666680292 1.01720518922 1.03414744313 0.924382469673 1.08860760410 0.722667817806 0.566473317454 0.487107950773 0.380626214291 0.287689141647 0.221177734109 0.344125325856 0.475487222641 0.538952581455 0.541900544281 0.644491865218 0.531959469306 0.601727926079 0.316146088191 0.313066536756 0.370463372161 0.335637200016 0.223192924620 0.274540957643 0.323055678960 0.315134229137 0.638152073115 0.349692505116 0.267097751489 0.109967346400 0.0126015106036 -0.168399284902 -0.591186162914 -0.761165302997 -0.939504904983 -1.58337702835 -1.94884578256 -2.26652898381 -2.26877089525 -2.19979990772 -2.20221623886 -2.18162045395 -2.16102133130 -2.00383379245 -2.28380300107 -2.30596331058 -2.54387052546 -2.03980359848 -0.522890195596 1.06649561238 -0.213927524761 -1.62854194637 -0.603776431419 0.960157856443 0.256573190698 -0.749103186943 0.0879570280139 1.70131198767 -0.000902034751563 -1.73077848203 -0.728855705039 1.79170093880 -0.539300848399 -1.21325631738 -0.966653484964 0.489578083649 0.391211771044 1.41333052528 1.42030121514 0.0258816340153 0.768350708154 1.18492195513 0.706801343988 1.97606817544 -0.0122482473866 0.704252678648 0.852162584680 1.22834070995 1.52204842415 1.11784536084 1.08145745698 0.213249307779 -0.255919955177 0.636364399526 -1.44380546256 1.53053206117 -0.918818889456 0.820186299634 0.649134724749 0.486004944909
# mat_params[1]:
 4.97221052354 7.92173992101
# mat_params[2]:
 4.27979618848 6.49344168364
# log_m_devs:
 -0.165235718471 0.131618437447 0.0336172810245
# log_slx_pars[1]:
 0.889939620674 -1.45943560911
# log_slx_pars[2]:
 1.65905062006 -0.147364724219
# log_ft_pars:
 -1.55119906153 -1.57426297594 -1.93893281085 -1.78830848268 -1.47248939163 -1.34325847507 -1.31344916386 -1.63299085453 -1.17225615159 -1.87792128018 -1.95180872689 -3.67306199572 -4.40768403978 -1.69621876994 -3.31018615387 -2.38165142748 -2.04229716113 -1.55389107949 -1.37898512308 -2.24865596080 -2.36690293929 -2.45346913638 -2.70092872955 -2.14700182128 -2.48842055387 -3.18185720647 -2.63736690625 -2.02444914582 -1.96039097078 -1.37690590649 -0.836371738708 -0.797760344414 -1.07509854785 -1.34082157331 -1.22980745687 -0.389752649201 -0.711563164204 -0.908058090393 -3.57903712765 -3.65270111587 -2.89346342553 -2.44859395023 -2.77658956932 -3.01525980299 -2.86003679501 -2.76694937746 -1.76264562952 -2.31512884091 -9.24477344220 -4.99341469266 -3.66885841294 -2.82061707318 -2.78193466310 -2.37052308920 -3.04975739140 -2.85997690941 -2.26162508810 -2.61760097677 -3.74274370884 -2.57931978281 -1.71951656142 -2.70480398759 -4.43245881480 -3.19882041512 -2.04909974152 -2.53711699193 -3.54387812124 -2.44217127521 -2.96798571114 -3.63192635408 -3.02793168899 -3.69453323881 -2.94019202601 -3.02368183789 -3.98473444702 -3.22530928296 -3.00786659195 -3.07973151821 -3.05621600942 -3.03065947109 -2.98263094544 -2.69201153693 -2.36847686719 -2.28485298741 -3.22165873267 -1.68515600847 -1.45796366746 -1.22235765254 -1.01589359667 -2.63534124741
