# Number of parameters = 203 Objective function value = -3666.88710977853  Maximum gradient component = 0.000425700302658318
# theta[1]:
-0.336865850661
# theta[2]:
7.72375998653
# theta[3]:
6.55064773422
# theta[4]:
7.12695745712
# theta[5]:
0.475163065171
# theta[6]:
4.00000000000
# log_rinit_devs:
 0.0304225915656 0.0255586870155 0.0936001306383 0.0275066450413 -0.177088054261
# log_rbar_devs:
 1.49536305221 1.29771648412 1.09154036781 1.10677558110 0.940565761548 1.18298696094 0.779333900351 0.667690798975 0.580634767626 0.610158618433 0.524405186733 0.470661601619 0.534962700023 0.567845084731 0.731259381126 0.665499978789 0.755890458819 0.564273459877 0.700879338758 0.466927114300 0.471630001797 0.548904133384 0.494841344386 0.300301669992 0.393985075028 0.460513061815 0.400940350141 0.774923914275 0.382746531286 0.193942975037 -0.0642321029605 -0.0561460093931 -0.0981963244889 -0.525060932592 -0.743396012313 -1.03456111177 -1.43994264183 -1.57681288894 -1.63417603263 -1.68755577809 -1.65524567438 -1.71861381870 -1.70807921538 -1.72042815132 -1.60022342579 -2.09746050863 -2.29280335592 -2.57712952643 -2.09571621901 -0.643950887397 0.783834122368 -0.477037108347 -1.92243966021 -0.895822756529 0.698262584698 -0.0315608809876 -1.07270037307 -0.204280897706 1.47494091787 -0.354045953047 -2.10216060243 -0.957807429676 1.69756170958 -0.755801655062 -1.45963294155 -1.14310749192 0.343355782919 0.206900254934 1.26086571318 1.29703201271 -0.131865431532 0.659534349710 1.04616820943 0.578907483025 1.88443070536 -0.158615880424 0.574799733370 0.717518582369 1.08768628072 1.37551702604 0.936050110405 0.880503235023 -0.0401070731479 -0.512862680842 0.435028268854 -1.65560907303 1.52915704769 -0.908567655387 0.889946125780 0.666406877048 0.571249374750
# mat_params[1]:
 7.04125948784 10.2630630346
# mat_params[2]:
 5.41734216287 8.12489700038
# mat_params[3]:
 5.13728342027 7.68643037243
# log_m_devs:
 -0.00941835127545 0.00941835127545
# log_slx_pars[1]:
 1.22332148260 -0.595792856101
# log_slx_pars[2]:
 1.67258491162 -0.205936770658
# log_ft_pars:
 -1.63612505181 -1.70110553391 -2.08463761630 -1.90829984333 -1.58107257569 -1.44542163833 -1.49469145778 -1.83711822241 -1.38968665394 -2.12662343749 -2.22394069884 -2.15613697069 -4.55598722154 -1.50573654935 -3.40634139508 -2.49517422739 -2.15171084341 -1.67964478382 -1.51622231118 -2.42817094863 -2.53499443362 -2.60372613670 -2.84681182861 -2.28297979584 -2.59044811063 -3.26050047878 -2.70493771719 -2.07493028139 -2.06623875712 -1.47380366807 -0.917344424977 -0.890751858008 -1.23621513111 -1.58984234607 -1.48669390459 -0.682493406469 -1.14914423459 -1.49340830342 -4.22241715753 -4.25203678579 -3.44841991783 -2.97701647042 -3.27660174597 -3.47462173747 -3.26210991610 -3.16149949991 -2.03938296435 -2.50882516590 -8.44731642774 -3.56352496790 -1.60919133007 -1.37131664081 -1.98833546025 -1.67461285916 -1.54826801090 -1.52536122852 -1.32360869722 -1.66646743901 -2.11320896780 -1.33031026099 -1.04145204808 -2.21757595667 -2.96528429694 -2.10385978183 -1.48394977384 -2.25588010077 -2.70023440902 -1.40013635792 -1.48660145044 -2.23600632630 -2.09339510341 -2.93475312676 -2.01114014743 -2.16582208197 -2.70759624028 -2.35061542673 -2.32455180466 -2.38273638399 -2.17223692962 -1.99319045942 -2.05455812046 -1.86091818502 -1.70586317580 -1.77161459704 -2.55762097452 -1.15692088892 -1.72428472501 -1.53355353109 -1.37066927167 -2.97746246377
