# Number of parameters = 205 Objective function value = -3676.68356572863  Maximum gradient component = 0.000711854140846189
# theta[1]:
-0.298422044607
# theta[2]:
7.94707340387
# theta[3]:
6.85814818966
# theta[4]:
7.26404424401
# theta[5]:
0.746162031173
# theta[6]:
4.00000000000
# log_rinit_devs:
 -0.0136365343311 -0.0145125759118 0.0706316105899 0.0192603540196 -0.0617428543666
# log_rbar_devs:
 1.39592019126 1.19838646761 0.980801355522 0.999693548953 0.845674539961 1.12111385401 0.726537110841 0.622163205329 0.565759434053 0.596956353418 0.527195261428 0.505650024782 0.634031230164 0.760419014194 1.00469780061 0.913885893078 0.978697354350 0.764078679449 0.945434593756 0.734361736102 0.747266104615 0.831936268987 0.773001741640 0.575925338765 0.693817704107 0.761067033002 0.676551449805 1.05225365760 0.593785809737 0.333772823347 0.0606251422404 0.137028469468 0.143780007803 -0.319810506496 -0.601450332203 -0.862655860403 -1.16283735070 -1.21443835620 -1.24024669693 -1.32007649512 -1.30804586275 -1.38778392459 -1.38349349436 -1.39917294022 -1.30801316309 -1.88500415003 -2.14759176306 -2.49340331340 -2.11979969096 -0.674460789518 0.773659265019 -0.455976818892 -1.89910317934 -0.881487269871 0.715592596488 -0.0206098820612 -1.07759738491 -0.193354542366 1.51128171344 -0.333054702873 -2.10288703437 -0.992508902379 1.65093709190 -0.822568379100 -1.55144821915 -1.24862431088 0.236266944157 0.0860046598019 1.12480520610 1.15310905318 -0.301164207161 0.477592677110 0.833155199912 0.307218922613 1.63775835851 -0.543801028846 0.128925176122 0.173677079289 0.422726247144 0.538476389342 0.144450262806 0.121399635739 -0.648655658236 -0.977822950031 0.0773246924451 -1.75466483248 1.56573677178 -0.882739713953 0.843596745504 0.487446783634 0.302943034887
# mat_params[1]:
 7.30172048437 10.2032682659
# mat_params[2]:
 7.52037273267 10.6113094586
# mat_params[3]:
 5.49571140997 8.19236856092
# log_m_devs:
 0.0930183922022 0.0620150698781 -0.263374775661 0.108341313581
# log_slx_pars[1]:
 1.13580751722 -0.214796914250
# log_slx_pars[2]:
 1.51984829086 -0.370321156109
# log_ft_pars:
 -1.78519371506 -1.84546989148 -2.20747382811 -2.03412941634 -1.70547701802 -1.63495617835 -1.66988507862 -2.01584770139 -1.59155454248 -2.36097319780 -2.46238152249 -5.54348068410 -4.88498473942 -5.72888779936 -3.95109551077 -3.02357583559 -1.94817076213 -1.49422121010 -1.34042076780 -2.24922395515 -2.37586612846 -2.43873716095 -2.67736059910 -2.13777069635 -2.45442871084 -3.10411910695 -2.54574515852 -1.88896539636 -1.88795958565 -1.35097951755 -0.824280890244 -0.775785936712 -1.08999353552 -1.46338789468 -1.39948791806 -0.616886316756 -1.10336694658 -1.47367896033 -4.20154107579 -4.21307636848 -3.39071532581 -2.90192725014 -3.17058583977 -3.35900041074 -3.14789796731 -3.05058523761 -1.93872800385 -2.38827771074 -9.00160122548 -4.16792342895 -2.38156039647 -2.16036689399 -2.64068344859 -2.15604720791 -2.11729593540 -2.21368608099 -1.99886847864 -2.22167587198 -2.75120121567 -2.07227572896 -1.71547541674 -2.68798713608 -3.48426205301 -2.75477437647 -2.05437019814 -2.60477460718 -2.98583822481 -1.80369779763 -2.03398379201 -2.81348786924 -2.61680240293 -3.32305648344 -2.33998374059 -2.49463159020 -3.07468556941 -2.71187055299 -2.59235984099 -2.49228483448 -2.19929422267 -1.94877677897 -2.12764685465 -1.98230854013 -1.86267511607 -1.97361577687 -2.84111729377 -1.56854505194 -2.42162763859 -2.24190036775 -1.98570675596 -3.45705784757
