# Number of parameters = 201 Objective function value = -3651.72563990161  Maximum gradient component = 3.18333501807897e-005
# theta[1]:
-0.211005148077
# theta[2]:
9.06810156133
# theta[3]:
7.84057035788
# theta[4]:
8.20485934766
# theta[5]:
1.16531302534
# theta[6]:
4.00000000000
# log_rinit_devs:
 -0.139132485035 -0.0650123764092 0.0899078371555 0.0522130760363 0.0620239482519
# log_rbar_devs:
 1.39319798045 1.20509778226 0.975581766052 0.958878495991 0.772011235154 1.05453211774 0.655104788627 0.547364675045 0.510700106646 0.584731931879 0.523318238034 0.476889905276 0.532228486234 0.583368987958 0.775747636215 0.660884439712 0.729325035498 0.535719177091 0.743543872065 0.532734276888 0.538196154100 0.615276368638 0.548676754253 0.336624656850 0.443704844639 0.495747753440 0.399363342173 0.763909364784 0.294053319257 0.0540392084117 -0.156116483799 0.00609140475781 0.0718125995160 -0.339082270592 -0.514147817835 -0.639831870535 -0.840289608651 -0.847594583866 -0.866258174499 -0.955193335247 -0.937965024275 -1.01784103427 -1.00936998036 -1.01543257877 -0.916934745213 -1.45563209808 -1.65096149295 -1.96066345298 -1.64288975784 -0.252740461190 1.28020996427 0.0292276781040 -1.39659692131 -0.398979660063 1.18929075150 0.456824226860 -0.599439705574 0.251263790641 1.97497219205 0.142196105657 -1.63863250807 -0.586579211681 2.02459290655 -0.458029659459 -1.21677319039 -0.961261384646 0.492699619331 0.378448097186 1.40210531972 1.42740781935 -0.0185377599250 0.751712890734 1.08544355128 0.543493629813 1.98164202912 -0.367066106825 0.189194126458 0.00962771826011 0.00991810684331 -0.101672737246 -0.496126940396 -0.558117611870 -1.47841879968 -1.91577053160 -0.942279960167 -2.89301542218 0.285728209975 -1.94845533167 -0.0710090238010 -0.174237008055 0.0154888062247
# mat_params[1]:
 8.08806232114 10.7858639243
# mat_params[2]:
 7.28694934727 10.4478189499
# mat_params[3]:
 5.22697810940 7.76336172461
# log_m_devs:
 0.210815955599 -0.210815955599
# log_slx_pars[1]:
 1.63969954221 -0.224994969649
# log_ft_pars:
 -1.44870130754 -1.50783308707 -1.91737353191 -1.74632989130 -1.40468755159 -1.25154889436 -1.30797580848 -1.68985065480 -1.26729044637 -2.00447278590 -2.09960682891 -2.94487749484 -4.45975905323 -1.45086779952 -3.30864091448 -2.38152632559 -2.04334813959 -1.58634563142 -1.45889544091 -2.38331929322 -2.50200609308 -2.56232057554 -2.78819116084 -2.22984533676 -2.54388394083 -3.18382952892 -2.60315204320 -1.95165693885 -1.93127395474 -1.38333090770 -0.885312714653 -0.913402371095 -1.31784251096 -1.73516976408 -1.71729788838 -1.04969309529 -1.68890421433 -2.14575711831 -4.89388597259 -4.88871354702 -4.06247979383 -3.57703379587 -3.85560556078 -4.04638787331 -3.83320028115 -3.73054955127 -2.66111956234 -3.15176371630 -9.78299658832 -4.99999931410 -3.35223870603 -2.99308883273 -3.40476303785 -2.95258231233 -3.02192012327 -3.03568592055 -2.77614880183 -3.02508605875 -3.64871229136 -2.85953211416 -2.46994290651 -3.45354292434 -4.31877929212 -3.43281687415 -2.67182303620 -3.23313828179 -3.61260333647 -2.39369186567 -2.69770681606 -3.45553543648 -3.17388112723 -3.86576741313 -2.89904013370 -3.01901770708 -3.70811279808 -3.27086148748 -3.11066856311 -2.96311635422 -2.51492225169 -2.05398063267 -2.13596698696 -1.94554736327 -1.79965581665 -1.87555635429 -2.68866466596 -1.29601557577 -1.92056979252 -1.79326833548 -1.71399624132 -3.41274999160
