# Number of parameters = 207 Objective function value = -3610.97477333875  Maximum gradient component = 0.000322712496059569
# theta[1]:
0.0838287652404
# theta[2]:
8.91266261606
# theta[3]:
9.36046405558
# theta[4]:
9.69359310788
# theta[5]:
0.598390179018
# theta[6]:
4.00000000000
# log_rinit_devs:
 0.0436805966377 0.00786476734283 0.0775195454481 -0.0414131247425 -0.0876517846862
# log_rbar_devs:
 0.0528646645878 -0.0442434731806 -0.175246584964 0.0129385573809 -0.0226571014744 0.487114542500 0.213283641340 0.271902500665 0.374554325201 0.524114966667 0.423758241695 0.282316485529 0.237989210122 0.281567886142 0.500414334666 0.492110011952 0.727558236743 0.525077799736 0.772334632933 0.506996973225 0.480700852580 0.538843561814 0.427329600604 0.141824037015 0.223071555565 0.233973947971 0.0809915812643 0.487434485982 -0.0276008355536 -0.226327588521 -0.370831870198 -0.112434983240 0.00416778137727 -0.425390580526 -0.570641248773 -0.673918799448 -0.911341678298 -0.974534282950 -1.06276324696 -1.22711678343 -1.26209817651 -1.39028789183 -1.41136407612 -1.44500153530 -1.31800054526 -1.83693670892 -1.92151507395 -2.11003921115 -1.59225424699 -0.155540920752 1.46503866618 0.117605223574 -1.27302718567 -0.273964161772 1.32314390735 0.585837834089 -0.469280899011 0.372752491447 2.10840599931 0.310074826587 -1.43505713433 -0.420681799896 2.16472932095 -0.273334872612 -1.03938015739 -0.784377457668 0.643072936772 0.552158861647 1.57987289108 1.60933325357 0.167699557889 0.939034191833 1.24826490452 0.727736036430 2.02663850252 -0.230538978842 0.330237320537 0.332052922450 0.602664923248 0.851345307575 0.442674146594 0.398610059642 -0.588962450538 -1.05688612559 -0.0873513004976 -2.11345824620 1.16096225037 -1.20159651056 0.554615924374 0.283229215540 0.312958833527
# mat_params[1]:
 7.97965647738 10.5765786798
# mat_params[2]:
 8.75171152013 11.7095110117
# mat_params[3]:
 6.87291847125 9.20101088363
# log_m_devs:
 -0.142219680208 -0.00382008517216 0.0594005737805 0.0866391915994
# log_slx_pars[1]:
 1.52363064133 0.105667759729
# log_slx_pars[2]:
 1.73125675463 -0.286515024930
# log_slx_pars[3]:
 1.87911512389 -0.346870715966
# log_ft_pars:
 -2.08169914569 -2.26753299548 -2.74372874102 -2.69447938742 -2.50615979482 -2.62468907994 -2.83141517363 -3.34024018055 -3.07721036274 -3.97879568696 -4.13253639236 -0.530813956086 -6.25275811754 -0.413254961358 -5.06301579735 -4.22593235040 -3.00122596984 -2.56557254496 -2.45912201826 -3.38971744881 -3.48880453252 -3.52223829981 -3.70754141607 -3.12338693959 -3.40449503506 -3.98605012395 -3.34826158685 -2.65412359995 -2.61995054452 -2.10043876392 -1.67901936294 -1.76947161399 -2.19611615541 -2.63717243593 -2.66088464946 -2.05961631319 -2.73370309156 -3.15445588407 -5.82673494673 -5.73785382461 -4.83581565168 -4.28467176318 -4.48924668471 -4.63504102872 -4.40343498387 -4.28706546319 -3.24403925672 -3.79172382607 -10.4947853314 -5.77238448971 -4.23525362597 -3.88973847154 -4.36344984074 -3.96025906401 -3.96654441408 -3.93784282603 -3.70997433937 -3.99438038024 -4.56409260126 -3.75950516248 -3.43041657918 -4.47568799005 -5.25852682378 -4.32478381619 -3.61930393364 -4.26116828034 -4.59807883856 -3.32126464347 -3.62718744211 -4.39362316297 -4.13488740269 -4.86208998776 -3.88354357639 -3.98525163417 -4.60720054194 -4.14496926154 -4.00144137756 -3.90812468445 -3.52365145137 -2.42648923418 -2.31050150240 -2.07221705164 -1.92881002667 -2.02196153299 -2.81070914068 -1.36690866133 -1.96532468795 -1.74278454523 -1.61964571519 -3.28973796698
