# Number of parameters = 199 Objective function value = -3500.17484456403  Maximum gradient component = 3.47295322695695e-005
# theta[1]:
-0.111140702710
# theta[2]:
8.64774525988
# theta[3]:
8.08501274425
# theta[4]:
8.49334861730
# theta[5]:
0.384818660013
# theta[6]:
4.00000000000
# log_rinit_devs:
 -0.0881864816156 -0.0477139334633 0.0858172443766 0.0510593442351 -0.000976173532824
# log_rbar_devs:
 0.816315704717 0.656836632621 0.467087898941 0.515271128010 0.382918229326 0.714298072660 0.381261382552 0.346219226953 0.361398775489 0.483211088824 0.457227111629 0.462320158736 0.581065355708 0.703664580594 0.969201184720 0.952630711161 1.14636338386 0.934614094553 1.11463620009 0.859004842567 0.826045935611 0.868156199760 0.763876710622 0.512124714598 0.579856022993 0.590185879006 0.451570956624 0.800671347757 0.311308225058 0.0784675217502 -0.131730550952 0.00486083907381 0.0355865859194 -0.408643180277 -0.621595071446 -0.800385007812 -1.07186937307 -1.16756878802 -1.27578290974 -1.44177577941 -1.50578458567 -1.64231924107 -1.68707139244 -1.74373358455 -1.66385599993 -2.18489330321 -2.32811675101 -2.55540568839 -2.07686781164 -0.606800959965 0.978672492587 -0.370639448440 -1.76622654132 -0.750313193195 0.841144835269 0.124735528332 -0.909395172822 -0.0587484356727 1.60316531106 -0.144807139771 -1.83891852013 -0.828945501065 1.71424500178 -0.676837377658 -1.41007491055 -1.13315702999 0.305703701260 0.204172950975 1.23873139482 1.26461537885 -0.152254788486 0.618404954324 0.966219406024 0.481571281773 1.75168047725 -0.344602472761 0.299434391078 0.355516875722 0.620521526187 0.772380429643 0.399606017250 0.379458043461 -0.374433413082 -0.706506029063 0.328338163872 -1.47468923444 1.81289157373 -0.545030562397 1.10321087137 0.700800640361 0.406301800002
# mat_params[1]:
 7.17271377584 10.1092161143
# log_m_devs:
 -0.0893608595705 0.0813986423070 -0.103138437352 0.111100654615
# log_slx_pars[1]:
 1.60112849653 -0.256669714821
# log_ft_pars:
 -1.55142124667 -1.62332533117 -2.06968619440 -1.94554863985 -1.66065571242 -1.54944722981 -1.66544649126 -2.11793531986 -1.76727762633 -2.56537042135 -2.70537918691 -2.67875242849 -5.13566529591 -2.47478402086 -4.12013964793 -3.25542885076 -3.00656946378 -2.51926790714 -2.36726841422 -3.26031098240 -3.33320148364 -3.34703139445 -3.52750595794 -2.93912080086 -3.21239413175 -3.80256537711 -3.18201673869 -2.49639010967 -2.45148756288 -1.90024763595 -1.42252637302 -1.45607393834 -1.82600158547 -2.20605918245 -2.15211991955 -1.46364336272 -2.06023757760 -2.44160260854 -5.09685203167 -5.00469268510 -4.09171855237 -3.52489780767 -3.72159991853 -3.84800488414 -3.58620774734 -3.44589836964 -2.35620986004 -2.84663911317 -9.54020119107 -4.92438488803 -3.42265519388 -3.08986999264 -3.50176323536 -3.01850213018 -3.07657881656 -3.11034727865 -2.85608769042 -3.09843817607 -3.70124132758 -2.93296641530 -2.53751792470 -3.51480782870 -4.39861279803 -3.55407362946 -2.79698549144 -3.34740338814 -3.76089461152 -2.59338727091 -2.93183601860 -3.70626677062 -3.43583337734 -4.12457297386 -3.16108774601 -3.30959393231 -3.96110749802 -3.52498771003 -3.37558905512 -3.29082346980 -3.02248693252 -2.82120149711 -2.97417413439 -2.80537428505 -2.66730434646 -2.76545578064 -3.61740880970 -2.33038446896 -3.37550607622 -3.18790777031 -2.98070398069 -4.45407270814
