# Number of parameters = 205 Objective function value = -3637.57112410775  Maximum gradient component = 2178.55764427904
# theta[1]:
-0.527925715231
# theta[2]:
6.66473443966
# theta[3]:
5.97527083226
# theta[4]:
6.57289622231
# theta[5]:
0.517428600693
# theta[6]:
4.00000000000
# log_rinit_devs:
 0.246417103467 0.127843782969 0.103919065784 -0.0154583004848 -0.462721651735
# log_rbar_devs:
 1.34259864653 1.14958121048 0.931243882110 0.971701279354 0.863472352831 1.04967950476 0.668069734561 0.500182989293 0.426774354938 0.299258288380 0.209463504757 0.148608522154 0.239501542795 0.392822159602 0.812711541870 0.797686467468 0.895932900032 0.772781996009 0.872797354330 0.602459400672 0.592813862386 0.644234734197 0.591064696708 0.443619922057 0.491808596544 0.525637314679 0.491249197686 0.822581288784 0.496681697651 0.393869811749 0.225648238810 0.162168381635 0.0182869675201 -0.407661013614 -0.578610226310 -0.750465567750 -1.29379836769 -1.55605375579 -1.76789963265 -1.80830341705 -1.77101543168 -1.81761199562 -1.82582936487 -1.84775680845 -1.73676186740 -2.14351511004 -2.28798809516 -2.63332430996 -2.15538366737 -0.663795808837 0.750284272326 -0.504258027486 -1.97230561035 -0.934268600204 0.669318862780 -0.0734275148885 -1.11501912290 -0.242163083200 1.44173248162 -0.428833695959 -2.23850454423 -1.02115306662 1.66371090168 -0.800746623229 -1.48892553574 -1.15889951212 0.350167651197 0.203675690040 1.26860561724 1.30330090367 -0.125517663492 0.657037929021 1.06126941793 0.595646492397 1.89787022521 -0.134071969390 0.595509172686 0.746005745586 1.11264465613 1.38394065102 0.946230371028 0.872588755966 -0.0152633760627 -0.456591771779 0.524347142219 -1.51485190179 1.70563486844 -0.757014048096 1.04034311773 0.810161281282 0.580571557256
# mat_params[1]:
 6.48972915732 9.73116846499
# mat_params[2]:
 6.35651113106 9.94078673998
# mat_params[3]:
 4.72321960987 7.18617375281
# log_m_devs:
 -0.0589012568278 -0.0133118761838 0.00992273080959 0.0622904022019
# log_slx_pars[1]:
 0.959034907591 -1.64144989618
# log_slx_pars[2]:
 1.64805598571 -0.126495722790
# log_ft_pars:
 -1.39324568627 -1.41295968820 -1.76872916491 -1.62810630114 -1.30839052203 -1.21207433745 -1.17021789311 -1.48382669312 -1.01508826440 -1.72257576732 -1.80153330161 -2.23754448816 -4.23235369346 -6.46452055766 -3.55850665249 -2.64319326121 -2.32218453594 -1.83280849171 -1.69048681961 -2.55941387796 -2.66102383200 -2.73525715829 -2.96073241550 -2.37884702130 -2.70277976330 -3.37455373498 -2.80668138512 -2.20946803846 -2.12198048951 -1.52625193276 -0.993052183086 -0.997690246685 -1.32149574612 -1.59299653135 -1.47864531459 -0.689605617199 -1.11575195432 -1.41336982172 -4.10963154543 -4.13549849052 -3.34047364088 -2.86446847496 -3.16834174505 -3.36335639115 -3.15401143836 -2.98578834857 -1.89599902263 -2.34481637277 -8.18281591492 -3.32887767376 -1.34705230580 -1.08663250276 -1.68821309905 -1.37848135502 -1.26976645251 -1.25146143610 -1.01564600182 -1.35631486351 -1.83516339458 -1.04685186317 -0.706435792455 -1.88325003284 -2.69113514785 -1.85363530510 -1.20989250202 -1.98901666568 -2.49645069927 -1.22576216787 -1.27570633333 -2.01325388606 -1.87187290200 -2.72808279408 -1.83099044156 -2.00411284450 -2.53743469694 -2.18442542044 -2.15794145106 -2.23496476086 -2.04728846826 -1.86457634724 -1.90495869020 -1.69649667092 -1.53581843956 -1.60656384142 -2.42063578248 -1.05055096949 -1.64689844325 -1.44094163847 -1.24918327900 -2.85593100806
