# Number of parameters = 205 Objective function value = -3703.18661322703  Maximum gradient component = 0.000426780423809086
# theta[1]:
-0.307670470001
# theta[2]:
8.59563142921
# theta[3]:
7.26882776656
# theta[4]:
7.64966095051
# theta[5]:
0.917141829569
# theta[6]:
4.00000000000
# log_rinit_devs:
 -0.108281223892 -0.0485869829181 0.0786531395952 0.0495714456489 0.0286436215656
# log_rbar_devs:
 1.49427370693 1.29777298321 1.07410638546 1.05881823484 0.875822890477 1.13466840523 0.730323958224 0.609176653044 0.535263583121 0.572675717203 0.497233748000 0.473494306575 0.571451878524 0.659313228866 0.864555832053 0.765987276102 0.846583015130 0.653019945670 0.831723339325 0.608070137744 0.605544807152 0.675454733096 0.603108382852 0.387025763813 0.477128817363 0.524363551281 0.434542526864 0.799316966619 0.364648042225 0.146122089438 -0.0858877011893 0.0144548837744 0.0431903902916 -0.366529241427 -0.559954371361 -0.740602449101 -1.00467248007 -1.05542524659 -1.09510723272 -1.18641592194 -1.18034365053 -1.26955874125 -1.27695120770 -1.30682825554 -1.21973559528 -1.75839642938 -1.95205980020 -2.23242091897 -1.81752844564 -0.406022611261 1.08103050827 -0.179208408578 -1.62047397822 -0.602817533054 1.00352846117 0.274373579038 -0.773865112966 0.0760187226977 1.79280734605 -0.0374394469432 -1.80102835215 -0.704898838777 1.93850391663 -0.547830298883 -1.28507335701 -1.01073566973 0.456615568865 0.328074525880 1.36771312282 1.39776888018 -0.0513255385324 0.729456792840 1.07971959783 0.558646963918 1.96044022928 -0.292296322155 0.315012853966 0.206463042222 0.262994739637 0.194801267395 -0.214593993262 -0.283343578453 -1.16356072387 -1.58425140652 -0.609732810070 -2.56085969502 0.618840908020 -1.63157504445 0.261272258655 0.174386171288 0.161644771658
# mat_params[1]:
 7.69909834357 10.6164991599
# mat_params[2]:
 6.47772903629 9.47377704380
# mat_params[3]:
 4.93857158126 7.36247838282
# log_m_devs:
 0.200691862266 -0.200691862266
# log_slx_pars[1]:
 1.41960899216 -0.313275273608
# log_slx_pars[2]:
 1.76779119067 -0.181121181273
# log_slx_pars[3]:
 1.57171357563 -0.364337316983
# log_ft_pars:
 -1.77020920316 -1.83299466265 -2.21661698126 -2.02379904605 -1.67900611729 -1.53951020774 -1.59181553752 -1.94103053033 -1.49312984709 -2.22059562968 -2.30441886033 -5.37948459967 -4.67834246689 -5.05598513114 -3.64746263427 -2.71580300322 -2.36943519898 -1.90415087339 -1.77133514277 -2.68786483861 -2.78915129863 -2.84252311162 -3.06603818206 -2.49239671083 -2.78970068929 -3.43174674858 -2.85316140452 -2.21464480505 -2.19227492566 -1.61198966272 -1.08460771235 -1.11351124976 -1.51792678964 -1.90886571237 -1.84128518405 -1.12771061629 -1.72639274026 -2.15048567866 -4.88270448544 -4.87201973255 -4.03726895306 -3.54199465229 -3.82000325946 -3.99369667760 -3.75436871502 -3.62984842644 -2.52054481201 -2.98228003143 -8.76640196219 -3.87603678370 -2.00111805438 -1.70492399368 -2.28582352458 -2.00570348437 -1.94393739807 -1.88387435247 -1.66437098897 -2.02451078368 -2.51133983079 -1.68728677028 -1.39739765720 -2.58691131859 -3.33682378000 -2.37821093197 -1.70731417892 -2.49167035645 -2.91947066034 -1.56581608730 -1.65353202035 -2.38774777732 -2.19641509918 -3.01775292966 -2.09046259102 -2.20667864798 -2.76577925589 -2.36710687229 -2.30235856776 -2.31351058041 -1.95461963985 -2.01545730793 -2.12449176661 -1.93922777958 -1.78549302437 -1.85726405727 -2.66253490598 -1.28635621931 -1.88573638714 -1.80801268787 -1.74157551063 -3.42161598890
