# Number of parameters = 205 Objective function value = -3562.02787144999  Maximum gradient component = 0.000560087751788832
# theta[1]:
-0.123591223849
# theta[2]:
9.06294594934
# theta[3]:
8.17736240655
# theta[4]:
8.50946140962
# theta[5]:
0.434160676649
# theta[6]:
4.00000000000
# log_rinit_devs:
 -0.155325271818 -0.106845028231 0.0577250616558 0.0410861671059 0.163359071287
# log_rbar_devs:
 1.11697458998 0.917905121450 0.680087539818 0.735950353482 0.591046062431 1.01217934227 0.606925327386 0.552487192207 0.557665867717 0.668633369731 0.607932675134 0.593986923914 0.714401408952 0.800804691022 1.02627947808 0.865812936261 0.948327355924 0.727192996142 0.989186477368 0.708459688998 0.696583552789 0.775412474800 0.673877478788 0.390618453389 0.499049058026 0.534062322464 0.385281712266 0.840852323993 0.266558820098 0.0183762101967 -0.193190795633 0.0235458729540 0.0987435987904 -0.407366328785 -0.624309119831 -0.795721225114 -1.08518127841 -1.17089235635 -1.27795288685 -1.45898509412 -1.51463871857 -1.66028807107 -1.69465985277 -1.74289927775 -1.62078905257 -2.19780265539 -2.33146040229 -2.54938619390 -2.04683861714 -0.582689018621 0.975439573721 -0.369313402727 -1.74316042016 -0.739256915963 0.838156133245 0.123168995073 -0.922304682161 -0.0713027761586 1.59980955092 -0.155906471458 -1.82775904455 -0.846567294291 1.70139598366 -0.682456664825 -1.42733144045 -1.14653753577 0.280673713547 0.181894639651 1.20215552157 1.22842631819 -0.184246158124 0.597141402309 0.933981202201 0.452737278815 1.72529635761 -0.371572752590 0.265905471780 0.322486621140 0.587077887481 0.731685398522 0.381566543557 0.396377022406 -0.328177036327 -0.654766526736 0.326903832707 -1.57599830165 1.55865735791 -0.784614033223 0.890785433963 0.532547322776 0.326851562754
# mat_params[1]:
 7.54218547666 10.1602835628
# mat_params[2]:
 7.26727542543 10.2147797662
# mat_params[3]:
 8.65177826292 12.9915155037
# log_m_devs:
 0.100111523825 -0.100111523825
# log_slx_pars[1]:
 1.43256558933 0.0579748455843
# log_slx_pars[2]:
 1.65275954944 -0.288009167404
# log_slx_pars[3]:
 1.69762532170 -0.310761081891
# log_ft_pars:
 -2.20572441503 -2.30014401132 -2.67725311647 -2.51332695830 -2.20618820657 -2.21009300240 -2.30270084389 -2.69531011038 -2.32056268370 -3.13866134041 -3.25888650124 -5.97958830351 -5.65899430876 -6.14382438797 -4.67525763315 -3.72051752295 -2.59003067811 -2.14840589878 -2.03034930945 -2.94703626169 -3.05078617294 -3.08758840629 -3.28487533815 -2.71461617926 -2.99992268777 -3.59553377504 -2.98347436994 -2.31644337684 -2.29415311930 -1.77176963287 -1.30410009291 -1.32363269146 -1.69459292738 -2.09648206617 -2.07217382330 -1.39326204076 -1.98192999198 -2.35755771284 -5.00683376656 -4.90818856220 -3.99001971953 -3.41740250956 -3.60196520497 -3.72939984686 -3.48164394157 -3.35070273214 -2.26975255146 -2.76755070532 -9.44423741835 -4.74931441755 -3.15934849491 -2.88333142162 -3.38924653864 -2.96552116074 -2.92651439437 -2.93920357868 -2.73280135037 -3.00561463742 -3.51531204743 -2.75329622592 -2.43673635742 -3.47648201678 -4.23128401591 -3.36531005312 -2.68327645691 -3.31079338641 -3.67152281029 -2.43321748353 -2.70802916075 -3.47883180436 -3.25665687459 -3.99241285871 -3.01731961511 -3.15736200083 -3.76703645642 -3.35469292840 -3.24963646986 -3.19052687447 -2.89250582532 -2.66052237454 -2.82958248842 -2.70122202023 -2.60597964172 -2.74865429999 -3.61450343228 -2.32672165304 -2.93603201152 -2.85445224038 -2.77847827104 -4.38958144854
