# Number of parameters = 207 Objective function value = -3644.88152055661  Maximum gradient component = 0.000139011428481057
# theta[1]:
-0.307895757435
# theta[2]:
7.78086559003
# theta[3]:
6.64933648236
# theta[4]:
7.13127675421
# theta[5]:
0.614271017340
# theta[6]:
4.00000000000
# log_rinit_devs:
 -0.00194714638138 -0.0137961884373 0.0735873310877 0.0222367859592 -0.0800807822281
# log_rbar_devs:
 1.47686720390 1.26774334231 1.03914231695 1.06580604012 0.908763685208 1.20157880013 0.783344476959 0.674542650254 0.609554416066 0.632970876933 0.548973613035 0.515727408689 0.645751430710 0.776006233084 1.03628023089 0.946735852260 1.02131928321 0.797269068840 0.984753042035 0.758318376128 0.771065039208 0.860543505625 0.798474178593 0.590187333001 0.712664081429 0.785000889798 0.698984571314 1.10255168799 0.631665403453 0.373441414504 0.0915912639584 0.168223265945 0.174719304110 -0.307101239889 -0.601257183471 -0.892270200309 -1.23426909836 -1.30592406482 -1.33936840160 -1.42181252938 -1.40968157152 -1.49370121880 -1.49010555244 -1.51074720917 -1.40724665726 -2.00261848835 -2.28058979182 -2.64816712797 -2.29390548770 -0.822765200287 0.601801919745 -0.630030828988 -2.04849090447 -1.03575297058 0.534043544598 -0.186923921389 -1.23009765282 -0.346559291120 1.31311797685 -0.486748018824 -2.22016768359 -1.12814017119 1.47197343506 -0.932441794931 -1.65025399516 -1.33311742509 0.139692900637 0.00150736576314 1.03301495042 1.06238668418 -0.353355514821 0.429101561055 0.801867909175 0.329852860287 1.62263196750 -0.401222295778 0.327372404274 0.476866979756 0.854052474161 1.15142891617 0.723668896252 0.666156973153 -0.266350797240 -0.731379944993 0.229141942735 -1.86931611263 1.35598458721 -1.08289846226 0.755787490781 0.589684793781 0.473079988846
# mat_params[1]:
 7.06035770017 10.0192108215
# mat_params[2]:
 7.29499501361 10.4618838892
# mat_params[3]:
 5.24055324912 7.90057788794
# mat_params[4]:
 5.01573089895 7.42043344971
# log_m_devs:
 0.0445752288368 -0.0445752288368
# log_slx_pars[1]:
 1.05486877626 -0.453301509732
# log_slx_pars[2]:
 1.48000737359 -0.384200568259
# log_slx_pars[3]:
 1.62296133763 -0.388484263757
# log_ft_pars:
 -1.80436261706 -1.86331104793 -2.21949338674 -2.04498813766 -1.71445181791 -1.64915711888 -1.67851314415 -2.01602245516 -1.58336372859 -2.34665010811 -2.44191873859 -5.52342819748 -4.85846775714 -5.65706750007 -3.93269783146 -3.00832815699 -1.95412681179 -1.49885130997 -1.34237939782 -2.25290042106 -2.37886169568 -2.44222934842 -2.68273238112 -2.14073373266 -2.45369270991 -3.10476261634 -2.54789817547 -1.89520984776 -1.89923826139 -1.35718528794 -0.819362528746 -0.761804486385 -1.07292211702 -1.44431403289 -1.37165950115 -0.567677680643 -1.02140421072 -1.36537142787 -4.08326851832 -4.09648054436 -3.27310073934 -2.78083144533 -3.04626137035 -3.23203519815 -3.02048576838 -2.92100284073 -1.79303040179 -2.22499518510 -8.83399297646 -4.03226415810 -2.23136159319 -2.02173549049 -2.50033884918 -2.02025433671 -1.97671571827 -2.08020001575 -1.85357935495 -2.07977182925 -2.59935459593 -1.92538428604 -1.54624519172 -2.53434586170 -3.34420332030 -2.63592098423 -1.92346156061 -2.49181990998 -2.91750400536 -1.75565091410 -1.97172267330 -2.75792691160 -2.57313540432 -3.29342573997 -2.33085230999 -2.51632549299 -3.10184556546 -2.76500460357 -2.67012546142 -2.63846260373 -2.46152842557 -2.35692782704 -2.46117872342 -2.23417193902 -2.03604770115 -2.04560301521 -2.78814669173 -1.41436585122 -1.66881361332 -1.52681260723 -1.42349825775 -3.02502092212
