# Number of parameters = 201 Objective function value = -3544.60691029544  Maximum gradient component = 0.000338274977787317
# theta[1]:
-0.304604939848
# theta[2]:
7.06429781263
# theta[3]:
7.51293164277
# theta[4]:
8.00147844581
# theta[5]:
0.376781835498
# theta[6]:
4.00000000000
# log_rinit_devs:
 0.219074818019 0.102966202338 0.102091469328 -0.0437407738016 -0.380391715884
# log_rbar_devs:
 0.269819305850 0.124823807688 -0.0438934067846 0.123040929759 0.0813121330316 0.506952276921 0.217537916915 0.246600056692 0.337282462648 0.515287190951 0.554836637630 0.625064955711 0.441688764023 0.650719092059 0.834861485322 0.910831170170 1.23700694328 1.01015362959 1.21254229408 0.945847385350 0.923790434182 0.981408586959 0.878149086699 0.618771918239 0.705407114513 0.728270901794 0.582887227369 0.970982577377 0.437373509596 0.174794804324 -0.0695145414495 0.0630844660946 0.0888739720984 -0.404027616825 -0.657735754979 -0.873436944664 -1.17376061631 -1.26676152551 -1.36650461213 -1.52718368640 -1.58240841082 -1.71491887908 -1.74880048849 -1.79785832735 -1.69423821612 -2.23969965042 -2.38567874023 -2.61053102306 -2.11588069142 -0.638884129935 0.901605147358 -0.442372363695 -1.83681341839 -0.818792704201 0.761151010378 0.0478929067096 -0.988772542200 -0.129250051468 1.51841527579 -0.229893682907 -1.90958044398 -0.888183027755 1.66529185901 -0.714882403050 -1.44078217968 -1.14390703602 0.298520881826 0.191516417633 1.22565597153 1.25494594476 -0.147682317803 0.638729063853 1.00529281863 0.553614297072 1.83367618530 -0.180732956827 0.522635338392 0.654153556645 1.01392045894 1.29725431515 0.887402767039 0.837021008334 -0.0565463553586 -0.496679202675 0.470393911467 -1.52212089158 1.72574477481 -0.669190926513 1.05035745691 0.735122709691 0.437582651940
# mat_params[1]:
 6.89052060692 9.98941242510
# mat_params[2]:
 6.71055203517 9.74087307650
# log_m_devs:
 -0.162479573590 0.162479573590
# log_slx_pars[1]:
 0.295409571982 -5.53847727695
# log_slx_pars[2]:
 1.57860672955 -0.334782711543
# log_ft_pars:
 -1.77164958261 -1.88253705097 -2.30054233987 -2.25189450551 -2.04038131435 -2.16210649063 -2.29192502914 -2.77601533458 -2.51285164972 -3.45190246480 -3.66995637998 -0.895243199848 -5.87573726551 -1.62794079196 -4.96125778708 -4.14805269448 -2.73247062714 -2.24994369269 -2.09952831321 -3.00267728808 -3.09279875243 -3.11480115687 -3.30440038493 -2.73026150557 -3.00875413036 -3.60087514307 -2.98755000911 -2.29314591080 -2.25787399254 -1.71744190932 -1.22084864062 -1.20323245627 -1.52764565400 -1.89936799459 -1.84483770212 -1.11863254125 -1.66665363831 -2.02748983440 -4.68433030819 -4.60553458460 -3.70043868550 -3.13655489784 -3.32727269877 -3.46015196272 -3.21454852380 -3.08735528069 -1.99334183768 -2.48046265853 -9.15974537385 -4.44590319257 -2.81810916502 -2.59468109624 -3.10596058128 -2.64751075693 -2.58437840904 -2.63680474950 -2.43732537947 -2.68801103354 -3.17623722103 -2.45786812332 -2.13454568944 -3.15039116179 -3.90886184299 -3.11791768190 -2.44265239979 -3.03972367745 -3.41487774467 -2.21487181537 -2.48173903094 -3.26638222285 -3.06990639164 -3.80096423285 -2.82774670137 -3.00081018351 -3.61550312388 -3.24857018921 -3.16717955922 -3.13252730936 -2.92331858757 -2.80487474966 -2.90390351730 -2.68598157011 -2.49399066487 -2.52503600854 -3.27876767112 -1.90498010348 -2.76528627580 -2.70391961979 -2.56673801151 -4.08829999325
