# Number of parameters = 201 Objective function value = -3634.17793735953  Maximum gradient component = 5.52862900005084e-005
# theta[1]:
-0.299287366074
# theta[2]:
8.34825071822
# theta[3]:
6.87771676004
# theta[4]:
7.27561233512
# theta[5]:
0.831077974568
# theta[6]:
4.00000000000
# log_rinit_devs:
 -0.0706203311148 -0.0160463476838 0.0932786913940 0.0415246807706 -0.0481366933660
# log_rbar_devs:
 1.67342477170 1.48639413928 1.27263270714 1.23931024246 1.04403192900 1.26849119082 0.855112095080 0.711923520966 0.619568919283 0.652623546338 0.592353202762 0.588954245120 0.699414421972 0.795965163966 1.00118940465 0.906001179097 0.968385963052 0.765489919601 0.929956702998 0.723381924597 0.731912895873 0.809588492896 0.752093806516 0.561526798937 0.669027860168 0.732850869103 0.656834323486 1.01351977127 0.582312799431 0.337629125640 0.0734578049527 0.136250510108 0.135722534137 -0.302230421858 -0.561619529488 -0.809625166238 -1.10338270777 -1.15747545289 -1.18369310815 -1.25716242021 -1.24278313019 -1.31955813414 -1.31738084662 -1.33218254027 -1.25116990070 -1.82424956603 -2.11220718552 -2.49588573636 -2.18277729559 -0.735589005640 0.722330842259 -0.497166751175 -1.93684453778 -0.921604206604 0.671268022543 -0.0592425124783 -1.11034631078 -0.230219067106 1.46385120854 -0.368792107257 -2.14163224576 -1.03990500649 1.58189312625 -0.878304731391 -1.60808569193 -1.31289624326 0.169478014560 0.0225195672859 1.05621005124 1.08140153426 -0.367124985001 0.403919098787 0.760809184022 0.232569140232 1.55966045679 -0.615205626748 0.0613307411205 0.108697210386 0.363848923739 0.482908661846 0.0847720321493 0.0599102153041 -0.709487572795 -1.04206541442 0.0103140434100 -1.81891756831 1.49845422717 -0.954031948190 0.762118353530 0.392810552922 0.262436684384
# mat_params[1]:
 7.52189957143 10.4915319750
# mat_params[2]:
 5.44639643524 8.14241818172
# log_m_devs:
 0.123584186636 0.0533118517929 -0.276492637107 0.0995965986783
# log_slx_pars[1]:
 1.48866575314 -0.316479043257
# log_ft_pars:
 -1.47538278097 -1.52881590305 -1.92984034150 -1.74990235516 -1.40234232874 -1.22370542008 -1.25446390496 -1.59963426771 -1.13425482529 -1.83006753301 -1.90817609114 -4.31736234690 -4.31496297404 -3.17845008341 -3.28534773483 -2.36618700775 -2.02289218692 -1.55667199888 -1.40080187359 -2.31043577293 -2.42827395805 -2.49007591373 -2.72642550776 -2.17736568153 -2.49238775904 -3.14684755846 -2.58735521333 -1.93987252366 -1.93152915904 -1.37647520931 -0.844991633010 -0.815197613607 -1.15205950679 -1.52341487750 -1.44883411513 -0.675479298147 -1.18684507163 -1.57308562683 -4.30941188038 -4.32316347593 -3.50506708966 -3.02129895611 -3.30063524634 -3.48914145319 -3.26957419617 -3.16138445355 -2.03708056205 -2.46818558092 -9.06611576718 -4.29060739402 -2.56943398642 -2.28508838688 -2.69379404336 -2.19704941757 -2.24841719226 -2.33606771940 -2.07407479366 -2.29192915100 -2.90061798807 -2.18920740451 -1.76582092517 -2.71718193712 -3.61121917476 -2.85367249171 -2.08116680960 -2.60466584336 -3.03757282348 -1.88544525119 -2.14751949156 -2.92199053293 -2.67834266287 -3.35805060933 -2.39492252642 -2.54860470323 -3.16065965726 -2.77152733607 -2.61541618388 -2.51651849402 -2.24669679483 -2.01471472758 -2.18801807214 -2.02680256285 -1.89633720664 -1.99393580682 -2.86773900392 -1.59829044276 -2.52022903343 -2.32490495300 -2.04204985322 -3.51281843614
