# Number of parameters = 203 Objective function value = -3673.45738858545  Maximum gradient component = 0.000486267171054781
# theta[1]:
-0.356699398165
# theta[2]:
7.32527794176
# theta[3]:
6.51142246760
# theta[4]:
7.09733659025
# theta[5]:
0.499583669700
# theta[6]:
4.00000000000
# log_rinit_devs:
 0.156125571637 0.0913147208983 0.0937681584921 -0.0375031764630 -0.303705274564
# log_rbar_devs:
 1.30776112171 1.11627664949 0.929400709210 0.974284324730 0.826886866226 1.09547806415 0.712100953775 0.634900326308 0.594664650902 0.673925798825 0.620922640876 0.546059841047 0.602182664866 0.645972947961 0.796565579913 0.721555461554 0.774617975929 0.590136361362 0.734374903872 0.501730017935 0.505238021810 0.582228862579 0.525794219741 0.328003677437 0.421013607917 0.485146945440 0.420492451941 0.796212387503 0.395795781346 0.204046339810 -0.0545165998946 -0.0441034685519 -0.0861956387656 -0.519812612143 -0.742353090267 -1.03694279517 -1.44857954288 -1.59160231593 -1.65509034526 -1.71368609230 -1.68640408777 -1.75414036428 -1.74768234556 -1.76484652793 -1.64638747002 -2.14645825148 -2.33814264163 -2.61438094343 -2.10404050133 -0.649166935207 0.773710557971 -0.486406165883 -1.93167484606 -0.904645031722 0.689794948970 -0.0414388412897 -1.08431663364 -0.213967232001 1.46738589165 -0.366082758826 -2.11561599740 -0.968076844491 1.69243112290 -0.762608307945 -1.46623939420 -1.14721312942 0.340893018169 0.203755719929 1.25779416295 1.29396459713 -0.135158055848 0.657331231728 1.04428202157 0.577337121246 1.88291283974 -0.159796694865 0.572567422989 0.715911159544 1.08532089134 1.37085491459 0.932972592342 0.874813447086 -0.0423201573983 -0.501929104489 0.473902498298 -1.58746528399 1.65269814337 -0.776582421594 1.03421439558 0.799210281540 0.578240334052
# mat_params[1]:
 7.05509672633 10.0096011211
# mat_params[2]:
 7.05850476804 10.4450688955
# mat_params[3]:
 5.35693008399 8.04032762587
# log_m_devs:
 -0.0171575580317 0.0171575580317
# log_slx_pars[1]:
 1.22247870548 -0.593737116516
# log_slx_pars[2]:
 1.66958645404 -0.205626288674
# log_ft_pars:
 -1.32998039931 -1.40852359120 -1.81054674370 -1.66085507226 -1.35299691157 -1.24428861789 -1.31759013396 -1.69205044751 -1.28376257174 -2.07714610360 -2.23066622176 -1.12313923401 -4.50846936592 -1.15485378932 -3.39977628558 -2.52051941729 -2.18519871155 -1.71299345525 -1.55072283051 -2.46255069285 -2.57015869014 -2.63807719044 -2.87979223540 -2.31687187118 -2.62270113695 -3.28874080632 -2.73016285907 -2.09544226013 -2.08455260859 -1.49249708270 -0.937068130472 -0.907940231517 -1.24818204580 -1.59923092586 -1.49480970833 -0.688459568557 -1.15038860633 -1.48819693639 -4.21007799766 -4.23445301678 -3.42526678371 -2.94821947068 -3.24033292587 -3.43408014707 -3.21998914394 -3.11672805448 -1.99129456156 -2.46124930946 -8.42583390740 -3.54092846678 -1.58278009384 -1.34663700581 -1.96493618656 -1.65072972977 -1.52248222067 -1.50105866452 -1.29897998640 -1.64142201597 -2.08813431349 -1.30666060189 -1.01718262453 -2.19328412148 -2.94247833561 -2.08487428626 -1.46649480883 -2.23892821660 -2.68544233677 -1.38705867410 -1.47037293099 -2.21910232483 -2.07821573702 -2.92100887605 -1.99843719222 -2.15429433275 -2.69477805462 -2.33923078546 -2.31405351133 -2.37280308974 -2.16286989727 -1.98266009537 -2.04267433076 -1.84816763956 -1.69289224897 -1.75916843642 -2.54929930465 -1.15719942396 -1.76707989699 -1.61157108724 -1.47963040330 -3.10144502261
