# Number of parameters = 205 Objective function value = -3666.22530382481  Maximum gradient component = 0.000302570157526284
# theta[1]:
0.0373616705554
# theta[2]:
10.0817828606
# theta[3]:
8.95948511036
# theta[4]:
9.33282931395
# theta[5]:
1.06413970327
# theta[6]:
4.00000000000
# log_rinit_devs:
 -0.219059176686 -0.133698607724 0.0662511480532 0.0655876671552 0.220918969202
# log_rbar_devs:
 1.24875021825 1.04678067531 0.794347849615 0.800727014182 0.623717446683 0.980978846026 0.573115336169 0.482077256446 0.476141826918 0.565566871172 0.487380872674 0.419720988671 0.472339140589 0.520950364678 0.728116909486 0.597121258997 0.695269186189 0.504231687179 0.758573906162 0.521767003524 0.518395579128 0.597877580499 0.516823963818 0.262848009661 0.367221547380 0.410882634182 0.294383369053 0.703152410271 0.208363075324 0.0105847818716 -0.130927708078 0.138908060003 0.271924371402 -0.128184259800 -0.247473238387 -0.320185656877 -0.515793491788 -0.531424119105 -0.571708740813 -0.697303438782 -0.693589712481 -0.798862568266 -0.797253667484 -0.781530634630 -0.645848920673 -1.23964464129 -1.48229074185 -1.90082722203 -1.74117138835 -0.339383782204 1.23864660864 -0.0153322316635 -1.41384177179 -0.417972497200 1.15478941461 0.434810022428 -0.612597813388 0.224732901841 1.94912997380 0.139707893067 -1.63986524636 -0.600993078359 1.97842044401 -0.463857621091 -1.23433519498 -0.994409153380 0.432186294268 0.338300465524 1.34442865068 1.36552673828 -0.0708530590236 0.686005182081 0.995052584105 0.433243425567 1.77742110779 -0.594653202274 -0.110625257216 -0.245926790962 -0.143790168606 -0.0995437969635 -0.465808766880 -0.509165565686 -1.44874637184 -1.85607923575 -0.840539348430 -2.76751314112 0.524242810359 -1.90930951401 -0.167084339026 -0.496568635206 0.0671311755291
# mat_params[1]:
 8.33716829312 10.6951278364
# mat_params[2]:
 8.81030452494 12.2609316824
# mat_params[3]:
 6.37334027232 9.04412647023
# log_m_devs:
 0.148209859418 0.0284387707858 -0.186933404673 0.0102847744692
# log_slx_pars[1]:
 1.75860888320 -0.195921583447
# log_slx_pars[2]:
 1.78876400401 -0.267202299388
# log_ft_pars:
 -1.58218918562 -1.64877018579 -2.05295418994 -1.88389901530 -1.54853010491 -1.43502782427 -1.51342751595 -1.91216076969 -1.51721088120 -2.27531231547 -2.36612242625 -4.02191548839 -4.69879660370 -1.53906332119 -3.55057331550 -2.61032465174 -2.27972348146 -1.83555935802 -1.74417950592 -2.67695213565 -2.78602560239 -2.84215254450 -3.05377149790 -2.47649430346 -2.78034664011 -3.40337824140 -2.80014619483 -2.16531818847 -2.13871046566 -1.60206392095 -1.15938451034 -1.27649649491 -1.76089836278 -2.20982695475 -2.22544388012 -1.62832095417 -2.31893840915 -2.78015168360 -5.50375695419 -5.46200608371 -4.60869635728 -4.09936908991 -4.36003410179 -4.54104385697 -4.32908950733 -4.21470643944 -3.14731305304 -3.61402557486 -10.1750770073 -5.39758420758 -3.74713200944 -3.38392866809 -3.85754250745 -3.51146621336 -3.55274950573 -3.51095723042 -3.26536721586 -3.57536541848 -4.15153741730 -3.32400116799 -2.98484229688 -4.06982426676 -4.85736533262 -3.88031320183 -3.14780979270 -3.83209453519 -4.21565049125 -2.90783908620 -3.13614715664 -3.87610123628 -3.61056909636 -4.35342528344 -3.39397996720 -3.49011098272 -4.08843075330 -3.61524848033 -3.45994436358 -3.36550812573 -2.91416164108 -2.27325410070 -2.24857240590 -2.04397158744 -1.92216651072 -2.03684392403 -2.86627285235 -1.47079159935 -2.11240528582 -1.80534340630 -1.59490657053 -3.16145294242
