# Number of parameters = 209 Objective function value = -3732.75776872366  Maximum gradient component = 0.000250675756361202
# theta[1]:
-0.294967652977
# theta[2]:
6.98609148399
# theta[3]:
7.23430146030
# theta[4]:
7.62981388609
# theta[5]:
0.872369019776
# theta[6]:
4.00000000000
# log_rinit_devs:
 0.277334705122 0.164341826545 0.114401861093 -0.0967322564959 -0.459346136264
# log_rbar_devs:
 0.448397783140 0.277895837364 0.107135815032 0.224319339385 0.136551948412 0.502113932723 0.196499350312 0.215979729512 0.307412441939 0.489548194948 0.507059551550 0.467802195830 0.439556493006 0.539960520332 0.691115386083 0.785644468979 1.06947408258 0.862805822979 1.05227744567 0.817711190803 0.808515510844 0.875957282158 0.792869152716 0.559700051640 0.651295895778 0.694191827756 0.588979509265 0.969318892555 0.507354808353 0.275487323115 0.0356323399262 0.151744470335 0.190316787158 -0.239330592442 -0.448524999887 -0.640006019144 -0.911862046826 -0.968763616397 -1.01794696147 -1.12645080134 -1.13301754997 -1.23627583629 -1.25154201722 -1.28854610933 -1.20023406650 -1.76666958063 -1.96950641282 -2.25197842844 -1.82327954468 -0.398805700661 1.08621629059 -0.178284241733 -1.61784589682 -0.598085245478 1.01033899636 0.276136514570 -0.779073670826 0.0826006182040 1.80502100550 -0.0333102574812 -1.79483650660 -0.701184288047 1.95019022026 -0.541042477461 -1.27960156240 -0.997205004560 0.473596131857 0.342732622597 1.38410031685 1.41518501655 -0.0403217816694 0.743887823085 1.09199632285 0.568675489992 1.95812543389 -0.296894999995 0.323647560879 0.243724986616 0.348551087840 0.326720997162 -0.0777299117943 -0.113492489922 -0.930308583713 -1.30109803615 -0.266744922864 -2.15074476850 1.12468774548 -1.30532307564 0.461824960107 0.173983947926 0.243298534379
# mat_params[1]:
 7.48724188326 10.3958885762
# mat_params[2]:
 7.68962191613 10.6873363484
# mat_params[3]:
 6.40206104235 9.35883365464
# mat_params[4]:
 5.28977374687 7.81954058000
# log_m_devs:
 -0.0879259975538 0.187964837368 -0.203918604319 0.103879764505
# log_slx_pars[1]:
 1.17855264339 -0.146817664233
# log_slx_pars[2]:
 1.44685646454 -0.450083357312
# log_slx_pars[3]:
 1.70995237296 -0.238507742689
# log_ft_pars:
 -1.13509973976 -1.22892004096 -1.64892013658 -1.55645556414 -1.30070338913 -1.31085568268 -1.44587459652 -1.91781823310 -1.63691896791 -2.56680570989 -2.80540732906 -0.653724054722 -5.05722746082 -0.524228114880 -3.92964873884 -3.16808303045 -2.48678293791 -2.01805818260 -1.87371903077 -2.79224758103 -2.89088375044 -2.92990807483 -3.14609586176 -2.57575356986 -2.86073248685 -3.48486091164 -2.90108308873 -2.24050264634 -2.23263224350 -1.66976908731 -1.14440575988 -1.15264419133 -1.53808290604 -1.94285923459 -1.88295735203 -1.16107375750 -1.74689147702 -2.15347907731 -4.86515204326 -4.84051835857 -3.98885719170 -3.47890552562 -3.73628433011 -3.89885463895 -3.65477201292 -3.54188865460 -2.42612816969 -2.87804344727 -8.88897878911 -4.01386814015 -2.17923005172 -1.91333534947 -2.49001542886 -2.15778899865 -2.07459006310 -2.04915330066 -1.85408011637 -2.18336534445 -2.66060536221 -1.87280376093 -1.59508070064 -2.73401528898 -3.46072470492 -2.55232759206 -1.90779028751 -2.64017026336 -3.01856340011 -1.69008461615 -1.83504958056 -2.58633293172 -2.40111728948 -3.19845403870 -2.24456988977 -2.36029592231 -2.93075831608 -2.54093487015 -2.47256132880 -2.44863004717 -2.07433999961 -1.66417133360 -1.76301638592 -1.62410414513 -1.53476075993 -1.67636477862 -2.55997090169 -1.22793655595 -1.84966779417 -1.54315745602 -1.31310346508 -2.88114547696
