# Number of parameters = 206 Objective function value = -3666.13511072361  Maximum gradient component = 5.20101522225750e-005
# theta[1]:
-0.224346568829
# theta[2]:
8.58711692687
# theta[3]:
7.73500896406
# theta[4]:
8.09821680990
# theta[5]:
1.17352784517
# theta[6]:
4.00000000000
# log_rinit_devs:
 -0.0436062122319 -0.00611356210071 0.103613038121 0.000851323102732 -0.0547445868915
# log_rbar_devs:
 1.16149603157 0.993744699030 0.790220446802 0.807077551906 0.642631321970 0.960843925978 0.599490177717 0.542672972606 0.562112638878 0.671220980508 0.625424672965 0.592688918830 0.670929964071 0.737652736295 0.936655245817 0.813654790426 0.843950371374 0.657219837127 0.869027732089 0.652252455070 0.652112570298 0.725647816177 0.652486371317 0.431555614910 0.533529327958 0.579161753809 0.474523515858 0.842934097064 0.365217715984 0.126239331215 -0.0844550879464 0.0768596796411 0.139257577246 -0.281056423682 -0.462483719041 -0.597565462247 -0.812975509361 -0.833996100177 -0.865926644508 -0.967093768739 -0.961750176125 -1.05311366621 -1.05599874163 -1.07702949989 -0.989222143377 -1.54239963627 -1.74353844231 -2.05114950146 -1.71209208147 -0.316790942497 1.20498740308 -0.0398341620185 -1.46295349207 -0.464804707223 1.12270957306 0.391590889918 -0.665283003673 0.188644823693 1.90871556024 0.0762026947274 -1.70027849127 -0.650362041161 1.95974599611 -0.519788694595 -1.27815988054 -1.01933911028 0.435495449706 0.318969000068 1.34091068065 1.36441605396 -0.0810149508759 0.688531819314 1.02291526223 0.479837965238 1.90856917926 -0.434992285354 0.127798787234 -0.0375021439583 -0.0203635769761 -0.113877332352 -0.499512690164 -0.544033732367 -1.40432834632 -1.79584209263 -0.778056478496 -2.67357509256 0.595520701299 -1.85619825091 -0.0793471857429 -0.352572867590 0.0146034737513
# mat_params[1]:
 7.95012390669 10.4461808108
# mat_params[2]:
 8.14218200032 10.9882889656
# mat_params[3]:
 7.11429441543 10.2794274377
# mat_params[4]:
 5.20916977535 7.68335911418
# log_m_devs:
 0.198712636581 -0.245673611399 0.0469609748181
# log_slx_pars[1]:
 1.62936972485 -0.211826121319
# log_slx_pars[2]:
 1.61728421991 -0.337034136033
# log_ft_pars:
 -1.09666244234 -1.18521803800 -1.62076873797 -1.47797670184 -1.15892290084 -1.04028095068 -1.13051082546 -1.55170473746 -1.17463736188 -1.97292064339 -2.11975516629 -1.38828307946 -4.49410167174 -0.890800473456 -3.38328040488 -2.49481113571 -2.17281737365 -1.71597121234 -1.58499129984 -2.50598537345 -2.61983235446 -2.67553689970 -2.89591306222 -2.33329943282 -2.64083371845 -3.27299798056 -2.68552452548 -2.02932530716 -2.00430689597 -1.45447477939 -0.958366412462 -0.987077502038 -1.38678634246 -1.79763059847 -1.77388918390 -1.10242259554 -1.73299232632 -2.17732584445 -4.91135275228 -4.89330677164 -4.05413067482 -3.55607000348 -3.82075156761 -3.99930343453 -3.77574877721 -3.66043047297 -2.57711303562 -3.05861641185 -9.68913922801 -4.91601752296 -3.26671503606 -2.90544555637 -3.31172193752 -2.85967137915 -2.93822838523 -2.95481454831 -2.69062138162 -2.93947424131 -3.56902816380 -2.77914424152 -2.38225735625 -3.36560370948 -4.24122485317 -3.35687480599 -2.58841218554 -3.14804759116 -3.53912887171 -2.32510671620 -2.62428563400 -3.37976974427 -3.09553722505 -3.78606851026 -2.82243087884 -2.94347690080 -3.62773738089 -3.18857517994 -3.02448718109 -2.87940857215 -2.44260946715 -1.97180361739 -2.08017094856 -1.91657147761 -1.79299274798 -1.89597650474 -2.73332741632 -1.38236305761 -2.04725561897 -1.79558426278 -1.57210017031 -3.08510227289
