# Number of parameters = 202 Objective function value = -3665.28310880213  Maximum gradient component = 0.000131019008260849
# theta[1]:
-0.334545746753
# theta[2]:
7.77380832157
# theta[3]:
6.55760608662
# theta[4]:
7.12309728443
# theta[5]:
0.479998350445
# theta[6]:
4.00000000000
# log_rinit_devs:
 0.0175187150698 0.0179030029224 0.0916036593282 0.0316267629803 -0.158652140301
# log_rbar_devs:
 1.52212183575 1.32338607992 1.11509384120 1.12602964296 0.957258723230 1.19718240294 0.790807657358 0.674923522127 0.582919334073 0.607164757551 0.519961707727 0.475171940850 0.551562477568 0.600022137237 0.776079638091 0.707181298898 0.797187898679 0.605956261251 0.744661132634 0.511252734603 0.514351055969 0.589771484011 0.533398484244 0.336663634014 0.428254725263 0.491770004745 0.428982725583 0.800391112472 0.405588114503 0.214915532401 -0.0426818927625 -0.0318997406563 -0.0720555076162 -0.498829455377 -0.717258838574 -1.00452106761 -1.40387265392 -1.53818143336 -1.59693825829 -1.65482678168 -1.62685628608 -1.69432712529 -1.68776117189 -1.70389131196 -1.58817664476 -2.09253674229 -2.29746033641 -2.59377341110 -2.12695387727 -0.673797855394 0.751871577698 -0.506988502015 -1.95185885984 -0.925190683026 0.667891627986 -0.0611505807286 -1.10150369723 -0.233029509914 1.44459157524 -0.383359546189 -2.13160356698 -0.986406503849 1.66696160426 -0.783799979040 -1.48715938028 -1.17030177733 0.315644153655 0.179406825001 1.23274789078 1.26876402472 -0.158805916741 0.631772795777 1.01842103675 0.551459914664 1.85524068677 -0.185506491027 0.547346686748 0.690292916141 1.06038393386 1.34737842638 0.907883645510 0.851270162373 -0.0678379025850 -0.539280681381 0.409645270165 -1.67761524899 1.50799697237 -0.926361800858 0.873945553408 0.652853925176 0.560577917012
# mat_params[1]:
 7.04621748478 10.2582712122
# mat_params[2]:
 5.39593132355 8.10241054008
# mat_params[3]:
 5.12500114149 7.67370214654
# log_m_devs:
 0.00000000000
# log_slx_pars[1]:
 1.22685768973 -0.589732874994
# log_slx_pars[2]:
 1.67186561511 -0.202895588179
# log_ft_pars:
 -1.65999585108 -1.72374271036 -2.10523900778 -1.92576649838 -1.59573786776 -1.45740604180 -1.50396919204 -1.84258451195 -1.39059484666 -2.12153164104 -2.21359454417 -2.48841160714 -4.56475284814 -1.75790966818 -3.44833101851 -2.53380495930 -2.18894487387 -1.71759320578 -1.55665190987 -2.46882895087 -2.57382508343 -2.64033224050 -2.88078342903 -2.31512697086 -2.62034008516 -3.28702189593 -2.72844464926 -2.09642472674 -2.08560999670 -1.49226674355 -0.937149843505 -0.913110824824 -1.26040818989 -1.61404066117 -1.51034876559 -0.709826668308 -1.18273286621 -1.52978473654 -4.25644004782 -4.28102267951 -3.47280424650 -2.99722418427 -3.29262224620 -3.48631924831 -3.26928168301 -3.16405792538 -2.03609347271 -2.49715930524 -8.43301687229 -3.55302761006 -1.59778547702 -1.35943233935 -1.97626868163 -1.66333011621 -1.53796034965 -1.51552948259 -1.31289117303 -1.65635905931 -2.10390711585 -1.32059588562 -1.03027316476 -2.20742422940 -2.95666411878 -2.09533958038 -1.47424766524 -2.24708644769 -2.69430084353 -1.39529922949 -1.47992926498 -2.22866751668 -2.08614655990 -2.92830988817 -2.00571640494 -2.16116505229 -2.70194244192 -2.34478811514 -2.31856970610 -2.37759440637 -2.16826916092 -1.98907623868 -2.04964591452 -1.85549117696 -1.70040708186 -1.76644454077 -2.55373478543 -1.15402401926 -1.72240637055 -1.53266558959 -1.37101460146 -2.98034880115
