# Number of parameters = 206 Objective function value = -3688.72144390128  Maximum gradient component = 0.000532462967192970
# theta[1]:
-0.355781218710
# theta[2]:
6.80682854845
# theta[3]:
6.68102768134
# theta[4]:
7.25201693472
# theta[5]:
0.508520599590
# theta[6]:
4.00000000000
# log_rinit_devs:
 0.288039614684 0.149018562897 0.103348596837 -0.0735482156908 -0.466858558727
# log_rbar_devs:
 0.832439344110 0.639679549223 0.451109037750 0.548187833149 0.443318370506 0.758011771628 0.402475022708 0.365606232371 0.388549996667 0.509486862918 0.529881569477 0.503113092779 0.513987304502 0.613757317555 0.713595567730 0.754553526794 0.946973890921 0.746177162148 0.909177478012 0.678785581871 0.676926903016 0.749858191859 0.680644747752 0.465499850384 0.559072138222 0.614894288339 0.529082799754 0.904618594413 0.474850726731 0.255506125573 -0.0134831577201 0.0272614680526 0.0135962387353 -0.425626919151 -0.665356303072 -0.948572940660 -1.31013103233 -1.41695974270 -1.46756677071 -1.54739019374 -1.53702879547 -1.62179842422 -1.62524746936 -1.65311238847 -1.54693788366 -2.08466571736 -2.29526413434 -2.57819811453 -2.09712007042 -0.648438423043 0.781079195024 -0.483896658448 -1.92535163309 -0.900040432183 0.695672455327 -0.0335887066848 -1.07732719240 -0.209586332777 1.47502596206 -0.351541410211 -2.09114224630 -0.958126783821 1.69983165788 -0.756097484516 -1.46365555985 -1.14842697573 0.336179484010 0.203069958000 1.25641648369 1.29314953668 -0.136869834916 0.658514157706 1.04214235695 0.575769354990 1.88167342786 -0.164108881846 0.568108171940 0.708391851406 1.07705959399 1.36444992577 0.928489726279 0.875738630901 -0.0457972571379 -0.508033493057 0.469009930187 -1.59378127371 1.65677323469 -0.778842622044 1.02477390792 0.774608677750 0.562506993024
# mat_params[1]:
 6.96026932132 9.98477787324
# mat_params[2]:
 7.18760349397 10.4644704429
# mat_params[3]:
 5.54975920982 8.27712864142
# log_m_devs:
 -0.132712283669 0.0629725677228 0.0697397159464
# log_slx_pars[1]:
 1.03947876525 -0.730817927769
# log_slx_pars[2]:
 1.31816636647 -0.592659934285
# log_slx_pars[3]:
 1.68638297774 -0.211511374800
# log_ft_pars:
 -1.26055724506 -1.33353274315 -1.73093854186 -1.61846546407 -1.34138984020 -1.31218085020 -1.39764828254 -1.81322356543 -1.47083967616 -2.34369568524 -2.55810298062 -0.978287082658 -4.86278566058 -0.805370294876 -3.74316195698 -2.93497462045 -2.29968766363 -1.83360064426 -1.67339967745 -2.59401424939 -2.69786904465 -2.75106000703 -2.98345560808 -2.42006214673 -2.71278498559 -3.35889425040 -2.79018095072 -2.13089938295 -2.12983786335 -1.54719966664 -0.995218957465 -0.962177090972 -1.30380189151 -1.67641270959 -1.58181720474 -0.789898881115 -1.28273276172 -1.63717322174 -4.35174691963 -4.35759398175 -3.52862254005 -3.03612731580 -3.30893250209 -3.48801603662 -3.26037358588 -3.16067751364 -2.02572428316 -2.47996911619 -8.46368009603 -3.57890148120 -1.63123204797 -1.39393107877 -2.01592952242 -1.70917465002 -1.58131858252 -1.55191527599 -1.35337644762 -1.70168617466 -2.14526075772 -1.35798493493 -1.07778298767 -2.26131221863 -3.00216272384 -2.12979892198 -1.51360949445 -2.29331560217 -2.73149385413 -1.42202571881 -1.50870160986 -2.25848629802 -2.11552933358 -2.95910082251 -2.03503782934 -2.18664478256 -2.72856678403 -2.36965709289 -2.34463701855 -2.40455155303 -2.18936998232 -2.00645107266 -2.06724291051 -1.87590733968 -1.72370306440 -1.79238024450 -2.58105776769 -1.18548963805 -1.80416450324 -1.64437798912 -1.51343112164 -3.13049687210
