# Number of parameters = 212 Objective function value = -3728.92587536985  Maximum gradient component = 4.26964258801430e-005
# theta[1]:
-0.323510882977
# theta[2]:
7.03456860627
# theta[3]:
6.89159554387
# theta[4]:
7.29224221962
# theta[5]:
0.750790840544
# theta[6]:
4.00000000000
# log_rinit_devs:
 0.183928570531 0.0878645848882 0.0906613313686 -0.0299990727029 -0.332455414085
# log_rbar_devs:
 0.750977813931 0.571542252228 0.367358583447 0.452871270781 0.362629360007 0.651951051267 0.313099912226 0.243040861014 0.254152208250 0.302142251735 0.287949467997 0.302127422249 0.350040024868 0.538477184722 0.721364343362 0.767394798299 0.973114207713 0.771378919244 0.924130086183 0.705932837036 0.701754675931 0.767762382004 0.698186181950 0.491539306285 0.579168158142 0.628089535932 0.541127047086 0.889647441688 0.472122485615 0.250244664861 -0.00734844053655 0.0417118850487 0.0380295823738 -0.375806940753 -0.601753594784 -0.843290624321 -1.14842498276 -1.22470548364 -1.26546576022 -1.34590052787 -1.33848266381 -1.41956475250 -1.42260292119 -1.44831354932 -1.35367561429 -1.85740647980 -2.02564474574 -2.26002209520 -1.75048955024 -0.324527886754 1.15120989897 -0.121115656405 -1.58062437100 -0.554025015457 1.06772361994 0.325350811983 -0.731347712157 0.130377009502 1.86158927782 0.00369890204900 -1.77647796800 -0.642446192312 2.04617144563 -0.473862061674 -1.20180341952 -0.912548058292 0.576954070452 0.438034819682 1.49557239086 1.52732946374 0.0579906429402 0.844894886649 1.20332208419 0.674024102449 2.06688933310 -0.189567327284 0.429136957573 0.349292953323 0.432752170542 0.386142650262 -0.0108206192530 -0.0586212078402 -0.869765460632 -1.23466832117 -0.207251382134 -2.08983147379 1.18423254006 -1.28399638759 0.484777342308 0.217693073394 0.285980597336
# mat_params[1]:
 7.12502461105 10.2516588591
# mat_params[2]:
 7.45464718223 10.6491747844
# mat_params[3]:
 6.08923169453 8.96412721035
# mat_params[4]:
 4.91452059857 7.29302710476
# log_m_devs:
 -0.0791730276801 0.101593341264 0.171478432364 -0.265368164952 0.0714694190045
# log_slx_pars[1]:
 -0.213907737702 -2.55814947386
# log_slx_pars[2]:
 1.36689712785 -0.533190354409
# log_slx_pars[3]:
 1.73879529795 -0.187257686115
# log_slx_pars[4]:
 1.56131743977 -0.383992257475
# log_ft_pars:
 -1.61984515550 -1.67190993725 -2.04001827198 -1.92821805398 -1.64540143011 -1.65490573526 -1.68994410884 -2.08593505536 -1.73006615437 -2.57533047725 -2.73347104512 -1.97634158326 -5.14434002479 -1.89762084353 -4.21593334394 -3.36046757146 -2.36238609613 -1.89499934811 -1.73847339777 -2.65646441073 -2.75827635581 -2.80608767573 -3.03283985238 -2.46993284893 -2.76371274065 -3.40418648114 -2.83211618448 -2.16752767676 -2.16100331433 -1.58714266670 -1.04957115014 -1.03283858152 -1.38472993487 -1.76622140612 -1.68611521373 -0.926864326989 -1.46967635747 -1.85873772624 -4.58286580083 -4.58372988529 -3.75303445725 -3.26207817353 -3.53765434077 -3.71721024971 -3.48735235228 -3.39107464262 -2.28500978502 -2.77079579229 -8.65628664674 -3.76075111099 -1.87787146030 -1.59516775541 -2.17951593341 -1.87775521933 -1.79587341877 -1.74793978179 -1.53428254848 -1.88352880140 -2.36838717339 -1.55947797237 -1.27055784893 -2.44703924514 -3.20790330228 -2.28674369388 -1.63584226152 -2.40573537102 -2.82591228345 -1.48790178555 -1.58735371905 -2.32825676788 -2.14651507207 -2.96549694014 -2.03320057562 -2.14946458257 -2.70140339549 -2.30825375087 -2.24323098095 -2.24500977381 -1.88823043284 -1.88788786656 -2.02025148375 -1.85809798766 -1.72619944054 -1.82884145847 -2.67499622223 -1.35658642425 -2.04568041066 -1.82818963535 -1.59123332331 -3.08590809056
