# Number of parameters = 200 Objective function value = -3566.12514132242  Maximum gradient component = 0.000231498481144124
# theta[1]:
-0.0893127244390
# theta[2]:
9.21704339375
# theta[3]:
8.14905025399
# theta[4]:
8.42747280912
# theta[5]:
0.831373765708
# theta[6]:
4.00000000000
# log_rinit_devs:
 -0.176079281229 -0.0919168705218 0.0758388001891 0.0821812195083 0.109976132053
# log_rbar_devs:
 1.16244724301 0.981876049202 0.762760170332 0.738334848788 0.567629493990 0.837560835090 0.463296334820 0.367139944272 0.326014231795 0.392469491847 0.336408276116 0.318456755831 0.404676892673 0.477300540842 0.660423609702 0.549330359661 0.620426202139 0.442356516890 0.634800303424 0.427619417825 0.421299151902 0.480865259729 0.402990018910 0.188936924642 0.269691454305 0.294802918751 0.178695021084 0.498651846334 0.0453358774210 -0.183517123364 -0.383791549982 -0.249405442592 -0.204151802354 -0.598822257260 -0.776048017839 -0.911398851326 -1.12217613114 -1.16358596132 -1.21554141388 -1.32447343549 -1.33583211865 -1.41997020336 -1.41970143362 -1.43467496902 -1.32197692355 -1.74535906283 -1.80187975537 -1.94001580975 -1.38574575368 0.0460671673051 1.64893767029 0.307583344070 -1.11946595021 -0.111694195420 1.50533685808 0.756705772751 -0.301559156659 0.546612263948 2.28385518377 0.455106295888 -1.32035130010 -0.277603725366 2.34315665817 -0.152422099455 -0.908429131662 -0.652347493606 0.803803103460 0.698974180534 1.75084048316 1.77915439699 0.314090396109 1.08474542126 1.41386936269 0.869359907111 2.30614577491 -0.0549993828775 0.462140888328 0.259037169660 0.216554359792 0.0560045364857 -0.353236086497 -0.437985477102 -1.36534367932 -1.81195827124 -0.853387291623 -2.81249562679 0.349814531164 -1.89582020799 -0.0697235804081 -0.210522490734 0.136921446193
# mat_params[1]:
 7.75058412816 10.6883056084
# mat_params[2]:
 5.58908563341 8.22250571176
# log_m_devs:
 0.0313803647333 0.169790511955 -0.201170876688
# log_slx_pars[1]:
 1.62531648388 -0.247833987211
# log_ft_pars:
 -1.73714142311 -1.78269975395 -2.18858295844 -2.01851594127 -1.68789678391 -1.53225364922 -1.59436958744 -1.98456050828 -1.57536581511 -2.30891523239 -2.39580943630 -6.07968644611 -4.76784682101 -5.76799597982 -3.68986990778 -2.74970044118 -2.40816038382 -1.96305222171 -1.84049789686 -2.76713033074 -2.88010605242 -2.92951850796 -3.14192921237 -2.57996421639 -2.88214407860 -3.50003300872 -2.89897421969 -2.21288820745 -2.17549300993 -1.62617938858 -1.14339688675 -1.17624326261 -1.55890997729 -1.96492746190 -1.94395931515 -1.28099514959 -1.92636019539 -2.36483393996 -5.08327275214 -5.04799141788 -4.19130915930 -3.68060949764 -3.93270224749 -4.11008721424 -3.89543260888 -3.80417310811 -2.77852612127 -3.35046150794 -10.1235144788 -5.47587794040 -3.99715239434 -3.59925701343 -3.94988455568 -3.43803052897 -3.56562369077 -3.58074904768 -3.29105882458 -3.51258063763 -4.20517195074 -3.40543057790 -2.96878080311 -3.89717459138 -4.85841496137 -3.97912835090 -3.17499033349 -3.67227824188 -4.06792469455 -2.89927669013 -3.28396964287 -4.05480344789 -3.73814626193 -4.39362090408 -3.42272554412 -3.54027021846 -4.27245618900 -3.80750470472 -3.60525648252 -3.40740835218 -2.92952529113 -2.45297866211 -2.50712241239 -2.27458864365 -2.08376592126 -2.12311463284 -2.89421515061 -1.48301900457 -2.17230009038 -2.05218838410 -1.95717831699 -3.61016476243
