# Number of parameters = 201 Objective function value = -3492.18261704101  Maximum gradient component = 0.000108213758757746
# theta[1]:
-0.186940516863
# theta[2]:
8.32819323965
# theta[3]:
7.75817787703
# theta[4]:
8.19261017446
# theta[5]:
0.378934197095
# theta[6]:
4.00000000000
# log_rinit_devs:
 -0.0563722590369 -0.0235903931038 0.0945901747050 0.0463694227816 -0.0609969453458
# log_rbar_devs:
 0.858843985973 0.696295366634 0.507739015537 0.559708759635 0.425287381501 0.755600044789 0.417288715668 0.383225785618 0.396496359293 0.517101755559 0.479187118758 0.469140518727 0.574357437228 0.688114040973 0.951728904108 0.935519337682 1.12713449751 0.916541980475 1.09701863235 0.842253815717 0.811191572564 0.855050040551 0.750603338760 0.499574119885 0.567583154185 0.579611128375 0.441742287799 0.791840507902 0.301484378499 0.0612536281101 -0.164955369418 -0.0460829093661 -0.0234262443521 -0.472738043068 -0.696657213229 -0.890835304256 -1.17292903458 -1.26666446454 -1.36637090785 -1.52044909594 -1.57496062136 -1.70250869795 -1.73904936967 -1.78914111502 -1.69869617701 -2.21295552812 -2.35389335432 -2.57890367785 -2.10101226982 -0.623054279400 0.945869982484 -0.401756055233 -1.79040232259 -0.776551858731 0.803978304005 0.0937295813229 -0.936138149190 -0.0832017475623 1.55641662031 -0.176283709559 -1.85394561505 -0.852824894977 1.67320911340 -0.694251928032 -1.42168729173 -1.13663817512 0.300385825043 0.199861374462 1.23245166018 1.25801469672 -0.140446227802 0.635025639181 0.998441990143 0.543112941381 1.81489980872 -0.197510780497 0.504167552807 0.631154284013 0.989851437250 1.27568289625 0.850691450575 0.789636439351 -0.130868065648 -0.611233803820 0.300077186076 -1.73095958869 1.40997314863 -0.907520853744 0.808270946546 0.541036625140 0.423047630758
# mat_params[1]:
 6.96341367677 9.97018493005
# mat_params[2]:
 6.34630963106 9.18008949600
# log_m_devs:
 -0.0865245370003 0.0865245370003
# log_slx_pars[1]:
 1.54081646947 -0.281483103063
# log_slx_pars[2]:
 1.73548082660 -0.371379584503
# log_ft_pars:
 -1.52492067621 -1.59997817625 -2.04518218656 -1.91835069086 -1.63278073436 -1.52206320523 -1.63900422429 -2.08895577980 -1.73484380558 -2.53667053517 -2.68178724501 -2.06757086214 -5.08324633410 -1.98532351808 -4.04829339862 -3.19000368208 -2.94102187085 -2.45850135718 -2.30797568213 -3.20630466619 -3.28292733525 -3.29935817298 -3.48428648854 -2.89662922382 -3.16852224388 -3.76158315258 -3.14368794696 -2.45480148034 -2.41012450746 -1.84791750284 -1.34924633590 -1.36529918662 -1.72614064992 -2.10206936444 -2.03778944437 -1.32784995394 -1.91105460880 -2.29026878234 -4.95504491971 -4.87669604141 -3.97491945439 -3.41770009570 -3.62539555994 -3.76026986299 -3.50620774942 -3.37517943721 -2.28521642425 -2.77688041580 -9.47934475123 -4.87563383290 -3.36719119858 -3.04866461757 -3.44054348130 -2.93517024431 -3.00404795146 -3.05933695760 -2.79456482492 -3.02173054666 -3.62710787830 -2.87756908970 -2.45928646207 -3.41700515756 -4.31981600519 -3.50884433198 -2.73026998658 -3.25696825248 -3.69708669565 -2.56161628184 -2.89910762727 -3.67875265326 -3.40943105219 -4.08773582961 -3.13659746820 -3.30993209939 -3.97761431305 -3.56689363970 -3.42773249554 -3.37991401157 -3.20521838640 -3.11803570108 -3.20436286389 -2.95471020012 -2.72986918367 -2.71992866113 -3.45413400791 -2.04916730052 -2.04424560266 -1.84955420332 -1.73839996725 -3.37338287469
