# Number of parameters = 202 Objective function value = -3639.59562041672  Maximum gradient component = 0.000226837781122980
# theta[1]:
-0.374108571002
# theta[2]:
7.73312675650
# theta[3]:
6.71380735953
# theta[4]:
7.12034195160
# theta[5]:
0.838094491491
# theta[6]:
4.00000000000
# log_rinit_devs:
 0.0859234264571 0.0847488182646 0.112596122617 -0.0301012858330 -0.253167081505
# log_rbar_devs:
 1.41690592725 1.24788671779 1.06791427812 1.07284814625 0.901727947387 1.14345024840 0.771333308488 0.679525184435 0.647368621008 0.726007615498 0.671274648737 0.646307492443 0.734022287073 0.806979242498 0.994266595907 0.898698332923 0.916850201729 0.722563202485 0.880432128652 0.679327505163 0.688808215556 0.767299053400 0.713183482011 0.529145098153 0.637084351967 0.703351411715 0.630243431107 0.982423152821 0.560017507066 0.317861714615 0.0468228964542 0.0886720287609 0.0747234372633 -0.364487626509 -0.637485338249 -0.913372338979 -1.23273163541 -1.30122376396 -1.32809820835 -1.39310543313 -1.37462839654 -1.44313533556 -1.43539220335 -1.44810652763 -1.35768740006 -1.89931396924 -2.15473964274 -2.49466525131 -2.10210866753 -0.648214325947 0.810156932351 -0.413852297050 -1.85962497318 -0.842987797196 0.756428106311 0.0193270677615 -1.03749834949 -0.153670591566 1.55099087781 -0.294475514239 -2.08062617037 -0.968229871560 1.67147529360 -0.802926476755 -1.53337664312 -1.23567524040 0.256054327677 0.104615177452 1.14283632350 1.16793956093 -0.288689796958 0.485062668802 0.843853133607 0.308918397542 1.64452133112 -0.545169841666 0.129314501016 0.173223952583 0.420970590312 0.530494376809 0.133910416258 0.109027906785 -0.659428158180 -0.989388383356 0.0637153337638 -1.76352393887 1.54971265543 -0.880294289716 0.852109099220 0.507501687258 0.280449267161
# mat_params[1]:
 7.47014467807 10.2780658898
# mat_params[2]:
 7.48128088783 10.6940515339
# mat_params[3]:
 5.32531357766 7.96296182881
# log_m_devs:
 0.115505442381 -0.242441540875 0.126936098494
# log_slx_pars[1]:
 1.45840665861 -0.342414013562
# log_ft_pars:
 -1.11202993340 -1.18573702636 -1.61331701749 -1.46669638263 -1.14513146460 -0.991642112491 -1.05163757826 -1.43735069767 -1.01883489376 -1.78551097704 -1.92800001581 -1.20820253184 -4.28244825048 -1.12497935973 -3.20914783288 -2.33739574758 -2.01180841970 -1.54316884775 -1.37563605164 -2.28347238886 -2.40467619943 -2.46960699754 -2.71019511454 -2.16634065025 -2.48423317119 -3.14239141270 -2.58677061007 -1.93384220594 -1.92693736908 -1.37251975609 -0.837892976429 -0.795099123186 -1.11308350487 -1.47600691185 -1.39654946864 -0.603599521571 -1.08517747103 -1.45227450739 -4.18700986142 -4.20968606612 -3.39779198528 -2.91898077996 -3.20115423387 -3.39619355448 -3.18664302475 -3.08882421194 -1.97455424034 -2.42940968797 -9.06769994827 -4.30444148982 -2.60244506952 -2.31388868560 -2.69603959247 -2.17969775418 -2.25362154434 -2.35108590346 -2.07272013290 -2.27622472777 -2.91105053566 -2.20771535620 -1.75772783803 -2.68586831855 -3.61676208818 -2.87794222370 -2.08062798162 -2.57984468717 -3.02539723380 -1.89301752878 -2.16421958133 -2.94310639545 -2.69010963956 -3.35362330944 -2.39392154510 -2.55029294686 -3.16866939012 -2.78208406953 -2.60862760868 -2.49876542840 -2.22950856466 -1.99495967154 -2.17176279689 -2.00613631248 -1.87262320352 -1.96591671623 -2.84280563466 -1.58057751260 -2.51062865559 -2.34325462946 -2.06582488432 -3.55812598958
