# Number of parameters = 206 Objective function value = -3668.89764898862  Maximum gradient component = 3.14297247891456e-005
# theta[1]:
0.0702248093920
# theta[2]:
8.78170950352
# theta[3]:
8.99464312685
# theta[4]:
9.66406590625
# theta[5]:
0.666961577660
# theta[6]:
4.00000000000
# log_rinit_devs:
 -0.0491785747424 -0.0231995813862 0.101999932636 -0.00530480469625 -0.0243169718110
# log_rbar_devs:
 0.155118249925 -0.0169147055757 -0.233773001403 -0.133684740818 -0.259747524043 0.191353736268 -0.165582328786 -0.178147146784 -0.109457330024 0.0189932823341 -0.0753093663040 -0.187286419702 -0.175935043632 -0.142532520789 0.0424861650997 -0.0753192151653 0.0183226184208 -0.175197756585 0.115193921470 -0.119085127878 -0.0985728612094 0.00955308616874 -0.0548721545451 -0.299368169437 -0.158292330711 -0.0891939607754 -0.194006269997 0.268146160855 -0.243809112984 -0.440169231992 -0.573001334439 -0.259269430306 -0.0843826776123 -0.481618311737 -0.574616224298 -0.614194046213 -0.787199016357 -0.766538543541 -0.774131401525 -0.871887492847 -0.831043829792 -0.904154155692 -0.863765825354 -0.824727348244 -0.633649770315 -1.17501826340 -1.31829010503 -1.62424345841 -1.30865208271 0.0808749550086 1.67526594079 0.397280050274 -1.00555754193 -0.00521709903948 1.57280418331 0.843502178583 -0.218980350505 0.629840775913 2.37411743613 0.553976263490 -1.22955207336 -0.173278931158 2.42426026801 -0.0253256157566 -0.800222243283 -0.545513298421 0.884752997828 0.786210464023 1.79687150050 1.81880596102 0.366117372258 1.13092536006 1.43139968647 0.870733553106 2.13963143414 -0.173122331404 0.339324818712 0.327132726635 0.593611390039 0.850273826617 0.456132323481 0.398920329826 -0.628655887798 -1.08771689405 -0.118571229552 -2.13374127910 1.11735566810 -1.19335117351 0.601923435116 0.381167905690 0.573065560165
# mat_params[1]:
 8.54767490063 10.9657375233
# mat_params[2]:
 8.95738382415 11.6244511122
# mat_params[3]:
 9.62193405727 13.2413228123
# mat_params[4]:
 6.77425274149 9.24718691208
# log_m_devs:
 0.00000000000
# log_slx_pars[1]:
 1.73218623787 0.209459926649
# log_slx_pars[2]:
 1.72444394194 -0.273293972750
# log_slx_pars[3]:
 1.85485529208 -0.311097434362
# log_ft_pars:
 -1.17945151218 -1.29407458137 -1.69818463084 -1.57360898516 -1.28976904896 -1.32467773692 -1.44630231259 -1.88613758903 -1.56550301807 -2.43133433038 -2.56865914175 -0.827959384316 -4.81459291241 -0.164164451186 -3.61789648541 -2.70632224490 -1.90762888413 -1.48228822094 -1.38677990623 -2.33815192415 -2.47911866456 -2.55721843642 -2.79298031023 -2.24670849981 -2.57338870318 -3.21369549916 -2.63178852194 -1.99635425862 -2.00535883524 -1.50548509118 -1.07343805249 -1.17199733665 -1.65635846877 -2.15265395256 -2.22186269816 -1.65608474879 -2.37897368705 -2.87015801472 -5.62233527070 -5.61239999915 -4.78938812286 -4.31247204323 -4.59565407249 -4.80832268622 -4.63702510265 -4.57748936044 -3.57138657269 -4.11824676254 -10.7580939845 -5.91159146984 -4.22881725068 -3.91536832057 -4.42867427119 -4.06641593732 -4.04964029013 -4.02174625854 -3.81066756040 -4.10887133439 -4.63751932185 -3.84550298319 -3.54879694773 -4.62284746960 -5.35242080643 -4.41403822561 -3.73157224940 -4.40964799368 -4.74367468772 -3.43372806126 -3.66900545628 -4.42017792945 -4.18246806964 -4.92547341665 -3.94057749259 -4.03530394059 -4.59088960805 -4.12680648251 -3.98031722473 -3.88483041570 -3.46732944015 -2.52167372932 -2.38017673762 -2.12321415197 -1.97084747863 -2.05795102505 -2.84268195659 -1.39141241898 -1.97307220152 -1.77996063029 -1.68968585105 -3.39012417617
