# Number of parameters = 206 Objective function value = -3697.68535889983  Maximum gradient component = 0.000121617520262473
# theta[1]:
-0.323916729258
# theta[2]:
8.09930497125
# theta[3]:
6.78742114987
# theta[4]:
7.24375278715
# theta[5]:
0.568464868521
# theta[6]:
4.00000000000
# log_rinit_devs:
 -0.0394067781157 -0.0116501349847 0.0821224081110 0.0430460888264 -0.0741115838369
# log_rbar_devs:
 1.53651796692 1.34125859947 1.13096769314 1.12232994250 0.946606017725 1.17234970837 0.772088769624 0.646125477839 0.549034903784 0.563819846765 0.479394058524 0.456957330524 0.560895020503 0.657031910564 0.863537701848 0.783277948561 0.864598845398 0.676318802559 0.821149435293 0.599088861307 0.597328635169 0.665024303058 0.601795491604 0.402506456044 0.486877783237 0.538780152898 0.464867748388 0.814643079779 0.415807789393 0.213129718233 -0.0387208728668 -0.00957848577132 -0.0327009424860 -0.445310632356 -0.660683198946 -0.911616737405 -1.25103776502 -1.35017931632 -1.40069966270 -1.47276471050 -1.45904896308 -1.53662812749 -1.53984845941 -1.56295767728 -1.46817150388 -1.98858115539 -2.20949418325 -2.51644320777 -2.06898358699 -0.625544134205 0.821503401932 -0.429102721974 -1.88718536432 -0.857611089032 0.753012464895 0.0152943738942 -1.03447517950 -0.161302788244 1.54779470976 -0.302275464752 -2.07640536278 -0.926613178722 1.74743032859 -0.744700885724 -1.46027101383 -1.15636003584 0.335912544627 0.191608211760 1.24716694681 1.27910647565 -0.179905596917 0.602381557591 0.968916530844 0.452127055707 1.77855589452 -0.398537554969 0.273713335946 0.316686853550 0.565811210641 0.688337977340 0.289710550519 0.269530516675 -0.501274540779 -0.834077854902 0.226066302855 -1.62803662380 1.68607648338 -0.745345183002 0.999746731223 0.659293200488 0.412580103997
# mat_params[1]:
 7.28778489455 10.4082221026
# mat_params[2]:
 5.57640670410 8.30046701645
# mat_params[3]:
 5.58966600096 8.36288743970
# log_m_devs:
 0.0807402784485 -0.213178939823 0.132438661375
# log_slx_pars[1]:
 1.28664927295 -0.483886976091
# log_slx_pars[2]:
 1.67247196768 -0.216404782221
# log_slx_pars[3]:
 1.70258446657 -0.310363860767
# log_ft_pars:
 -1.74283344188 -1.80281084734 -2.18139531519 -1.99258634381 -1.65414276267 -1.50729865327 -1.54936368151 -1.88349256571 -1.42471490026 -2.14269434797 -2.22212251050 -4.76832302414 -4.60834283690 -4.54273820212 -3.59417059392 -2.66704547718 -2.31703852105 -1.84787202030 -1.69679462117 -2.60917709026 -2.70963302262 -2.76773672231 -2.99859004289 -2.42887978726 -2.72887781806 -3.38289669312 -2.81405081858 -2.17295033265 -2.15426877195 -1.56343997570 -1.01953573152 -1.01364122751 -1.37549067359 -1.73729571657 -1.64116231178 -0.871660743472 -1.39631834162 -1.77679420824 -4.50499573744 -4.51223094252 -3.68985477494 -3.20362152051 -3.48945515414 -3.67177916415 -3.44047538401 -3.32364040137 -2.19378005419 -2.64371055847 -8.58982501626 -3.71164053781 -1.81494306006 -1.56369010162 -2.14927448185 -1.81001802091 -1.70966778620 -1.70013427521 -1.50073906839 -1.82708738794 -2.30097990318 -1.52799675532 -1.23742204714 -2.37935276777 -3.13416646616 -2.27236561313 -1.63943480769 -2.37332534491 -2.78678167701 -1.48846728697 -1.61050264799 -2.36064767593 -2.19466629473 -3.00386603516 -2.06018534830 -2.18968771084 -2.72937365937 -2.34625557127 -2.28228493664 -2.27893394242 -1.97735672281 -1.67455041545 -1.80320744894 -1.67671863627 -1.59256169784 -1.74295708297 -2.64374993196 -1.34810530808 -1.89990087680 -1.61165312756 -1.40662304946 -2.97706870086
