# Number of parameters = 202 Objective function value = -3634.23606636608  Maximum gradient component = 6.98270714115147e-005
# theta[1]:
-0.336948129948
# theta[2]:
7.45361115248
# theta[3]:
6.54660958527
# theta[4]:
7.07599361909
# theta[5]:
0.569594542785
# theta[6]:
4.00000000000
# log_rinit_devs:
 0.0760501141164 0.0290619544296 0.0807715169236 0.00160309831136 -0.187486683781
# log_rbar_devs:
 1.34035765498 1.13450907302 0.915922268025 0.955811647452 0.809269632806 1.08456314522 0.676036576211 0.568673164374 0.504086423425 0.520842814650 0.447295101520 0.416865585707 0.539545438406 0.671154501287 0.902616157350 0.824954700492 0.883422907566 0.657311050570 0.826411517052 0.611502956679 0.630051630190 0.722320346993 0.670825998104 0.481534705530 0.610233070456 0.692763813375 0.620092439313 1.01152609714 0.564267936475 0.307538841691 0.0171175445035 0.0678257612467 0.0613782921074 -0.413528776038 -0.729144622911 -1.05667165849 -1.42048504407 -1.49723253087 -1.51667393952 -1.57628360609 -1.54851076961 -1.61161540705 -1.59124093084 -1.59661822743 -1.48061988103 -2.03026728876 -2.26869459390 -2.58391494209 -2.16107262857 -0.694266821013 0.737793158612 -0.500822317439 -1.92919559899 -0.914782650846 0.662944032015 -0.0649747641179 -1.11187534417 -0.227501656899 1.44237778679 -0.370025321674 -2.11516447596 -1.01261654780 1.60476933745 -0.818396250807 -1.53571102425 -1.21864125246 0.263178486417 0.120467206627 1.15870325145 1.18977307739 -0.234945334057 0.550741027923 0.927103863144 0.451691427053 1.75668023280 -0.282499107949 0.450886231956 0.599710632815 0.976440006050 1.27625449002 0.846152057033 0.787125868143 -0.143535842047 -0.601830475883 0.372794847982 -1.70063670714 1.54298641499 -0.927446327190 0.864680085898 0.631569484046 0.523990867454
# mat_params[1]:
 6.97479750289 9.99273299103
# mat_params[2]:
 7.25046260079 10.5253027747
# mat_params[3]:
 5.22170231178 7.83100648628
# log_m_devs:
 0.00000000000
# log_slx_pars[1]:
 1.02552334823 -0.668713279134
# log_slx_pars[2]:
 1.47202098848 -0.404067235279
# log_ft_pars:
 -1.64797772336 -1.70502135924 -2.06738483576 -1.90503350356 -1.58243679449 -1.51209398005 -1.53906807848 -1.88028400950 -1.44896871066 -2.21682275031 -2.32429689717 -3.02276985670 -4.74488240985 -2.61850972605 -3.79569915775 -2.88384113662 -1.81899580757 -1.35931282116 -1.18654648088 -2.09321197691 -2.22690868543 -2.29804620197 -2.54875956588 -2.01636244716 -2.34074676427 -3.00580829047 -2.46131998406 -1.80680632919 -1.81685714264 -1.28026513920 -0.739832362978 -0.667136094529 -0.957401400995 -1.32291662883 -1.25099821753 -0.422988916897 -0.832965612318 -1.15312424910 -3.88101181165 -3.92038350513 -3.11866607064 -2.64495900782 -2.92747940561 -3.13322894527 -2.94311438746 -2.86464563412 -1.75884423475 -2.22692786910 -8.87957580299 -4.06605877416 -2.27115683465 -2.06374212954 -2.53122784756 -2.03612414491 -1.99561929890 -2.10616773557 -1.87535024552 -2.09022944969 -2.61746785581 -1.95330680758 -1.56586319467 -2.53644836098 -3.35721840221 -2.66549927599 -1.94643538005 -2.49678608802 -2.91767530996 -1.76582048351 -1.99154539538 -2.78302916524 -2.59604243014 -3.30599343543 -2.34123569585 -2.52835981333 -3.12014564326 -2.78844020507 -2.68768720734 -2.64773561813 -2.47108903244 -2.37038191541 -2.47690743429 -2.24628032853 -2.04381079991 -2.04758815579 -2.78686548221 -1.42188865173 -2.17820936788 -2.13602223375 -1.93156708257 -3.46427673360
