# Number of parameters = 201 Objective function value = -3489.77548677095  Maximum gradient component = 0.000101794459878090
# theta[1]:
-0.0675448192809
# theta[2]:
9.86077927980
# theta[3]:
8.50093965551
# theta[4]:
8.88472981693
# theta[5]:
0.376197536188
# theta[6]:
4.00000000000
# log_rinit_devs:
 -0.294621824995 -0.182866000896 0.0518163840502 0.111811391471 0.313860050370
# log_rbar_devs:
 1.39583034948 1.17893502170 0.912676161075 0.894245672210 0.712625357302 1.09082405365 0.651120852358 0.558388119334 0.526156849572 0.607609592665 0.520768203458 0.471973532811 0.553257854084 0.622681567202 0.844324357906 0.708082138691 0.817012433496 0.610575646909 0.866252274204 0.601299960485 0.587039442293 0.657399022200 0.553751404118 0.274157556334 0.365166866925 0.387296475588 0.239204390873 0.654787675468 0.112821692740 -0.121905973225 -0.317259734226 -0.105958585268 -0.0288728999748 -0.499707299634 -0.693237594160 -0.843687113783 -1.11222189390 -1.19030784008 -1.29012872421 -1.46108967618 -1.50928809734 -1.64513815623 -1.67402576093 -1.71653739350 -1.59966536186 -2.15471978412 -2.27984482514 -2.49128244342 -2.00402786062 -0.543296021489 1.04334601063 -0.323403096463 -1.68579085874 -0.691663803384 0.879277524155 0.168971223191 -0.867464870528 -0.0273474965360 1.62601267379 -0.103643611479 -1.75619707346 -0.802594528581 1.71324271579 -0.644218075271 -1.38567268023 -1.11287704880 0.305121393073 0.213941051438 1.23153653702 1.25676448551 -0.142852558620 0.631938331654 0.967931564321 0.496187987191 1.75595682750 -0.317125764275 0.318004673711 0.378078710265 0.643510810616 0.791728378801 0.443677001687 0.464227226307 -0.250370777954 -0.578428880638 0.395441853375 -1.50318729533 1.61933351117 -0.721707918542 0.928041025674 0.562846292549 0.385367043595
# mat_params[1]:
 7.49863098547 10.3305995141
# mat_params[2]:
 8.93203793508 13.0799487589
# log_m_devs:
 0.0896245811505 -0.0896245811505
# log_slx_pars[1]:
 1.66229413911 -0.218674600506
# log_slx_pars[2]:
 1.72393212562 -0.312261648151
# log_ft_pars:
 -2.07801626041 -2.11397696228 -2.50500222776 -2.31939481428 -1.97623118778 -1.83981414874 -1.91394110906 -2.30872623980 -1.90449587669 -2.63564821751 -2.71125574051 -6.98833351592 -5.03780510583 -6.90409181257 -3.94267876072 -3.00486877234 -2.67690812219 -2.24213478650 -2.14320511412 -3.06966163125 -3.17288163522 -3.21340883702 -3.41114597801 -2.83040626961 -3.11229103800 -3.70774766673 -3.08689269167 -2.41787750186 -2.38010231793 -1.83439514358 -1.36164431744 -1.41072369876 -1.81385946746 -2.21895726736 -2.18967599718 -1.52420064948 -2.14181506058 -2.53572430160 -5.19828689741 -5.10677756979 -4.19812204567 -3.63668329270 -3.84062402355 -3.97695358238 -3.73124506032 -3.60023750621 -2.52705821512 -3.03220221051 -9.73146385150 -5.11849942996 -3.61741288315 -3.25571955652 -3.67866584616 -3.23187479803 -3.27949935074 -3.27715612951 -3.01975310344 -3.28387437190 -3.87544014271 -3.07459529584 -2.69103756982 -3.70336964154 -4.56537004780 -3.66831575015 -2.91698927851 -3.51018453622 -3.92523307677 -2.72853065211 -3.05752441968 -3.82111422400 -3.54426450238 -4.25264779625 -3.29898227324 -3.43916088437 -4.09523565493 -3.64439219390 -3.50560690871 -3.44479433823 -3.17461815987 -2.96735289364 -3.12291634765 -2.97508658054 -2.86376513500 -2.99155190376 -3.86175220935 -2.57266937932 -3.10028147539 -3.00914825100 -2.92714003298 -4.53811371473
