# Number of parameters = 204 Objective function value = -3633.80633616948  Maximum gradient component = 2742.44979368016
# theta[1]:
-0.647064613844
# theta[2]:
7.08681726010
# theta[3]:
5.88982577361
# theta[4]:
6.34978447726
# theta[5]:
0.660402769542
# theta[6]:
4.00000000000
# log_rinit_devs:
 0.110843989834 0.0604287104052 0.102356160158 0.0424962589807 -0.316125119378
# log_rbar_devs:
 1.64598438240 1.45290925219 1.23262209142 1.23972538916 1.11388437649 1.29725479559 0.909683715973 0.744928786954 0.656439565382 0.542460995089 0.426994796777 0.335098851283 0.463215717798 0.578051394478 0.811676384028 0.795926022503 0.904718398795 0.780187122815 0.876860095989 0.593196295272 0.589135052627 0.649154667182 0.603670030875 0.464785394140 0.519200739402 0.562180574811 0.542121268178 0.890539132616 0.570940801952 0.475929181173 0.312730221888 0.251125310258 0.107528863000 -0.316348521664 -0.481013173547 -0.647256372798 -1.19058407263 -1.44888110251 -1.65393382295 -1.68628559052 -1.64008053980 -1.67913030502 -1.68048233477 -1.69519622844 -1.57501674838 -1.98858786425 -2.15538058213 -2.53424248457 -2.11141502607 -0.612781483063 0.815755312309 -0.429235470661 -1.90077789447 -0.863125883580 0.740806371915 -0.00657331648026 -1.05441449681 -0.175070236969 1.51878873143 -0.361466303336 -2.19109473507 -0.971068914163 1.71448180762 -0.759597302204 -1.45745780530 -1.13450448416 0.376793189350 0.218884365021 1.27516236581 1.30183624035 -0.144755136045 0.626744029674 1.01503157459 0.510030388723 1.82487993443 -0.296356435017 0.385023839821 0.464518712400 0.739504794714 0.883540622644 0.472666470143 0.420975171501 -0.348837441238 -0.714287723445 0.199921605304 -1.85462351914 1.09872036049 -1.40960735538 0.218493500084 0.116702778186 0.289348871592
# mat_params[1]:
 6.43985856316 9.86846439695
# mat_params[2]:
 4.55402043095 6.93744186330
# mat_params[3]:
 3.02125822711 3.08669287671
# log_m_devs:
 0.127668775547 -0.172977327295 0.0453085517480
# log_slx_pars[1]:
 0.997214496102 -1.76877379414
# log_slx_pars[2]:
 1.61220708229 -0.104055674537
# log_ft_pars:
 -1.67527564165 -1.69576340145 -2.04206490833 -1.87869970777 -1.54881123987 -1.44511371170 -1.40405186033 -1.70745416363 -1.23703918082 -1.93205484603 -1.98184111655 -6.33254236033 -4.40418720562 -6.41502254556 -3.46700805342 -2.52685943206 -2.19244023909 -1.70381082070 -1.55990980072 -2.42038611614 -2.52695027617 -2.60958049431 -2.84378122257 -2.26839159762 -2.59959850078 -3.28296519734 -2.72727071532 -2.15136302584 -2.07189006135 -1.48385869711 -0.956689486423 -0.964398757793 -1.29281563720 -1.56404014023 -1.45596864135 -0.673196463054 -1.09681407077 -1.40069184922 -4.10414472425 -4.13822839963 -3.35280928466 -2.88546566434 -3.20002507294 -3.40218149523 -3.19881733871 -3.03222351685 -1.94132565845 -2.37788623846 -8.27367588901 -3.44295449765 -1.52117236950 -1.23489920291 -1.78307179553 -1.43903977841 -1.37296218175 -1.37359842808 -1.12264726308 -1.43598769973 -1.95594225779 -1.17863388260 -0.808697187686 -1.93771283188 -2.78377534673 -1.95866702976 -1.28092090421 -2.00984919799 -2.51391562331 -1.26650073613 -1.34950506104 -2.08348588053 -1.91144499814 -2.72930478433 -1.82020572418 -1.97709685455 -2.51416999334 -2.13902693160 -2.07280324265 -2.09650932806 -1.85459749435 -1.58744556834 -1.67873571064 -1.51205603368 -1.39573626367 -1.52090299238 -2.42138769005 -1.10851527592 -1.63476471007 -1.27560592237 -0.884732127446 -2.37474429159
