# Number of parameters = 205 Objective function value = -3552.86450591517  Maximum gradient component = 0.00172285813379774
# theta[1]:
-0.0681243365137
# theta[2]:
8.99408355536
# theta[3]:
8.50111886696
# theta[4]:
8.78042791124
# theta[5]:
0.831307944563
# theta[6]:
4.00000000000
# log_rinit_devs:
 -0.112688614733 -0.0603191231570 0.0924576138323 0.0454115151328 0.0351386089245
# log_rbar_devs:
 0.744849920716 0.573959545197 0.363675081065 0.414609235180 0.273569105584 0.645072247477 0.284790321606 0.245779869595 0.268098253548 0.398017868112 0.365850733299 0.358118198184 0.471116069178 0.588640594375 0.867519070784 0.837596218148 1.04080321408 0.822819543190 1.03638952981 0.769013900752 0.743019818429 0.800573142298 0.699361379061 0.433242518214 0.519876908428 0.545718868502 0.412969466544 0.818905494995 0.313097254920 0.102663408194 -0.0724474170031 0.139155531131 0.221310841825 -0.220296074602 -0.395264078169 -0.532619455987 -0.788126133859 -0.866264792527 -0.964779841983 -1.13249299829 -1.18160711120 -1.31772001169 -1.35292471357 -1.40134340775 -1.29879654406 -1.83791644062 -1.96355279602 -2.18427419063 -1.70297935305 -0.225763795817 1.38309814170 0.0158898466526 -1.36198099545 -0.361333895160 1.23166494749 0.503694934711 -0.540881453921 0.299598821960 1.99129877067 0.219220375541 -1.47969013730 -0.508765049482 2.04158016131 -0.367791605615 -1.12062976973 -0.860694816419 0.565701855407 0.473656632954 1.50405073186 1.52797588378 0.101410557418 0.867895869334 1.19112970354 0.673426253180 2.04885830416 -0.224645701028 0.283067829678 0.116154371863 0.110011726836 -0.0163273871835 -0.413761873902 -0.494858260222 -1.41206570509 -1.82293053384 -0.779533252581 -2.63924388625 0.762930045978 -1.60075029584 0.192598798406 -0.0117302320443 0.231686291041
# mat_params[1]:
 7.83171632471 10.6970255294
# mat_params[2]:
 5.90935605195 8.61662531319
# mat_params[3]:
 6.08573772508 8.55406531200
# log_m_devs:
 -0.0152706322095 0.129919383590 -0.165346814938 0.0506980635569
# log_slx_pars[1]:
 1.66231240504 -0.219112418276
# log_slx_pars[2]:
 1.71985842787 -0.454953287773
# log_ft_pars:
 -1.49163843613 -1.56824367629 -2.01196827403 -1.88457196211 -1.59145738936 -1.48767676009 -1.60461219667 -2.05585181166 -1.70454719051 -2.50145369342 -2.63794365214 -2.80423633011 -5.06313731926 -2.00884275023 -4.02966016623 -3.16544802288 -2.92059206563 -2.43985672452 -2.30403888662 -3.20370220903 -3.28150621639 -3.30392377842 -3.48965729165 -2.90140096057 -3.18103439242 -3.77894277133 -3.16421643579 -2.50911158936 -2.47821348244 -1.94309450052 -1.49198111729 -1.57011649234 -1.99355843284 -2.40550336855 -2.38103428488 -1.73455140957 -2.36740724479 -2.76927756964 -5.43241595320 -5.34077314835 -4.43382439109 -3.87500083079 -4.08330755788 -4.21751083226 -3.96405449239 -3.82790993152 -2.75518807341 -3.25777137206 -9.95962577499 -5.38431118343 -3.93221594943 -3.54691397171 -3.93978632467 -3.47468449761 -3.56301362360 -3.56161785922 -3.29025398769 -3.54231708136 -4.17842661707 -3.36929893922 -2.96533843166 -3.94968720652 -4.84021056821 -3.93232656982 -3.15643588491 -3.71877137058 -4.12329397085 -2.92819306319 -3.27999472677 -4.04334830150 -3.74511395375 -4.43305498295 -3.46999142186 -3.59136255118 -4.28720362873 -3.82371496439 -3.64789945923 -3.49818070688 -3.05205380159 -2.60201031540 -2.62824294524 -2.38253446675 -2.18715020377 -2.23134079756 -3.01866743248 -1.63269631338 -1.99068666625 -1.76463974006 -1.67420745077 -3.29640310206
