# Number of parameters = 206 Objective function value = -3669.22595547476  Maximum gradient component = 0.000240825676876465
# theta[1]:
0.0513521766866
# theta[2]:
9.63625251523
# theta[3]:
9.11145210125
# theta[4]:
9.48565772403
# theta[5]:
1.08659459094
# theta[6]:
4.00000000000
# log_rinit_devs:
 -0.140237278757 -0.0942323745704 0.0751552330457 0.0214902702706 0.137824150012
# log_rbar_devs:
 0.801014782623 0.629238004944 0.407871016262 0.468170372384 0.327481966400 0.751282891726 0.389250907464 0.358949349444 0.417694100833 0.551050726265 0.492716316162 0.441051435008 0.527548712415 0.601635800861 0.831165307264 0.693149459398 0.760456198343 0.572117768371 0.837582965099 0.585499235091 0.575307536418 0.652314961702 0.561425129142 0.290483548551 0.392013808863 0.429567587893 0.303315955941 0.730628711605 0.225661765553 0.0361459458438 -0.0957671357646 0.194294269602 0.339311636029 -0.0698802981739 -0.186899890741 -0.259128579118 -0.466270087151 -0.490703065561 -0.541364778873 -0.679616557691 -0.682493306667 -0.796816682272 -0.799941735909 -0.791180867930 -0.651043910545 -1.25681051730 -1.49290495592 -1.90488859804 -1.72227250164 -0.317950391450 1.26656337489 0.00884152497472 -1.38456887161 -0.388398168350 1.18300332325 0.462854668001 -0.587348057021 0.251716383623 1.97922846917 0.169102837429 -1.60852495783 -0.571567985009 2.00819777010 -0.430607244574 -1.20382581915 -0.962241972957 0.461961213695 0.369383504207 1.37280520360 1.39296576186 -0.0449395075004 0.712511849254 1.01758985680 0.452484127255 1.76753500113 -0.586648125121 -0.107397434631 -0.220891318824 -0.0916550918087 -0.00905298904026 -0.379842197863 -0.438549807349 -1.43869482252 -1.87907970820 -0.902408573154 -2.86475555380 0.360624000326 -1.88525917851 -0.0574496989773 -0.242861157690 0.0797350591825
# mat_params[1]:
 8.16717942502 10.3399342835
# mat_params[2]:
 8.56169543699 11.0084740420
# mat_params[3]:
 9.13508429942 12.6616581078
# mat_params[4]:
 6.54956751456 9.26943548685
# log_m_devs:
 0.130335933685 0.0151223946832 -0.145458328368
# log_slx_pars[1]:
 1.76315774973 -0.196220658836
# log_slx_pars[2]:
 1.80616992062 -0.258399779081
# log_ft_pars:
 -1.16204895674 -1.27211372415 -1.71460314187 -1.58681175330 -1.28805750862 -1.23076849559 -1.36059783399 -1.81274854526 -1.47486043795 -2.29772489025 -2.44049547944 -1.70335385492 -4.81644961585 -0.808285026102 -3.71433481250 -2.81269570953 -2.49931455211 -2.05905860763 -1.96644034114 -2.89737775444 -3.00081732249 -3.05092310857 -3.25489226754 -2.67103723873 -2.96705315934 -3.57973477672 -2.96697033216 -2.32839320168 -2.30176836669 -1.76989624204 -1.33827594916 -1.46742884024 -1.95867066005 -2.41213459140 -2.43260159612 -1.84203539290 -2.53424008860 -2.98730720001 -5.69851069345 -5.64432869400 -4.77977319512 -4.26061122300 -4.51052536080 -4.68382127859 -4.46838509282 -4.35024755857 -3.28202346498 -3.75109420024 -10.3152520176 -5.53906203409 -3.89424366124 -3.53360169878 -4.01252990971 -3.67355277148 -3.71357355059 -3.66938510799 -3.42481051733 -3.73747913115 -4.30989408497 -3.48218905994 -3.14733950506 -4.23773615528 -5.01991329401 -4.03912463474 -3.30869936340 -4.00052870026 -4.38515210836 -3.07309868307 -3.29358396340 -4.03137485593 -3.76743394135 -4.51282172757 -3.55294791201 -3.64797348690 -4.22923303537 -3.75083167591 -3.59273495526 -3.50226520480 -3.05973081531 -2.38807395554 -2.33119992609 -2.10525087602 -1.96633302652 -2.06385836145 -2.86836160155 -1.43875931770 -2.02275179535 -1.85017902337 -1.78114149784 -3.50015206601
