# Number of parameters = 198 Objective function value = -3480.84943500377  Maximum gradient component = 0.000157293580067967
# theta[1]:
-0.0426707760678
# theta[2]:
9.72815175893
# theta[3]:
8.33877049085
# theta[4]:
8.74343683370
# theta[5]:
0.358155317962
# theta[6]:
4.00000000000
# log_rinit_devs:
 -0.290148848794 -0.179317453238 0.0531753156885 0.114125809963 0.302165176380
# log_rbar_devs:
 1.42728094641 1.21250835361 0.949150391915 0.928188162505 0.746080393605 1.11824922636 0.678777470416 0.585079360442 0.549637935082 0.630342080265 0.544654113430 0.498360602754 0.581525147971 0.652677617876 0.873755543375 0.738950981471 0.845489904455 0.638740678138 0.890008759270 0.627104631760 0.613428978765 0.683335994312 0.580493618259 0.304479855885 0.395200047965 0.417378498177 0.269554145610 0.680418714514 0.138884604890 -0.101527886780 -0.305901004140 -0.108302090389 -0.0400640621820 -0.514253347150 -0.716735534514 -0.876366610734 -1.14873958214 -1.22849261239 -1.32816249721 -1.49706668216 -1.54621421940 -1.68081805346 -1.70992244397 -1.75286419614 -1.63775133520 -2.18982395823 -2.31729230141 -2.52973215569 -2.04265427284 -0.583513786590 0.998227898240 -0.364955035631 -1.73033049330 -0.733272484544 0.835150905389 0.127267572705 -0.907375981899 -0.0655318935024 1.58060104841 -0.145805272016 -1.79727457108 -0.836858576271 1.67642800806 -0.676835940385 -1.41495519955 -1.13887124981 0.280188509578 0.186666374645 1.20391184531 1.22925690783 -0.167973812715 0.607054119081 0.947234562618 0.479236897686 1.73956594196 -0.322581583976 0.319364407515 0.387339493699 0.664099633702 0.825939259382 0.450971419374 0.427858631613 -0.333322575386 -0.673288731027 0.350342221934 -1.45121734236 1.82352884846 -0.530565835488 1.10181543693 0.698795829807 0.406632678241
# mat_params[1]:
 7.37692680924 10.2566587102
# log_m_devs:
 0.0358464690903 -0.117922465758 0.0820759966674
# log_slx_pars[1]:
 1.64366536204 -0.236004845116
# log_ft_pars:
 -2.06174872745 -2.09643494619 -2.48917214422 -2.30410727963 -1.96116972175 -1.81962254768 -1.89273291703 -2.28705801983 -1.88077502618 -2.60871060567 -2.68453145623 -7.05414595933 -5.01420215760 -6.98846998772 -3.92053983743 -2.98459535920 -2.65623725766 -2.22164286849 -2.11895449047 -3.04487185450 -3.14945033013 -3.18965602777 -3.38843081132 -2.81049960014 -3.09261581866 -3.68820353041 -3.06911882807 -2.39567689927 -2.35852585066 -1.81251849638 -1.33342573137 -1.36984107507 -1.76021842455 -2.16089165913 -2.12731740237 -1.45166996007 -2.06029663140 -2.45041737070 -5.11293864414 -5.02375234379 -4.11586283462 -3.55446655778 -3.75709597457 -3.89332459207 -3.64774344991 -3.51859358665 -2.44316952523 -2.94664125491 -9.64295313258 -5.01272802110 -3.49369148967 -3.15485517196 -3.59110675661 -3.14054940332 -3.16991908311 -3.17782450054 -2.93007028100 -3.19083337703 -3.76347801826 -2.97712576706 -2.60285511764 -3.61373983172 -4.45781768384 -3.57942413800 -2.83958688095 -3.43113720484 -3.84021565682 -2.64633422498 -2.96616181181 -3.73265296729 -3.46810963447 -4.17829699057 -3.22086460282 -3.36718375031 -4.01600685370 -3.57889528947 -3.44780540988 -3.38864069220 -3.12600088650 -2.92952813431 -3.07104613155 -2.90194606721 -2.76439487553 -2.86278354459 -3.70927465761 -2.40713345878 -3.43915031295 -3.23194642829 -3.03019917363 -4.50607308171
