# Number of parameters = 203 Objective function value = -3549.45165013696  Maximum gradient component = 0.000125110345440994
# theta[1]:
-0.183469643153
# theta[2]:
8.14152912485
# theta[3]:
7.64233371289
# theta[4]:
7.99156165121
# theta[5]:
0.494613749047
# theta[6]:
4.00000000000
# log_rinit_devs:
 0.0275592175199 0.0417894868496 0.109156539246 -0.0155045756676 -0.163000667948
# log_rbar_devs:
 0.869261463801 0.717172938186 0.543614345868 0.580463533307 0.441881799568 0.753216873163 0.435584577112 0.410845344895 0.450198123859 0.580281554978 0.561760319346 0.577613623302 0.689133884499 0.761175700601 0.934937397471 0.801966876576 0.810936208080 0.631530772913 0.818228306731 0.594235030172 0.580532371731 0.637281057841 0.553271466004 0.331877534600 0.411737497836 0.436352104542 0.312527304721 0.642978351546 0.168485139917 -0.0806417593599 -0.318132695819 -0.224460625155 -0.214704804829 -0.653410266565 -0.885372563691 -1.08405235859 -1.34869576245 -1.42041372281 -1.49159158862 -1.61343835722 -1.64268169866 -1.74054615305 -1.75266616706 -1.77866594592 -1.67137713590 -2.12006422326 -2.20820967701 -2.37070839196 -1.81929185320 -0.377658552884 1.19160789882 -0.125001292684 -1.54990484588 -0.531807321081 1.07619153525 0.341249838008 -0.711985188402 0.150881386368 1.85862424029 0.0501719550217 -1.70493257239 -0.645436778443 1.95990049009 -0.501883420705 -1.24444402725 -0.967698674401 0.495640310828 0.380002780810 1.42515283519 1.45069899126 -0.00268639559428 0.771405622256 1.11755159194 0.595970306426 1.90539057005 -0.285199801258 0.351588981668 0.376822611982 0.608410539252 0.711701325810 0.371868925198 0.407710882685 -0.270023063674 -0.563108297966 0.427844415531 -1.50035005097 1.59693983806 -0.819463133320 0.834465116363 0.414255685122 0.329578990581
# mat_params[1]:
 7.61617014616 10.3021659376
# mat_params[2]:
 6.96772337257 10.0148428436
# mat_params[3]:
 9.03903109339 14.5068046030
# log_m_devs:
 0.0142742545565 0.0183131234658 0.140426693598 -0.173014071620
# log_slx_pars[1]:
 1.55988950112 -0.269449867330
# log_ft_pars:
 -1.12181285528 -1.21039342734 -1.66191856316 -1.53827807367 -1.24466371180 -1.13478936733 -1.24868907524 -1.70018636604 -1.35303269975 -2.18124747004 -2.35773887729 -1.37617787724 -4.78111888378 -1.25457513598 -3.73653437427 -2.85399193622 -2.52991675598 -2.07442643133 -1.93081360467 -2.84298195413 -2.94527780168 -2.98464120791 -3.19098550578 -2.62584074354 -2.91971826350 -3.53261933637 -2.93120040991 -2.24055904443 -2.19949129865 -1.64167703770 -1.13608305671 -1.12841248380 -1.46521134853 -1.83610517876 -1.77782934308 -1.05425446077 -1.63183403276 -2.02654137024 -4.72372921864 -4.67863543350 -3.80700140344 -3.27776594353 -3.50967081850 -3.67252365815 -3.44843759179 -3.34512770471 -2.29009360377 -2.83442432676 -9.58935000408 -4.92955157316 -3.40310263400 -3.05602931145 -3.42546394891 -2.91113718445 -3.01503438170 -3.06423952492 -2.78655175247 -3.00389325528 -3.66201736736 -2.90186906207 -2.47008997477 -3.40286810275 -4.34736466685 -3.52350288354 -2.72979628666 -3.22988323577 -3.64860296974 -2.50090401720 -2.85066047391 -3.62599857502 -3.33576895977 -3.99513218554 -3.02793524154 -3.16909761082 -3.83011178262 -3.38661995102 -3.20326001134 -3.07734717459 -2.77919891646 -2.54089123146 -2.74400682979 -2.61793747760 -2.52721693436 -2.67648721533 -3.57597765870 -2.33551907050 -3.19784898531 -3.13455658140 -2.98468359472 -4.50534042423
