# Number of parameters = 207 Objective function value = -3670.67078907998  Maximum gradient component = 0.000597475275197121
# theta[1]:
0.116369863757
# theta[2]:
10.0683160349
# theta[3]:
9.29554868985
# theta[4]:
9.68542491487
# theta[5]:
1.01580475804
# theta[6]:
4.00000000000
# log_rinit_devs:
 -0.190949043121 -0.130150936719 0.0589289592350 0.0363239798284 0.225847040777
# log_rbar_devs:
 0.984744707373 0.797784509106 0.559280410171 0.603749704767 0.449401372282 0.864298349544 0.476798044437 0.420122172880 0.457759776351 0.575904917741 0.507177405952 0.453320056744 0.532103427828 0.585124035900 0.780634883461 0.591027708243 0.605566891599 0.422761395984 0.698542361884 0.448619228174 0.444359937166 0.527900336602 0.441660373666 0.172514123044 0.279846627986 0.321690687365 0.197962008563 0.632686673719 0.128584030457 -0.0555425723375 -0.179675433027 0.122453633263 0.276518927942 -0.128831489098 -0.238417914519 -0.302854549410 -0.505308624201 -0.524700589640 -0.571024781443 -0.706601924222 -0.704480894693 -0.815266050322 -0.813235925827 -0.797535212860 -0.649134450903 -1.25184628008 -1.48063705542 -1.88629438571 -1.69616426116 -0.294313968942 1.29412659829 0.0332540214119 -1.35915994382 -0.363881662605 1.20811758691 0.486889300822 -0.564387978134 0.273910263953 2.00620135039 0.194913890511 -1.58375348468 -0.546728536344 2.03548343622 -0.404506877609 -1.17927703982 -0.938314029899 0.485025344008 0.393507322508 1.39701149798 1.41822270796 -0.0220422671948 0.736084644734 1.03801004947 0.470712760859 1.76958337735 -0.579119998884 -0.100870711220 -0.201007496579 -0.0550194377697 0.0479336078272 -0.322568783150 -0.381944232703 -1.38974710444 -1.82990524986 -0.854414142612 -2.81730440701 0.413153227274 -1.83839376140 -0.0215967611430 -0.219301493570 0.112072055590
# mat_params[1]:
 8.16147181520 10.2766070915
# mat_params[2]:
 8.64815623332 11.0713627155
# mat_params[3]:
 9.30866052714 12.7973862522
# mat_params[4]:
 6.72348847529 9.42287049456
# log_m_devs:
 0.122990001483 0.0745671064878 -0.0323536760203 -0.165203431951
# log_slx_pars[1]:
 1.77804892465 -0.200178548002
# log_slx_pars[2]:
 1.82953804732 -0.261511313229
# log_ft_pars:
 -1.36372942501 -1.46301250216 -1.88773120488 -1.74208222774 -1.42881638593 -1.36444563768 -1.47638326022 -1.90480295969 -1.54439295757 -2.34441078180 -2.46500656005 -2.44635745583 -4.82677725083 -1.04621038483 -3.70451928096 -2.76388137202 -2.40764873701 -1.97882772759 -1.89521370949 -2.83259727636 -2.94267501289 -2.99935617636 -3.20875489318 -2.62975642291 -2.93132320464 -3.54846024666 -2.93871334286 -2.30364770584 -2.28122118560 -1.75481255780 -1.33111758890 -1.46755647695 -1.96545883898 -2.42545079108 -2.45443461654 -1.87340621959 -2.57353588937 -3.03168072905 -5.74696668600 -5.69602528288 -4.83517880966 -4.32001182842 -4.57318597395 -4.75143658376 -4.54254390339 -4.42970468396 -3.36890544497 -3.84708242092 -10.4174441361 -5.63562246580 -3.98806604671 -3.62358058093 -4.10558971652 -3.77634542054 -3.81579706269 -3.76409635343 -3.51778949282 -3.83600277177 -4.40833748729 -3.57553670272 -3.24276694461 -4.34263206056 -5.12360570445 -4.13305567833 -3.40244731579 -4.10593848727 -4.49299483133 -3.17158274569 -3.38538287057 -4.12254270478 -3.85908864382 -4.60900542343 -3.65098184311 -3.74315361802 -4.31410220902 -3.83060818871 -3.67106798525 -3.58684142825 -3.14937417920 -2.43744331794 -2.35989928469 -2.12700206948 -1.98698905096 -2.08649391489 -2.89057632618 -1.45867545891 -2.04412183690 -1.86324615002 -1.78974673938 -3.50900271636
