# Number of parameters = 206 Objective function value = -3636.34117728778  Maximum gradient component = 2742.13527740502
# theta[1]:
-0.547096068268
# theta[2]:
6.61928984297
# theta[3]:
6.00491379320
# theta[4]:
6.59213064474
# theta[5]:
0.514206749025
# theta[6]:
4.00000000000
# log_rinit_devs:
 0.260530619414 0.146039275641 0.123265900495 -0.00110320432072 -0.528732591229
# log_rbar_devs:
 1.27351032809 1.08525358696 0.873408877982 0.919971069943 0.818528755007 1.00957233999 0.642019276150 0.493668842070 0.436746082224 0.348823030534 0.283914459190 0.249817462362 0.367124461846 0.539340998551 0.681012096702 0.725173997000 0.892798664504 0.767001842947 0.864297413067 0.594443526499 0.584851394384 0.636968952366 0.584881862753 0.439332429735 0.487221913455 0.520564053232 0.488421077529 0.818515682563 0.496714036048 0.394395960735 0.227709419605 0.164409206541 0.0219757796713 -0.398827681231 -0.566313401840 -0.735086983802 -1.26680695009 -1.51923803007 -1.72111312296 -1.76160716999 -1.72468401052 -1.77046543196 -1.77867366252 -1.80080580100 -1.69167838186 -2.10345769192 -2.25744105467 -2.61203488905 -2.16105252200 -0.671812030269 0.744667045196 -0.511637323170 -1.97993380267 -0.941354804654 0.661926574752 -0.0805785888945 -1.12144279595 -0.249282233000 1.43188980443 -0.434373766965 -2.24192574319 -1.02704954440 1.65647357287 -0.808612687955 -1.49769876929 -1.16922369468 0.340202437528 0.194803433884 1.26109965356 1.29483901527 -0.134016114841 0.648922406946 1.05452928706 0.587584349387 1.89264608731 -0.142105528859 0.588422903315 0.738654909670 1.10574756782 1.37806865906 0.938396514903 0.866008754470 -0.0237600295468 -0.467582462292 0.507291648560 -1.54814528257 1.66368071316 -0.793411483127 1.02483680900 0.827947413891 0.572205029537
# mat_params[1]:
 6.39389653178 9.84519361761
# mat_params[2]:
 4.75623416108 7.24095234633
# mat_params[3]:
 4.68284548761 7.08121651335
# log_m_devs:
 -0.107364774856 0.0373082823960 0.0700564924600
# log_slx_pars[1]:
 0.992426381012 -1.69316799662
# log_slx_pars[2]:
 1.65427536603 -0.109592361645
# log_slx_pars[3]:
 1.63547949401 -0.283367124982
# log_ft_pars:
 -1.40623148287 -1.43130233461 -1.79575434659 -1.66023829077 -1.35162508480 -1.25845332662 -1.23450023081 -1.56714757116 -1.12426957665 -1.86247756864 -1.96780631894 -2.61435534467 -4.44405424261 -1.87971899751 -3.47126015760 -2.59096740350 -2.32084856579 -1.82770035137 -1.68509510773 -2.55343772870 -2.65498024346 -2.73000153605 -2.95636537513 -2.37376391975 -2.69914574360 -3.37260423772 -2.80413208332 -2.21071003812 -2.12366661127 -1.52748079209 -0.996283912135 -1.00534384349 -1.33452144190 -1.60626745181 -1.49632264974 -0.715329852307 -1.15034125649 -1.46039260864 -4.16054050752 -4.18539314540 -3.39093246500 -2.91574689641 -3.22207295555 -3.41636960123 -3.20394080506 -3.03151048260 -1.94103159855 -2.38359691735 -8.18786033519 -3.33936228942 -1.36606593600 -1.09513380392 -1.68877531806 -1.37972577876 -1.27941378940 -1.25876308839 -1.01822094459 -1.35943565791 -1.84429708099 -1.05123473352 -0.704523101495 -1.88264977217 -2.70042594788 -1.85831177544 -1.20762208733 -1.98625779374 -2.49747669461 -1.22860574759 -1.28208617704 -2.01874450575 -1.87193095567 -2.72589400760 -1.83106432944 -2.00410808435 -2.54111521251 -2.18468760509 -2.15568287268 -2.23158730564 -2.04781157866 -1.86561177938 -1.90437628823 -1.69489970537 -1.53421451463 -1.60463725978 -2.41934260137 -1.04744173128 -1.56756922273 -1.38429684053 -1.23384999247 -2.84992193708
