# Number of parameters = 199 Objective function value = -3519.62801315084  Maximum gradient component = 0.000388323581847261
# theta[1]:
0.0937840602354
# theta[2]:
10.1323550234
# theta[3]:
9.10973055475
# theta[4]:
9.45555824065
# theta[5]:
0.523115461282
# theta[6]:
4.00000000000
# log_rinit_devs:
 -0.213254105481 -0.120668076634 0.0690814661306 0.0915531068452 0.173287609139
# log_rbar_devs:
 1.08540547404 0.901946959991 0.676509692950 0.673275333989 0.519165674306 0.828737115788 0.469431385533 0.392411448881 0.370810671605 0.441751613812 0.371016825475 0.328258972220 0.390139725342 0.441169974282 0.614982502706 0.492811259887 0.573260403754 0.398972613583 0.605603567209 0.383269603609 0.362795543572 0.411238265594 0.317417560222 0.0780231906173 0.144891089451 0.151694747516 0.0168170238435 0.339624006563 -0.117373175496 -0.318693454548 -0.473657239883 -0.286543908148 -0.211261204365 -0.593517624468 -0.738790397963 -0.843550720805 -1.04970788653 -1.10362046190 -1.17658363518 -1.31293492977 -1.34245459034 -1.44824718959 -1.46501781629 -1.49604711708 -1.40026251509 -1.85631137607 -1.93210233275 -2.10189933335 -1.59794592471 -0.169133411304 1.45914036831 0.110510271709 -1.28848040556 -0.288157166151 1.30840871168 0.578060664854 -0.458854321918 0.372842214832 2.07999585228 0.305810735355 -1.43247266727 -0.422369388375 2.13300762997 -0.286868494262 -1.03945256446 -0.792201034966 0.635875669029 0.545955271814 1.58009063594 1.60925330181 0.182009600046 0.943380029218 1.26617865462 0.759966227874 2.08895315085 -0.134904622128 0.432720903902 0.398230032590 0.618310341697 0.820985410817 0.396105233880 0.329149769843 -0.715226271576 -1.21611826298 -0.248034719009 -2.34421653640 0.930648602568 -1.51800043611 0.243323185981 -0.0202652544587 0.330933673434
# mat_params[1]:
 8.39994968115 11.2724221920
# mat_params[2]:
 6.53472213779 8.86395674521
# log_m_devs:
 -0.0372215077015 0.0372215077015
# log_slx_pars[1]:
 1.72568996463 -0.221558859170
# log_ft_pars:
 -2.05291738790 -2.09979466797 -2.50616715437 -2.34252841756 -2.02428361401 -1.88976349482 -1.97182272041 -2.38410122730 -2.00167373405 -2.75250069537 -2.83277704544 -5.83212642423 -5.16565111517 -5.27782524221 -4.03766649933 -3.08080064589 -2.73701729164 -2.29900947108 -2.19060931126 -3.12167313733 -3.22501002428 -3.26559318439 -3.46130434604 -2.88414633913 -3.17565821715 -3.77347326261 -3.14745945722 -2.44928942518 -2.40293913511 -1.86285046391 -1.42345035167 -1.50672652544 -1.92160585212 -2.34311695685 -2.34630916689 -1.73260273350 -2.41267295562 -2.85046690502 -5.54655363096 -5.48093133145 -4.59893933040 -4.06635287894 -4.29288913795 -4.45131947547 -4.22214956898 -4.10739960895 -3.06802416255 -3.62622046410 -10.3599945766 -5.68984787875 -4.19851186014 -3.79751291970 -4.20764263015 -3.78051546020 -3.85581895982 -3.82558494052 -3.55850716480 -3.83426580989 -4.46625636288 -3.63675580760 -3.25045158693 -4.27046141078 -5.14341366487 -4.19807919063 -3.43685610970 -4.04334208852 -4.43449960943 -3.20037841581 -3.54372850347 -4.30570625300 -4.00985928274 -4.71654324454 -3.75742720100 -3.86771486744 -4.54520276035 -4.06747572418 -3.90752445161 -3.81017506856 -3.44524144580 -3.15873932506 -3.11411658407 -2.81776193591 -2.55928729196 -2.52189424689 -3.23592796330 -1.76657316812 -2.72668456480 -2.52368908661 -2.36375115491 -3.89794942488
