# Number of parameters = 207 Objective function value = -3698.52541613244  Maximum gradient component = 8.34659679592059e-005
# theta[1]:
-0.0872054035240
# theta[2]:
9.16733045023
# theta[3]:
8.13533202593
# theta[4]:
8.49661957497
# theta[5]:
1.09355536865
# theta[6]:
4.00000000000
# log_rinit_devs:
 -0.160527579051 -0.0983120416982 0.0632298128160 0.0425201546828 0.153089653250
# log_rbar_devs:
 1.21082427605 1.01010420731 0.769149446799 0.794588856543 0.632075315489 0.991430917130 0.590554679107 0.508458704976 0.494671117100 0.577312125767 0.505962757367 0.460365991421 0.544682580049 0.621619799707 0.838454352396 0.715968472578 0.816030261092 0.610552168270 0.858683984515 0.624685499254 0.630974600631 0.717558709972 0.642454242366 0.401389026516 0.518243376464 0.570015471637 0.456886523878 0.868690921287 0.350996714548 0.110006159415 -0.0849477857209 0.135723493069 0.232273832700 -0.207492738261 -0.374867540591 -0.487690306440 -0.699348506552 -0.714082154241 -0.749217377232 -0.865971196081 -0.860495198508 -0.962354279639 -0.962841838491 -0.973837692524 -0.862181833576 -1.45172036292 -1.66639115547 -2.01120489704 -1.73198233227 -0.337079093286 1.19346172209 -0.0567430321181 -1.46867586049 -0.470754692141 1.11005742404 0.383850225419 -0.671160410670 0.176483684165 1.89969317531 0.0771722848156 -1.68938092205 -0.649140352151 1.95247556203 -0.509869637901 -1.27354149258 -1.01859682076 0.421504074031 0.313454222889 1.32826256028 1.35261450450 -0.0867606329493 0.683633836642 1.00682335779 0.466111876535 1.87274399919 -0.472527991520 0.0636285543785 -0.0940632139944 -0.0501230624400 -0.102894068243 -0.481405865102 -0.522388694343 -1.40683627434 -1.80727021170 -0.787128513494 -2.69734738049 0.585484752313 -1.87834793801 -0.120353241234 -0.427653698598 0.0478258943372
# mat_params[1]:
 7.94750849450 10.4619488583
# mat_params[2]:
 8.17264070785 10.8018733114
# mat_params[3]:
 7.63538653331 10.8971495714
# mat_params[4]:
 5.61680861289 8.19151687314
# log_m_devs:
 0.147430724282 0.0978718144093 -0.258388943674 0.0130864049829
# log_slx_pars[1]:
 1.58730911901 0.144675268077
# log_slx_pars[2]:
 1.69010983813 -0.277522539305
# log_ft_pars:
 -1.85766833994 -1.93313279411 -2.29836926627 -2.12039015027 -1.79166777561 -1.75701097414 -1.82130469329 -2.19357724842 -1.79797374735 -2.59329920916 -2.69621294607 -4.42801173882 -5.05276224973 -2.23899078428 -4.01052830957 -3.06512630292 -2.04574209843 -1.60748464725 -1.49827497456 -2.42723764517 -2.54995503659 -2.60953101095 -2.83038315638 -2.27303999396 -2.58286778943 -3.20943977990 -2.61936901147 -1.96815516442 -1.95445909979 -1.42730018899 -0.951697972248 -0.985314538402 -1.39677540889 -1.82972701651 -1.83396231391 -1.18718247144 -1.82792783208 -2.27278023463 -4.99777341831 -4.96808225084 -4.12028883489 -3.61490914124 -3.86890370550 -4.04609306822 -3.82872035445 -3.72194657372 -2.64985883168 -3.13172334239 -9.72435257430 -4.87949797046 -3.14632772148 -2.85285398524 -3.36897347292 -2.98397267535 -2.95151897794 -2.94708518008 -2.74403520070 -3.03240226495 -3.54795396176 -2.77109924872 -2.47053684311 -3.53033922878 -4.25499317334 -3.34695581695 -2.66852171100 -3.32181385335 -3.65366852615 -2.35744185744 -2.58895067739 -3.34534717135 -3.11991064674 -3.86343995451 -2.88319628268 -2.99352765726 -3.60858178445 -3.19347090097 -3.08143090810 -2.97901093445 -2.52099475604 -2.04979351705 -2.11829237627 -1.94445753134 -1.82415140941 -1.93251742173 -2.76940976291 -1.40127550477 -2.06491539451 -1.76898998124 -1.53641955714 -3.05743559562
