# Number of parameters = 201 Objective function value = -3508.65782551428  Maximum gradient component = 5.18047469715769e-005
# theta[1]:
-0.130127178251
# theta[2]:
8.76364413047
# theta[3]:
8.28442672062
# theta[4]:
8.66765410281
# theta[5]:
0.407619449349
# theta[6]:
4.00000000000
# log_rinit_devs:
 -0.0888785863602 -0.0501065432589 0.0850823971823 0.0451876215905 0.00871511084628
# log_rbar_devs:
 0.741158904825 0.584635039662 0.396167351188 0.452705952245 0.325901973399 0.671786983447 0.343603040327 0.316421580947 0.341096824999 0.467130165896 0.438856212878 0.435564772492 0.546813865982 0.665260557080 0.934594381127 0.920359389578 1.12112464019 0.908094779415 1.09306119602 0.834193938467 0.800338220178 0.842816078206 0.737323164224 0.481154270705 0.549688756602 0.559874742454 0.420241080703 0.775295808443 0.283130853208 0.0553156108879 -0.144870575976 0.00852358852596 0.0496831505795 -0.391959395379 -0.594680022363 -0.761509610019 -1.02673490177 -1.11916506712 -1.22710576290 -1.39544974236 -1.45813132277 -1.59579578260 -1.63989931305 -1.69584646027 -1.61380872980 -2.13859902700 -2.27790761609 -2.50271801865 -2.02409976845 -0.554917352885 1.03795723393 -0.315533741859 -1.70738790488 -0.694692282013 0.898539208444 0.180400689874 -0.854955237099 -0.00757443136189 1.66150955439 -0.0886687662263 -1.78269964167 -0.781818075655 1.76179731812 -0.632658151881 -1.36988783189 -1.09793761253 0.337948464753 0.239364083959 1.27318066389 1.29899289219 -0.120558910121 0.648848868035 0.990445111129 0.499822966669 1.76835066148 -0.345507297682 0.285587108093 0.326896527180 0.571371991845 0.696849637645 0.366646904477 0.407065104034 -0.264953742151 -0.559416473800 0.436743688558 -1.46161384257 1.65702562123 -0.784826785396 0.823963514537 0.380752557592 0.381911951300
# mat_params[1]:
 7.34475553848 10.2313941252
# mat_params[2]:
 9.03945344774 13.5447742170
# log_m_devs:
 -0.0327467981217 0.137658397302 -0.0957281013256 -0.00918349785438
# log_slx_pars[1]:
 1.62971109101 -0.236702601584
# log_ft_pars:
 -1.51980251998 -1.59632123765 -2.04695907418 -1.92875272171 -1.64910576437 -1.54735160842 -1.67113296007 -2.13167927530 -1.79044859706 -2.59613626049 -2.73921769704 -2.40770766750 -5.16072075521 -2.04755985611 -4.12847894002 -3.26739421833 -3.02405791139 -2.53638348604 -2.38705213274 -3.28007652897 -3.35172192500 -3.36551246638 -3.54436189973 -2.95340842749 -3.22668295679 -3.81603909231 -3.19314960156 -2.51101726596 -2.46567524250 -1.91638003610 -1.44628279629 -1.49200597509 -1.87434043315 -2.26040090238 -2.21348123176 -1.53747946404 -2.14511816670 -2.53177862857 -5.18757308302 -5.09290441092 -4.17916111572 -3.61242641176 -3.81010361945 -3.93690092608 -3.67544479096 -3.53382066969 -2.44821748912 -2.94217659199 -9.63762485347 -5.03271228205 -3.54554872142 -3.19144964742 -3.59884872990 -3.12608135800 -3.19473041715 -3.21363876433 -2.95454128652 -3.20456263685 -3.81888877477 -3.03329443833 -2.63676233547 -3.62222265760 -4.51221743360 -3.64227856767 -2.88149366511 -3.44166559964 -3.85436171448 -2.67593859611 -3.02060540392 -3.79106050523 -3.51103416503 -4.20233805584 -3.24045418569 -3.37950991203 -4.03440124846 -3.58289462239 -3.42819863646 -3.34047290985 -3.05351158410 -2.82906356489 -3.00802262032 -2.87692592918 -2.78407315404 -2.93409081824 -3.83134077978 -2.57881348958 -3.48952886907 -3.34540556869 -3.15372838863 -4.63094550344
