# Number of parameters = 203 Objective function value = -3603.62036035753  Maximum gradient component = 0.000322974315466868
# theta[1]:
-0.302086505860
# theta[2]:
7.48253580998
# theta[3]:
6.57034661237
# theta[4]:
7.08270384832
# theta[5]:
0.661570713687
# theta[6]:
4.00000000000
# log_rinit_devs:
 0.132221490704 0.113320240156 0.121691539376 -0.0429338847805 -0.324299385455
# log_rbar_devs:
 1.37652553157 1.20171149907 1.02156588213 1.03952828128 0.869705799871 1.12595158036 0.745423347431 0.661084140117 0.635569165350 0.725100561991 0.657566973952 0.600985414538 0.656759392545 0.701215919201 0.880640242242 0.791526538752 0.811205605819 0.607942874452 0.765265551756 0.558156917903 0.572645242048 0.659203849654 0.609512363597 0.425840459150 0.543920834365 0.622008411641 0.555907197594 0.930139656533 0.506788307477 0.266853100565 -0.0138640174122 0.0208943965730 0.00332149919068 -0.448752335914 -0.738072224030 -1.05036603213 -1.41181031543 -1.49664712969 -1.52131590945 -1.57505153553 -1.54473261682 -1.60356183607 -1.58459626913 -1.59092998644 -1.47985111674 -2.00456338693 -2.23640952526 -2.55808555856 -2.16769637825 -0.707942791519 0.751213381254 -0.477916309759 -1.90255499212 -0.889866358137 0.684016327573 -0.0364441441199 -1.07855832860 -0.199406291033 1.46421692384 -0.332484060902 -2.08655053124 -0.991741943503 1.59900989519 -0.807681296078 -1.52955378461 -1.22394282222 0.251844295550 0.115177670398 1.14639632711 1.17133054797 -0.250134611103 0.523910717852 0.894697330280 0.407316358880 1.71161489231 -0.352760190002 0.358416122307 0.482620187134 0.862461244563 1.22025094577 0.791461914777 0.739875201681 -0.183262985259 -0.631134283858 0.367785305824 -1.69080910472 1.57106546398 -0.915089251414 0.884225986393 0.662686676997 0.502079997650
# mat_params[1]:
 7.30983222959 10.1756857067
# mat_params[2]:
 7.31375083682 10.6206276425
# mat_params[3]:
 5.33313666586 8.14579277670
# mat_params[4]:
 5.06203370224 7.32095987574
# log_m_devs:
 -0.0340760211585 0.0340760211585
# log_slx_pars[1]:
 1.42913464796 -0.368304403695
# log_ft_pars:
 -1.05353972336 -1.12734582584 -1.55865504817 -1.41819428502 -1.10116857429 -0.949624774824 -1.01372585060 -1.40529204213 -0.991876331111 -1.76978717415 -1.92420754918 -0.917499397235 -4.22468180318 -0.781224773865 -3.08144494478 -2.22300921806 -1.90259714808 -1.43165537776 -1.25372255099 -2.16114985769 -2.28855053729 -2.36046846705 -2.61014393868 -2.07143880149 -2.39428971366 -3.06264309022 -2.51650055992 -1.86828529075 -1.87099016740 -1.31807442604 -0.773570700857 -0.714649058072 -1.02129354939 -1.38346755502 -1.30172752706 -0.481877532062 -0.918128675662 -1.25572676236 -3.99085110924 -4.03062862778 -3.23183183398 -2.76290428656 -3.05404617871 -3.26034801685 -3.06508674823 -2.98093604708 -1.87467028619 -2.34524356364 -9.00491027178 -4.24594994126 -2.52934055030 -2.25859479074 -2.64831217373 -2.13973589077 -2.19679270485 -2.30031954808 -2.02225911634 -2.23099111863 -2.84075384047 -2.14623531393 -1.69177098912 -2.63800260768 -3.55631377151 -2.83356671530 -2.03679525906 -2.55658698325 -3.02767946489 -1.90689736603 -2.16822751851 -2.95335429428 -2.71405067463 -3.39077690814 -2.44324681025 -2.62473417248 -3.24457397914 -2.88145611954 -2.73323549325 -2.68050822422 -2.50541327009 -2.41665620591 -2.52112647385 -2.28133999692 -2.07220742251 -2.06130941321 -2.82197219767 -1.47240302106 -2.35671934058 -2.25962666336 -1.99783426475 -3.52959609514
