# Number of parameters = 200 Objective function value = -3511.05873029436  Maximum gradient component = 0.000539722121081930
# theta[1]:
-0.235856819728
# theta[2]:
7.78497843245
# theta[3]:
7.23481567493
# theta[4]:
7.66795851097
# theta[5]:
0.428239992408
# theta[6]:
4.00000000000
# log_rinit_devs:
 0.0728577145865 0.0715950602340 0.116091370416 -0.0276005197856 -0.232943625451
# log_rbar_devs:
 0.981267028310 0.817376426533 0.639322418127 0.681935769048 0.536408163908 0.854970649641 0.514669080512 0.484542813770 0.516790847926 0.651618863059 0.622267478485 0.626281154188 0.740332566239 0.816077857785 0.998166536222 0.869780563325 0.889652997771 0.701915409199 0.892587710928 0.660293740685 0.647959610489 0.709420790370 0.623253205821 0.395081813190 0.479147485417 0.509019874994 0.383519237373 0.733453974140 0.246742853681 -0.0111566913296 -0.272414319019 -0.198455200996 -0.201884350973 -0.666022269177 -0.929784026964 -1.17487528816 -1.48419088409 -1.57141487040 -1.64325691156 -1.76005863779 -1.78536811655 -1.88211430979 -1.89095048537 -1.91538212047 -1.79770711773 -2.26784854020 -2.37742567552 -2.56316536902 -2.03455666394 -0.569254252612 0.976185405516 -0.343158101330 -1.74530669355 -0.729420301994 0.850667378560 0.135040985305 -0.902433423202 -0.0395486093757 1.61149307206 -0.147412371397 -1.85305806425 -0.818296528410 1.73355555466 -0.654306861426 -1.38206466053 -1.08972553436 0.360359432296 0.247782504146 1.28144820470 1.30650565929 -0.102883303353 0.675006169559 1.04287285978 0.577805726416 1.86497392123 -0.161669971590 0.552267372402 0.688146041105 1.05984454089 1.36060084026 0.938894955220 0.886627741558 -0.0239751373732 -0.473449994237 0.496460288699 -1.52257825739 1.74860353715 -0.710936599911 1.00004607851 0.655530776384 0.422934548516
# mat_params[1]:
 7.35254044113 10.1445158834
# mat_params[2]:
 6.53374429143 9.65248375027
# log_m_devs:
 -0.0352504890551 -0.0233362305525 0.0585867196076
# log_slx_pars[1]:
 1.49297704373 -0.321484954541
# log_ft_pars:
 -1.10878869876 -1.19557618441 -1.64567113987 -1.52007931712 -1.22424376375 -1.10866458598 -1.22030257531 -1.66634459205 -1.31115739439 -2.13866704152 -2.32105324731 -1.19853390963 -4.71950686608 -1.25250121202 -3.68587501943 -2.81668003081 -2.49964782446 -2.04341573537 -1.89538794849 -2.80892618392 -2.91339072554 -2.95405331462 -3.16432094090 -2.60022378152 -2.89115738607 -3.50589089283 -2.90784158433 -2.21562466692 -2.17785752450 -1.61185316204 -1.08320103225 -1.04750240564 -1.36204377248 -1.72072665600 -1.64374597264 -0.876133672427 -1.40309321777 -1.76886723423 -4.46256196935 -4.42806359226 -3.56236920904 -3.03500081783 -3.26811075793 -3.43334895092 -3.21337493770 -3.11311321063 -2.04115749696 -2.56597736903 -9.30717935732 -4.65165805696 -3.08976157246 -2.79801909427 -3.18794903245 -2.67349045700 -2.73614763748 -2.81288529686 -2.54511762573 -2.75965426064 -3.36310725687 -2.63919032775 -2.21017975633 -3.15592079090 -4.06002702659 -3.28710088729 -2.50103431882 -3.01570848674 -3.46067250863 -2.33342511814 -2.64702451906 -3.43059849915 -3.17178166898 -3.84405682666 -2.89144880494 -3.07123914838 -3.72486232457 -3.33537485387 -3.19262270492 -3.14323165845 -2.97812758443 -2.89948440635 -2.99696854184 -2.75150452605 -2.53460866215 -2.52972925386 -3.28253256764 -1.91797843549 -2.88186545539 -2.81125889803 -2.59911076689 -4.08725301350
