# Number of parameters = 199 Objective function value = -3471.92071406506  Maximum gradient component = 0.00104295565414452
# theta[1]:
-0.0607021214705
# theta[2]:
9.48751006935
# theta[3]:
8.12423389303
# theta[4]:
8.54790864575
# theta[5]:
0.354324239739
# theta[6]:
4.00000000000
# log_rinit_devs:
 -0.266916995795 -0.163309691611 0.0584571760301 0.108850067633 0.262919443743
# log_rbar_devs:
 1.42706237030 1.21464632950 0.955672524754 0.937997964778 0.755298877069 1.11781894709 0.680075736113 0.584884506753 0.545458370797 0.625171430095 0.541406546309 0.498475566017 0.584076164881 0.657377453379 0.876765954444 0.743764592699 0.845951107047 0.638726198958 0.882310506665 0.622191841956 0.608531200428 0.676963479408 0.574699601840 0.303451992022 0.392871331782 0.415247530600 0.269098625702 0.671652547772 0.134114794532 -0.113007896783 -0.328658920970 -0.147756413427 -0.0877710839214 -0.561541736243 -0.771388346261 -0.938830935063 -1.21161771042 -1.28667460717 -1.37828031397 -1.53672167097 -1.57874017109 -1.70512990058 -1.72819039352 -1.76679303737 -1.64853624572 -2.19103664274 -2.31509758421 -2.52319658946 -2.03812773125 -0.575044071556 0.996583138270 -0.366589266513 -1.72894986020 -0.732291566039 0.829477868895 0.126469818668 -0.903047852203 -0.0616454579923 1.56739974860 -0.146558488920 -1.78636365099 -0.832118001179 1.66682961631 -0.670302879667 -1.40347654349 -1.12352400215 0.293525485370 0.201120222337 1.21778971869 1.24280941580 -0.140625386637 0.636713056613 0.988927477551 0.545065732581 1.80431314310 -0.183482602248 0.510796727442 0.640491600022 1.00251346025 1.28845239246 0.872434513642 0.821194845456 -0.0701872719477 -0.537123818217 0.339843003442 -1.70009032591 1.30134941528 -1.06024349521 0.560066586823 0.217118759977 0.425712630929
# mat_params[1]:
 7.26970638732 10.1898464835
# mat_params[2]:
 7.07044802411 10.4508326528
# log_m_devs:
 0.0120531896860 -0.0120531896860
# log_slx_pars[1]:
 1.61540194827 -0.243718716506
# log_ft_pars:
 -2.00436223939 -2.04378409860 -2.44041956258 -2.25726114656 -1.91585887387 -1.77227700101 -1.84486751352 -2.23775354691 -1.82745450582 -2.55522882760 -2.63312689903 -6.90246736732 -4.97021345192 -6.82419539936 -3.88149737862 -2.94619659622 -2.61525308317 -2.17743830452 -2.06905515114 -2.99460476679 -3.09961454352 -3.13944187630 -3.33969428727 -2.76257617019 -3.04449890325 -3.64189310300 -3.02474525604 -2.34643240108 -2.30822380676 -1.75596793971 -1.26310998584 -1.28553425707 -1.66646891609 -2.06377453416 -2.02473418254 -1.33599048866 -1.93756096114 -2.32943680174 -5.00097029725 -4.92322518323 -4.02488023667 -3.47184523497 -3.68298199815 -3.82623198425 -3.58647229849 -3.46405829208 -2.39057414618 -2.89728297322 -9.59920136729 -4.96923123163 -3.43973640564 -3.11432599123 -3.54994293828 -3.09049155565 -3.11502976538 -3.13382180569 -2.88683763711 -3.14163410678 -3.70465869129 -2.92930944795 -2.55170362142 -3.55627229974 -4.39716272438 -3.53611816094 -2.79420724953 -3.37758513698 -3.79538246239 -2.61522206223 -2.93201885169 -3.70113808294 -3.44261020583 -4.15177843607 -3.19989106230 -3.36203850796 -4.02047782197 -3.60203664497 -3.48884155988 -3.46311332210 -3.27580725408 -3.17808284570 -3.26607148259 -3.03586104439 -2.83027869683 -2.84560714646 -3.59300205633 -2.18260194222 -2.97123578361 -2.78958213904 -2.57863619599 -4.06603738068
