# Number of parameters = 205 Objective function value = -3609.83833204087  Maximum gradient component = 0.000263614526224246
# theta[1]:
-0.322684897644
# theta[2]:
7.59681437637
# theta[3]:
6.60359843910
# theta[4]:
7.06647349221
# theta[5]:
0.698338504795
# theta[6]:
4.00000000000
# log_rinit_devs:
 0.0816425778211 0.0819437473851 0.122316189072 -0.00785330710425 -0.278049207174
# log_rbar_devs:
 1.39662649947 1.21715884504 1.02583695873 1.04126495491 0.869030386502 1.12986713043 0.738445117125 0.645542147659 0.604803833351 0.687371623668 0.627873107397 0.590360408624 0.664459061903 0.744881354921 0.982610093590 0.967903979544 1.11949925351 0.912728281250 1.07967459296 0.856315807209 0.858889072303 0.935300218789 0.870478685415 0.665560389462 0.769885958077 0.831935007410 0.750648449296 1.12837917490 0.687294938771 0.449442794910 0.180031071732 0.237538678549 0.231106626021 -0.222453761416 -0.488126254100 -0.763797854818 -1.10446404174 -1.18994232194 -1.23505736340 -1.31841666949 -1.31211370511 -1.39998896167 -1.40664442458 -1.43441904198 -1.34660692425 -1.93906993225 -2.25103230579 -2.67010865353 -2.38024238259 -0.896428097319 0.538054971679 -0.684132883004 -2.09936434266 -1.08757704340 0.478172806697 -0.237252982731 -1.27369625670 -0.393531946783 1.25468086873 -0.530174375937 -2.27023325406 -1.18351591660 1.39537969647 -0.990886412846 -1.70785413752 -1.39746477274 0.0751980191163 -0.0601170134624 0.967352382026 0.993290215177 -0.417303573379 0.356206345075 0.730908835269 0.255807530600 1.54132986744 -0.472670812257 0.256317103906 0.408169437568 0.788760019475 1.08922081337 0.665337591800 0.610296810832 -0.315896938757 -0.773248408974 0.210497271981 -1.87242593260 1.39919731718 -1.10032759728 0.723623296334 0.535560056269 0.454481537216
# mat_params[1]:
 7.23756393076 10.3147638585
# mat_params[2]:
 5.09796171135 7.71361202743
# mat_params[3]:
 4.94238140888 7.26658410877
# log_m_devs:
 -0.0359660744664 0.0857422945831 -0.0617206302367 0.0119444101201
# log_slx_pars[1]:
 1.42508174951 -0.351723534068
# log_slx_pars[2]:
 1.61728066858 -0.394154965615
# log_ft_pars:
 -1.19996097026 -1.26722992429 -1.69053744724 -1.54303304352 -1.22372842876 -1.06990973407 -1.13023951615 -1.51522356112 -1.09526380357 -1.85595467196 -1.99376788902 -1.37234316835 -4.34606009700 -1.12821748847 -3.25266200401 -2.40871681795 -2.14248064762 -1.66870203740 -1.50887682082 -2.41852814547 -2.52903524690 -2.58603275174 -2.81811703640 -2.26131115415 -2.56697054972 -3.21686659308 -2.65313363972 -2.00705649800 -1.99868644366 -1.43488456308 -0.895221808997 -0.860669885874 -1.19452941586 -1.55899711396 -1.47121027927 -0.680063556327 -1.16264465209 -1.51961672066 -4.23701879099 -4.24240379821 -3.41419814714 -2.91873101583 -3.18657733109 -3.36428822833 -3.13666146050 -3.01844251890 -1.86823007294 -2.27138496582 -8.85803775091 -4.12785125195 -2.40172112970 -2.12849481583 -2.52637236207 -2.02988476657 -2.08231567470 -2.18216555681 -1.90317702666 -2.12174667451 -2.72624391109 -2.02467931657 -1.56792960090 -2.53195795754 -3.45055936849 -2.72338298428 -1.93022184368 -2.46925289552 -2.95508028470 -1.82983011794 -2.07911934302 -2.86279265622 -2.62969203711 -3.32015051809 -2.37963788293 -2.56583877958 -3.18033173640 -2.81933421140 -2.68533997723 -2.65967618967 -2.50988942461 -2.42516902847 -2.52145285636 -2.27817133066 -2.06952882193 -2.06375997328 -2.82386611744 -1.46626771726 -1.67279607048 -1.50497158807 -1.36964222754 -2.93120764311
