# Number of parameters = 204 Objective function value = -3600.34220294649  Maximum gradient component = 0.00103255302641683
# theta[1]:
-0.381085728905
# theta[2]:
7.45887263789
# theta[3]:
6.42807279897
# theta[4]:
6.96322733164
# theta[5]:
0.620172490731
# theta[6]:
4.00000000000
# log_rinit_devs:
 0.108081830778 0.0998203610875 0.126418614208 -0.00530545951571 -0.329015346557
# log_rbar_devs:
 1.44217109000 1.26261169896 1.07632898735 1.08932366737 0.917073478381 1.15148552707 0.759956520210 0.655860635042 0.595613595871 0.659096494108 0.579071455092 0.508191149062 0.538483796835 0.565718278973 0.754036253963 0.715474821661 0.810871857591 0.597860826367 0.735081946090 0.522125085793 0.538719486122 0.627131352186 0.583861629194 0.407962402300 0.528324791868 0.615399814283 0.563516968080 0.940876624353 0.539378178743 0.312915831023 0.0302848509448 0.0463566053843 0.0182981012385 -0.424452673915 -0.712580287935 -1.05086617010 -1.44739439207 -1.55418542179 -1.57915883787 -1.61908430081 -1.57842117419 -1.62796432221 -1.60149171808 -1.59859658184 -1.47712477881 -1.99216837075 -2.23405467295 -2.56804314809 -2.17165995084 -0.692062003137 0.754734723992 -0.477770320846 -1.90274525317 -0.890806419778 0.684830817296 -0.0392222790599 -1.08209349111 -0.201331530218 1.46114216779 -0.336637018693 -2.09172035429 -0.998558377604 1.60157301383 -0.806121204659 -1.52484324032 -1.21581645271 0.268934516965 0.129981297079 1.16560477687 1.19255667954 -0.229556419206 0.548967891100 0.928807962327 0.448789077320 1.74982189765 -0.283009700286 0.450485993245 0.602149147822 0.982627740302 1.28743159021 0.862056897755 0.809432763719 -0.124168126448 -0.588923613239 0.380926108334 -1.74183409462 1.48193619426 -1.00598454096 0.818244621438 0.639925090775 0.530026471456
# mat_params[1]:
 7.13369461150 10.3398791472
# mat_params[2]:
 5.08888553233 7.66179405288
# mat_params[3]:
 4.87742435460 7.21653177266
# log_m_devs:
 -0.0365252554806 0.0150235748334 0.0215016806472
# log_slx_pars[1]:
 1.38628520823 -0.403987394379
# log_slx_pars[2]:
 1.61154833168 -0.381698444072
# log_ft_pars:
 -1.22073516713 -1.28237179755 -1.70091150681 -1.55134040111 -1.23164423102 -1.06786599123 -1.11683435968 -1.48877091503 -1.05469781625 -1.80093815359 -1.92734158656 -1.15223236173 -4.21408754667 -0.838145533365 -3.01297984115 -2.14760716299 -1.84062711422 -1.36401751356 -1.17762504713 -2.08248096038 -2.20902186621 -2.28423327758 -2.53978258652 -2.00177714976 -2.32826194691 -3.00829979164 -2.47245216112 -1.83441373757 -1.84493577751 -1.28991262748 -0.740454660604 -0.677975824376 -0.983360358038 -1.34340681119 -1.25560134184 -0.418955335160 -0.824634573033 -1.13994598335 -3.87616268833 -3.93089361172 -3.14474119073 -2.68629209892 -2.99032294423 -3.20599830206 -3.01742578428 -2.94135975173 -1.83280080775 -2.29984299827 -8.96597345054 -4.24105493513 -2.54654723939 -2.26100131296 -2.61196385001 -2.08466393241 -2.17635204615 -2.28714782203 -1.98222767403 -2.17913930626 -2.82489194057 -2.13171111797 -1.63321549528 -2.56008051625 -3.53588873746 -2.82963527091 -1.99375685244 -2.49312942698 -2.99470265650 -1.89895163454 -2.17295631103 -2.96544979911 -2.71246039647 -3.37416831148 -2.43991203262 -2.63045175530 -3.26458816563 -2.90568141355 -2.74433435798 -2.70867497239 -2.56900358251 -2.49731565844 -2.59478022709 -2.33943148864 -2.12083232158 -2.09805120912 -2.84874624824 -1.49114406654 -1.64270659729 -1.49401807758 -1.36655864942 -2.94194425307
