# Number of parameters = 207 Objective function value = -3684.19992492220  Maximum gradient component = 422.103582992883
# theta[1]:
-0.421329744922
# theta[2]:
6.70551500509
# theta[3]:
6.54214431804
# theta[4]:
7.10814393430
# theta[5]:
0.501256441772
# theta[6]:
4.00000000000
# log_rinit_devs:
 0.252974832609 0.124901526004 0.103241800757 -0.0425271263970 -0.438591032973
# log_rbar_devs:
 0.885665324195 0.691223447045 0.471542145414 0.559173969066 0.464469316908 0.750252551831 0.382550466534 0.290765907736 0.292889608993 0.317381437393 0.304038592668 0.324337092184 0.399249500524 0.608447889999 0.764810241735 0.812003135543 1.00329866256 0.802420262396 0.950875204447 0.722679496361 0.720323818059 0.790499990509 0.724366869005 0.516490066675 0.606630342653 0.662716876195 0.582126013023 0.946651740042 0.531256425896 0.318654829490 0.0491512892744 0.0710845511907 0.0436101464599 -0.389976586849 -0.630321581357 -0.929888864080 -1.30908458345 -1.43190712102 -1.48625224687 -1.56017592720 -1.54842795677 -1.62944561893 -1.63239416425 -1.65836106102 -1.55183685441 -2.07364745893 -2.28627501988 -2.57575052422 -2.09456583799 -0.638009552359 0.789531407834 -0.475351078969 -1.92144253970 -0.893608387583 0.703901695818 -0.0284493714315 -1.07242351212 -0.202081692085 1.48235198205 -0.351610617593 -2.10166789328 -0.955224016960 1.70867724982 -0.750776287264 -1.45519268994 -1.13688203821 0.352302401592 0.216138195999 1.27242515277 1.30860323739 -0.122482433576 0.671062217208 1.05829782826 0.590790491948 1.89830641499 -0.147924648106 0.584595090179 0.727016194106 1.09587479158 1.38228659846 0.943999706808 0.888690372758 -0.0322947910231 -0.504978605286 0.443054262322 -1.64993646529 1.53577149826 -0.906070950942 0.892885769718 0.667455283937 0.559063923119
# mat_params[1]:
 6.79514313196 9.93863067269
# mat_params[2]:
 7.05956422982 10.3774193689
# mat_params[3]:
 5.41619600520 8.11962647102
# mat_params[4]:
 5.13858843829 7.69077428553
# log_m_devs:
 -0.0944103596581 0.0944103596581
# log_slx_pars[1]:
 0.866297348736 -1.33411202860
# log_slx_pars[2]:
 1.29402319994 -0.630382841785
# log_slx_pars[3]:
 1.67221409474 -0.206510844430
# log_ft_pars:
 -1.42137211374 -1.46372970714 -1.82908122792 -1.71533801835 -1.42429045470 -1.41522762558 -1.43261336201 -1.81448414058 -1.44119898405 -2.27248057333 -2.43727816792 -1.94666833727 -4.89169076496 -1.63151427362 -3.95773492247 -3.11281662914 -2.29517054135 -1.82772430150 -1.66350968416 -2.58221086838 -2.68469583194 -2.73842739774 -2.97147394538 -2.40876534594 -2.70317989394 -3.35241408201 -2.78557198587 -2.12524619770 -2.12263433511 -1.53820969041 -0.986804122530 -0.949387162574 -1.28119203072 -1.64531438914 -1.54526742233 -0.743621241534 -1.21881691232 -1.56075811370 -4.27324831201 -4.28378192874 -3.45833157222 -2.96820504027 -3.24296597163 -3.42454102082 -3.19917726474 -3.10122326796 -1.96440748886 -2.42001000641 -8.42706471626 -3.55062494014 -1.60433924941 -1.36757538659 -1.98445005056 -1.66923304122 -1.54219711621 -1.51989139993 -1.31794949482 -1.66017243806 -2.10846921318 -1.32633819780 -1.03774395898 -2.21328034718 -2.96307366768 -2.10385688721 -1.48526708136 -2.25678804355 -2.70042423894 -1.40063682818 -1.48831651696 -2.23849604412 -2.09617442365 -2.93752644708 -2.01412646518 -2.16905035932 -2.71170898127 -2.35513207494 -2.32915090112 -2.38678294723 -2.17526776216 -1.99490957856 -2.05512630436 -1.86073341402 -1.70517646411 -1.77068486034 -2.55622251219 -1.15585820319 -1.72304313460 -1.53172293704 -1.36804381874 -2.97346230942
