# Number of parameters = 205 Objective function value = -3667.41396011208  Maximum gradient component = 0.00111272314028958
# theta[1]:
-0.335977856813
# theta[2]:
7.72969385177
# theta[3]:
6.55685452525
# theta[4]:
7.13413346475
# theta[5]:
0.474492824471
# theta[6]:
4.00000000000
# log_rinit_devs:
 0.0292478195280 0.0249183912177 0.0935251192531 0.0277209403805 -0.175412270379
# log_rbar_devs:
 1.49412197300 1.29647661243 1.09014007926 1.10550597013 0.939268013778 1.18240060096 0.778824127740 0.667489734066 0.580965785230 0.611049974847 0.525284747229 0.471227626147 0.534956427249 0.567311467371 0.730525328717 0.664406121752 0.754763206716 0.563027921277 0.700204347837 0.466189377844 0.470797481703 0.548027443018 0.493685913559 0.298734565909 0.392398674205 0.458718392327 0.398731936766 0.772908583224 0.380051634592 0.190847114691 -0.0673725883461 -0.0585653401872 -0.100065920543 -0.527186305766 -0.745632505385 -1.03623415600 -1.44078330605 -1.57696570367 -1.63420719125 -1.68800981995 -1.65596235914 -1.71965240788 -1.70930229455 -1.72187341513 -1.60169646950 -2.09943436498 -2.29502549821 -2.57991112544 -2.10053573634 -0.648380317162 0.779590796164 -0.481071903148 -1.92580438774 -0.899953809566 0.693763501497 -0.0353562106506 -1.07653371884 -0.208808641014 1.47045188780 -0.357405221363 -2.10539801996 -0.962334372559 1.69277527326 -0.760254080649 -1.46476863011 -1.14885028135 0.338330165545 0.203399436158 1.25745903706 1.29316297140 -0.135502788469 0.655968706885 1.04284116192 0.575734831834 1.88084667549 -0.162050537434 0.570851939067 0.713408582301 1.08358579174 1.37116394495 0.931624086480 0.875903031522 -0.0466200050490 -0.517979465421 0.437040362289 -1.65106978359 1.55404511678 -0.874337981290 0.949277173939 0.748740153837 0.571890852188
# mat_params[1]:
 7.04487406741 10.2656835100
# mat_params[2]:
 5.42062902867 8.13101911848
# mat_params[3]:
 5.16621510483 7.68298602272
# log_m_devs:
 -0.00888488668050 0.00888488668050
# log_slx_pars[1]:
 1.22428059653 -0.593549100488
# log_slx_pars[2]:
 1.67907635078 -0.184259268659
# log_slx_pars[3]:
 1.63965823609 -0.374955354294
# log_ft_pars:
 -1.63849024187 -1.70363916000 -2.08724594522 -1.91086246154 -1.58368017633 -1.44833770975 -1.49804194788 -1.84083975344 -1.39380163405 -2.13116847870 -2.22863098081 -2.15260433229 -4.55984061451 -1.50213500522 -3.40906601001 -2.49776846155 -2.15427376680 -1.68226218521 -1.51914557333 -2.43123819664 -2.53796648729 -2.60653164636 -2.84941560741 -2.28538618359 -2.59265289667 -3.26239874201 -2.70653074418 -2.07637169989 -2.06754853714 -1.47498721578 -0.918458294999 -0.892118766535 -1.23800386535 -1.59185275814 -1.48876469659 -0.684954737095 -1.15241750990 -1.49722363016 -4.22620150880 -4.25541516820 -3.45144953713 -2.97975477742 -3.27906387672 -3.47680584679 -3.26406947166 -3.16326616699 -2.04107165275 -2.51022308011 -8.43926233108 -3.56303828734 -1.61776399755 -1.36679480646 -1.97315939481 -1.66112588044 -1.54754105203 -1.52190451005 -1.31143258567 -1.65518728889 -2.11378528704 -1.32482469142 -1.02616686411 -2.20337559787 -2.96648820256 -2.09934190685 -1.46819153068 -2.24031840997 -2.69409157716 -1.39700580741 -1.48550264689 -2.23326175323 -2.08335041379 -2.92296076759 -2.00372246117 -2.15917776614 -2.70435544610 -2.34280000320 -2.31278740063 -2.37292641849 -2.16615780972 -1.98781367569 -2.04605788514 -1.85027150382 -1.69447555397 -1.75991108913 -2.54859344822 -1.14927697817 -1.70707615406 -1.55428623370 -1.44536727623 -3.04988310644
