# Number of parameters = 202 Objective function value = -3545.37580673061  Maximum gradient component = 2.98291174121484e-005
# theta[1]:
-0.0582975381546
# theta[2]:
9.11395165718
# theta[3]:
8.60534193858
# theta[4]:
8.87724954507
# theta[5]:
0.879621560306
# theta[6]:
4.00000000000
# log_rinit_devs:
 -0.124074273982 -0.0693856140702 0.0896623092458 0.0474914996377 0.0563060791688
# log_rbar_devs:
 0.751539114168 0.579394640542 0.366299063873 0.415620670763 0.273461493470 0.647574671165 0.284924041163 0.244220961122 0.267081020462 0.397664838770 0.366122684867 0.358465455609 0.471689174796 0.588453271987 0.866601732339 0.832853543807 1.03413107448 0.816149707088 1.03289250994 0.765444088466 0.740019811542 0.798664973854 0.698090121851 0.431046816945 0.519167729929 0.545793431151 0.412986826112 0.821515050271 0.314280314184 0.105555928721 -0.0653618723108 0.153573185498 0.239831950856 -0.201296875502 -0.373084335298 -0.506433247249 -0.759482959634 -0.836162197577 -0.934242615421 -1.10284950007 -1.15120490085 -1.28756439792 -1.32208644696 -1.36958996011 -1.26643552285 -1.80764667396 -1.93227615686 -2.15153487245 -1.66986824859 -0.195148150253 1.41800276217 0.0467488358764 -1.33007304323 -0.331494304845 1.26144438477 0.532280733465 -0.512565403547 0.324810009905 2.02012339506 0.246048376871 -1.45242318545 -0.486157920798 2.06550216750 -0.345906797459 -1.10013287212 -0.843169519403 0.581689270123 0.490895306168 1.52072494529 1.54560365772 0.119113326217 0.886394899728 1.20814070994 0.690420755206 2.06923167198 -0.208748555573 0.297609673503 0.129383183905 0.126532182357 0.00982217514307 -0.386874440573 -0.470094590374 -1.39954236393 -1.82432705637 -0.844727807210 -2.76932308296 0.428356946476 -1.83169708432 -0.0504060984367 -0.226471330892 0.186415122196
# mat_params[1]:
 7.88235389630 10.7013178132
# mat_params[2]:
 5.99487507932 8.69663979197
# mat_params[3]:
 6.39034888688 9.36292656425
# log_m_devs:
 0.00103923180138 0.139861365919 -0.140900597721
# log_slx_pars[1]:
 1.68146119454 -0.223687724741
# log_ft_pars:
 -1.48314416795 -1.55788082433 -2.00160438928 -1.87484852965 -1.58080985395 -1.47504875934 -1.59060472421 -2.04174100549 -1.69082992323 -2.48540655999 -2.61952624120 -3.03567202810 -5.04724222133 -2.03997007229 -4.01124004727 -3.14405131323 -2.89726178228 -2.41798904273 -2.28336781282 -3.18390979434 -3.26277239977 -3.28618720717 -3.47193884867 -2.88447323451 -3.16550392795 -3.76332811824 -3.14808311629 -2.49324928119 -2.46327083199 -1.93163871391 -1.48575391011 -1.56675804644 -1.99214775008 -2.40693777692 -2.38754971811 -1.74650346551 -2.38255372647 -2.78586221519 -5.44918329115 -5.35686987932 -4.44975824874 -3.89096340679 -4.09848409526 -4.23320416275 -3.98078311522 -3.84493905480 -2.77397201412 -3.27870750552 -9.97837534729 -5.39408399014 -3.93887923052 -3.55433723502 -3.95841558721 -3.50398269083 -3.57936250148 -3.56998731295 -3.30347189960 -3.56191152612 -4.18830143171 -3.37494253574 -2.98087123552 -3.97667883037 -4.85031423605 -3.93232623372 -3.16541778650 -3.74205695239 -4.13692699654 -2.92765824997 -3.27417881306 -4.03742643088 -3.74336879503 -4.43877056039 -3.47504622989 -3.59286223423 -4.28633066595 -3.82302531278 -3.65371601363 -3.51100793153 -3.06038982601 -2.60669106967 -2.62904313473 -2.38497232372 -2.19136890573 -2.23505129795 -3.01077891923 -1.60199518245 -2.34889370577 -2.23599530528 -2.15653540933 -3.80400906853
