# Number of parameters = 206 Objective function value = -3680.60275500695  Maximum gradient component = 0.000233082426309902
# theta[1]:
-0.327079154406
# theta[2]:
7.08189316031
# theta[3]:
6.60584654322
# theta[4]:
7.16893115320
# theta[5]:
0.509726060993
# theta[6]:
4.00000000000
# log_rinit_devs:
 0.238827421885 0.145407208040 0.106023402262 -0.0685069620565 -0.421751070130
# log_rbar_devs:
 1.06256659767 0.879088229163 0.708561737449 0.772432060010 0.640273728855 0.917531272782 0.561936954001 0.515634486457 0.515293185622 0.636802758542 0.613013012121 0.536280723459 0.582208345923 0.622548728120 0.784733365542 0.766886107314 0.881709909120 0.700814543202 0.849243595891 0.620249492947 0.616170896489 0.683816047726 0.618558477319 0.414328741114 0.497416595155 0.548892776067 0.472830914644 0.832626470204 0.427668565619 0.230379915068 -0.0241327348907 -0.00533429160735 -0.0404117994698 -0.467670605108 -0.686440096981 -0.960344986716 -1.34105540507 -1.46917823971 -1.53429038562 -1.60680605259 -1.59332327472 -1.67230202225 -1.67723001794 -1.70505051524 -1.60153422072 -2.11163971333 -2.31654559665 -2.61250175505 -2.14189460068 -0.693676660688 0.740106127561 -0.516175972730 -1.96471905409 -0.935368535455 0.661630705440 -0.0681440757155 -1.11007288510 -0.240618052952 1.44507990703 -0.386510057218 -2.14489211990 -0.989031465687 1.66796364876 -0.787234494747 -1.49260135579 -1.17704818814 0.308851300778 0.172577127129 1.22615499239 1.26065638708 -0.171886486394 0.615561824784 0.996482542502 0.518876518461 1.81954716950 -0.254629508974 0.459284950992 0.595180934861 0.985378761518 1.33234487779 0.899153749841 0.855930078927 -0.0317818462311 -0.461400274966 0.548492492512 -1.47132014957 1.80665022965 -0.628928266377 1.18119727703 0.929254494297 0.556871432637
# mat_params[1]:
 7.08867324251 10.0422795338
# mat_params[2]:
 7.13371427333 10.4861936799
# mat_params[3]:
 5.47124441491 8.28730086228
# mat_params[4]:
 5.42706954987 7.87187206223
# log_m_devs:
 -0.103677375645 0.00175837032841 0.101919005316
# log_slx_pars[1]:
 1.23643074083 -0.569365633526
# log_slx_pars[2]:
 1.67785781685 -0.209626798757
# log_ft_pars:
 -1.16470096050 -1.24625941639 -1.66239517798 -1.53244915993 -1.24146481833 -1.14458279139 -1.23796048211 -1.64368755620 -1.27248193904 -2.10968362776 -2.30600169471 -0.838520675161 -4.57303008776 -0.849248419266 -3.45203292726 -2.62251277779 -2.34635496818 -1.87194799270 -1.71561155190 -2.62860836283 -2.72838111433 -2.78682594818 -3.01770622699 -2.44665991351 -2.74414047521 -3.39748739096 -2.82671314393 -2.18219964369 -2.16238133140 -1.56638355412 -1.01630713788 -0.999058633559 -1.34836067423 -1.70146025858 -1.59778512185 -0.810092291433 -1.30412157381 -1.65941127694 -4.37704456918 -4.38470122619 -3.56097421881 -3.07183611964 -3.35257058976 -3.53358702653 -3.30536865080 -3.18977251220 -2.05629809690 -2.51287231229 -8.43704296552 -3.54587299048 -1.58319700635 -1.35089080230 -1.97670755302 -1.67124575962 -1.54164063903 -1.51704158958 -1.31995133955 -1.66800833524 -2.11040770798 -1.32792478457 -1.04794047722 -2.23158728269 -2.97087034498 -2.10404977708 -1.48956977559 -2.26973299062 -2.71294447750 -1.40699799643 -1.48331447110 -2.22905056363 -2.08932670780 -2.93414799022 -2.00917541966 -2.15879804906 -2.68758247734 -2.32505521853 -2.29344040449 -2.34420742972 -2.11777325469 -1.92947142882 -1.99863905820 -1.82038840327 -1.68219306192 -1.76489919821 -2.57740221206 -1.20755782461 -1.88980003451 -1.70066274265 -1.54320431060 -3.13729170340
