# Number of parameters = 206 Objective function value = -3698.57780885748  Maximum gradient component = 0.000107446273243469
# theta[1]:
-0.263080750738
# theta[2]:
7.17802263831
# theta[3]:
7.56483781133
# theta[4]:
7.93148975095
# theta[5]:
1.15879089879
# theta[6]:
4.00000000000
# log_rinit_devs:
 0.245624449360 0.153861707585 0.120825467487 -0.0971228681764 -0.423188756256
# log_rbar_devs:
 0.285445207816 0.127299446205 -0.0369569874516 0.0949383369085 0.0179854377292 0.423606237057 0.140237836362 0.188645087206 0.309397914123 0.507971599928 0.506465626168 0.437818542420 0.381122595782 0.453739969751 0.602789390934 0.703279431356 1.00604372589 0.797139741633 1.01509839456 0.788917859029 0.791417577861 0.870141840018 0.795741387105 0.569091785617 0.680513112558 0.731211742019 0.623456053906 1.01293704143 0.513140060958 0.258753560829 0.0324143264606 0.196906935245 0.257970828321 -0.190021159515 -0.394261831292 -0.547277045786 -0.775487003537 -0.797864832066 -0.830699782828 -0.936025820445 -0.930875143279 -1.02504124931 -1.02576454314 -1.04429846684 -0.946447633737 -1.51631564682 -1.71789808774 -2.02031880010 -1.66041251475 -0.255269276087 1.25736899130 -0.000622645491164 -1.42863246576 -0.424180212339 1.17102995881 0.435060150306 -0.626849748598 0.232745412939 1.95972761289 0.119954822512 -1.64922640257 -0.592669375566 2.03492334996 -0.453124141425 -1.20831826442 -0.939870760665 0.519191908381 0.396450081964 1.42416702929 1.45183479558 0.00127666025889 0.780380696907 1.11685942379 0.583475872998 2.01012940678 -0.299301451733 0.286061273293 0.141796187797 0.173257417357 0.0846363966179 -0.319785112753 -0.381308475081 -1.28004127082 -1.70918620274 -0.734800322324 -2.68379228691 0.496025543567 -1.73399944740 0.155959450664 0.0632783006560 0.0997150334958
# mat_params[1]:
 7.77801086511 10.5939861016
# mat_params[2]:
 7.97479809750 10.8039689622
# mat_params[3]:
 6.93149302350 10.0125843267
# mat_params[4]:
 5.15744412319 7.65649645622
# log_m_devs:
 -0.0417329919429 0.228435533277 -0.186702541334
# log_slx_pars[1]:
 1.30122833538 0.0220526905806
# log_slx_pars[2]:
 1.62941227301 -0.303127350497
# log_ft_pars:
 -1.07851386904 -1.18759384928 -1.61927767327 -1.53710537671 -1.29438131749 -1.33256839936 -1.49443086751 -1.99295322233 -1.73868122628 -2.68736161284 -2.92433182432 -0.512304956120 -5.13587011869 -0.219434838413 -3.92036156913 -3.16892770307 -2.10911018390 -1.64721501333 -1.51322258127 -2.43367219461 -2.55225847955 -2.60593135983 -2.82651250082 -2.27119141993 -2.57888136119 -3.20719706471 -2.62289493203 -1.96143367224 -1.94745693614 -1.41469209954 -0.917201746717 -0.916863303665 -1.28884290283 -1.69962343558 -1.67996702432 -0.990038563163 -1.59109988409 -2.02012958785 -4.74690833231 -4.72805688021 -3.88624822575 -3.38506542960 -3.64207296210 -3.82084819534 -3.60267493044 -3.49848470367 -2.41914513211 -2.90247059712 -9.52419459046 -4.69198547848 -2.97482103248 -2.69424240376 -3.18141209420 -2.73813253067 -2.71480343733 -2.74825179629 -2.53896817880 -2.79144557692 -3.32790999446 -2.58280621373 -2.25706497953 -3.26198479779 -4.02564155604 -3.18193195300 -2.49036678823 -3.07777033556 -3.41080654124 -2.16570311253 -2.42796406486 -3.19511203034 -2.96761229642 -3.68443708171 -2.69855946408 -2.82505350660 -3.46534466876 -3.07159910771 -2.95688969145 -2.83118418148 -2.40023328721 -1.96545633894 -2.06686492253 -1.89377105042 -1.75728921645 -1.84253524498 -2.65804782122 -1.27005097172 -1.85385951618 -1.74177562470 -1.68173253535 -3.38479379033
