# Number of parameters = 201 Objective function value = -3543.66787849014  Maximum gradient component = 0.000191768090376024
# theta[1]:
0.123384412978
# theta[2]:
10.3461298322
# theta[3]:
9.41058690437
# theta[4]:
9.73862945302
# theta[5]:
0.512616102793
# theta[6]:
4.00000000000
# log_rinit_devs:
 -0.219299469854 -0.126171320179 0.0688161820424 0.0884461547668 0.188208453224
# log_rbar_devs:
 1.01098727371 0.823218352285 0.592110130794 0.604046493504 0.452470593283 0.792662873490 0.423235425346 0.349812513712 0.333161157083 0.407953421812 0.329485177741 0.278107024981 0.337778100446 0.388010367377 0.572316788248 0.447467664119 0.540131348751 0.361572750495 0.584336177209 0.348708850185 0.326319267624 0.377756343408 0.277603123494 0.0216002025574 0.0903300797098 0.0974282522239 -0.0413919790612 0.309756666143 -0.155572650257 -0.344216706957 -0.484875668085 -0.266931928412 -0.171223598420 -0.559204224372 -0.696053556329 -0.794908605026 -1.01020987954 -1.06962214022 -1.14990434794 -1.29760823727 -1.33056481432 -1.44476921859 -1.46385540216 -1.49528208943 -1.39037839253 -1.86240537820 -1.93817663130 -2.11016037628 -1.59845405903 -0.170939595256 1.45750352188 0.111314380702 -1.28228211181 -0.288642352861 1.30737703588 0.572535746821 -0.472135786145 0.362595988886 2.08492359776 0.299193026943 -1.44542239612 -0.437150266832 2.13048951115 -0.300425385527 -1.05940851172 -0.812904399813 0.614800505913 0.525799350460 1.55780515408 1.58779518816 0.151514391346 0.915005384999 1.22974411552 0.712449405921 2.01896260510 -0.233128349646 0.337022214280 0.332968708819 0.602192811264 0.857166585160 0.441998703588 0.401644054371 -0.598135240922 -1.07678314650 -0.109554588998 -2.15632020352 1.11476329840 -1.22818646200 0.546270993579 0.294194375970 0.300791604709
# mat_params[1]:
 8.57328101796 11.4040369934
# mat_params[2]:
 6.83576131271 9.12025320572
# log_m_devs:
 -0.0385299684571 0.0385299684571
# log_slx_pars[1]:
 1.72346195212 -0.213150817620
# log_slx_pars[2]:
 1.86781869384 -0.369926240322
# log_ft_pars:
 -2.22213097313 -2.27809711202 -2.68593606352 -2.52241784039 -2.20690865608 -2.08967065529 -2.18238911141 -2.59951148796 -2.21969192059 -2.97586515070 -3.05654740176 -5.68157328761 -5.37958368896 -4.93955074418 -4.24962135824 -3.29411678997 -2.95493258386 -2.51934231710 -2.42003980676 -3.35357107111 -3.45400817841 -3.49250482273 -3.68511974968 -3.10154381685 -3.38765049564 -3.98084229227 -3.35081817617 -2.66227013259 -2.61969226943 -2.08330346941 -1.65359802990 -1.76059065946 -2.20070794717 -2.63290215741 -2.63996864611 -2.03447738611 -2.72055678953 -3.15479136717 -5.84215890229 -5.76604003721 -4.87583485738 -4.33599981737 -4.55964269875 -4.71280317682 -4.47871725881 -4.36089510388 -3.32191452240 -3.87467059877 -10.6136094436 -5.97824199993 -4.51990207992 -4.08661360677 -4.45729526312 -4.00928678840 -4.12904360181 -4.09785678917 -3.80936901091 -4.07337412528 -4.75426664698 -3.91159229886 -3.49499448293 -4.48821372153 -5.41751095433 -4.46617633830 -3.67597805742 -4.25065678472 -4.65473556295 -3.44178603298 -3.81419731026 -4.57300453156 -4.25092118249 -4.93894428066 -3.98136987396 -4.08574884718 -4.77300610428 -4.26816639615 -4.08042776342 -3.96477883443 -3.61337339480 -2.43943263685 -2.33915465066 -2.10683988259 -1.96211919211 -2.04749346482 -2.82628074155 -1.37186156214 -1.96298868752 -1.77455726474 -1.67943179936 -3.37065359183
