# Number of parameters = 205 Objective function value = -3574.62653385269  Maximum gradient component = 3.63582430310546e-005
# theta[1]:
-0.103090269302
# theta[2]:
9.13919716864
# theta[3]:
8.07275183647
# theta[4]:
8.36540598679
# theta[5]:
0.745429792333
# theta[6]:
4.00000000000
# log_rinit_devs:
 -0.169105080101 -0.0870086918246 0.0758668171689 0.0818208218578 0.0984261328992
# log_rbar_devs:
 1.16241792802 0.983579440054 0.767902482218 0.743591281143 0.574322382249 0.837248104845 0.467052718339 0.370763053040 0.327449589800 0.391380009665 0.335316120727 0.317888431042 0.403633934806 0.476072155319 0.656785150861 0.547936604483 0.616921449202 0.439762663663 0.626128949926 0.420818311136 0.413707377460 0.471298789444 0.393475879211 0.182150377643 0.260286744821 0.284243233695 0.169079430016 0.481939717839 0.0338697685039 -0.196746278385 -0.402713563573 -0.280589929872 -0.242801579648 -0.636759603938 -0.819340478542 -0.961605183261 -1.17528317932 -1.21801332899 -1.26900282961 -1.37485103081 -1.38557256064 -1.46761938982 -1.46685681053 -1.48131605424 -1.36941258103 -1.78709572867 -1.84338934972 -1.98096252171 -1.42496009612 0.00908035038210 1.60779893113 0.271563246232 -1.15797997144 -0.147365868937 1.47156942061 0.723699477286 -0.333966981179 0.517111892627 2.25270770240 0.425083780310 -1.35330517278 -0.303556236438 2.31746474613 -0.177794758419 -0.932283556220 -0.673832368203 0.784885027837 0.678468205871 1.73192333474 1.75928970060 0.292030365165 1.06092865855 1.39024034837 0.842480046140 2.27312716595 -0.0902945790594 0.423257716666 0.218517135264 0.171223879994 0.000341673384083 -0.398861344928 -0.470654466187 -1.34857281691 -1.74191301494 -0.684910885605 -2.54911963236 0.858201906373 -1.56097666043 0.239379096206 0.00908624943008 0.223798255651
# mat_params[1]:
 7.68285229406 10.6508584777
# mat_params[2]:
 5.51697638410 8.10023119879
# mat_params[3]:
 5.79011057134 8.24938088230
# log_m_devs:
 0.0261047195747 0.169405754050 -0.231858818632 0.0363483450068
# log_slx_pars[1]:
 1.60792066993 -0.247259272819
# log_slx_pars[2]:
 1.70044311035 -0.432739103906
# log_ft_pars:
 -1.75509614327 -1.80151537902 -2.20653805228 -2.03561732918 -1.70583593576 -1.55081849418 -1.61276780311 -2.00128359039 -1.59075313213 -2.32477997045 -2.41213126626 -6.08908922564 -4.78457630999 -5.80086042609 -3.70755360072 -2.76688913243 -2.42364827803 -1.97679458133 -1.85204463922 -2.77757966852 -2.88948731400 -2.93809386495 -3.15048062116 -2.58782546854 -2.88915771557 -3.50747640660 -2.90670287808 -2.21880728372 -2.17960720075 -1.62581255736 -1.13675632427 -1.16460430731 -1.54239798063 -1.94363555127 -1.91645373985 -1.24517734272 -1.88494733850 -2.32172997046 -5.04180477426 -5.00934529673 -4.15475125057 -3.64577947144 -3.90031842393 -4.07881382561 -3.86435810583 -3.77409048838 -2.74825486975 -3.32055865734 -10.0979633866 -5.45939632747 -3.98428446356 -3.58418711431 -3.92231721279 -3.40170734111 -3.54583423401 -3.56725638073 -3.27090068922 -3.48747889179 -4.19326283030 -3.39606092646 -2.94733939077 -3.86545382542 -4.84816037436 -3.97629861059 -3.16047635975 -3.64479500597 -4.05268800262 -2.89680296381 -3.28641646855 -4.05764260978 -3.73575456361 -4.38333754960 -3.41330795985 -3.53220313993 -4.26345365233 -3.79602716792 -3.58354249874 -3.37696300717 -2.89950885246 -2.42085431962 -2.48568547866 -2.26018338188 -2.07874723630 -2.13375123759 -2.93953320944 -1.58415963333 -1.92264341314 -1.67590985373 -1.55368600229 -3.14338101988
