# Number of parameters = 204 Objective function value = -3587.13408843747  Maximum gradient component = 0.00134575329638525
# theta[1]:
-0.171920912557
# theta[2]:
8.35866448763
# theta[3]:
7.68614422209
# theta[4]:
8.03358929925
# theta[5]:
0.437273240572
# theta[6]:
4.00000000000
# log_rinit_devs:
 -0.0520415506595 -0.0390945651496 0.0654331904613 0.0291421741967 -0.00343924884887
# log_rbar_devs:
 0.947230302067 0.771034063506 0.571081808217 0.620880585785 0.494081982673 0.816720154504 0.467525109925 0.410831552033 0.400821328329 0.483116370255 0.435547119283 0.430158815563 0.542136335997 0.631110136233 0.831049862782 0.709813137999 0.777355549465 0.582121734393 0.783449594074 0.560495410855 0.556094230090 0.622300149238 0.540705923822 0.316722337694 0.407341829471 0.437021080387 0.309266015264 0.654251451702 0.158566336950 -0.104431175548 -0.349187116232 -0.242539331794 -0.226515861164 -0.685015547447 -0.929532853609 -1.13107683803 -1.39307731433 -1.45472185466 -1.51888544334 -1.63963244348 -1.66307907589 -1.75829269240 -1.76335462744 -1.78361524914 -1.66542102292 -2.12416364859 -2.20478022246 -2.35586991629 -1.78859576698 -0.349855295841 1.20989680101 -0.111480839568 -1.54052131916 -0.520809508528 1.09068481657 0.352200944671 -0.705236350727 0.158925671143 1.87637083715 0.0595310018847 -1.69457738489 -0.630093316333 1.99258179675 -0.481345513494 -1.22430796087 -0.943996230108 0.521059602494 0.403370082830 1.45164213824 1.48008189385 0.0215818225513 0.802186929927 1.14665120796 0.626904797063 1.94028251813 -0.254276539052 0.383259249667 0.407171746886 0.637453363246 0.742563512258 0.400813188766 0.434169349295 -0.254285421691 -0.550744562330 0.445480145014 -1.47631284195 1.63975845774 -0.753558884890 0.921098688549 0.520342976721 0.338296122273
# mat_params[1]:
 7.38039225760 10.2405754534
# mat_params[2]:
 6.97359052152 9.96925128409
# mat_params[3]:
 8.78367833611 13.8374454977
# log_m_devs:
 0.0125370828265 0.144535684379 -0.157072767205
# log_slx_pars[1]:
 1.20254639636 -0.132157425952
# log_slx_pars[2]:
 1.59658056561 -0.327271410000
# log_ft_pars:
 -2.05343669420 -2.13803224377 -2.52033527402 -2.36728717307 -2.07093769005 -2.04347182954 -2.12791515272 -2.51960692550 -2.14441777868 -2.95943514917 -3.08445747919 -4.86094804452 -5.50256920184 -5.30031683807 -4.51603752786 -3.56531993277 -2.34494170688 -1.90122471003 -1.76836427425 -2.68861505943 -2.80595810656 -2.85380662310 -3.06679221505 -2.51275131258 -2.81344622904 -3.42696507942 -2.82828504982 -2.13217152533 -2.09697964579 -1.55362184270 -1.05076911156 -1.02508027223 -1.34386069640 -1.71792908289 -1.67262243066 -0.944899963239 -1.50833685769 -1.89978952724 -4.59949003550 -4.55924307379 -3.69127552740 -3.16438449643 -3.39299175282 -3.56092030813 -3.34704462441 -3.25277840360 -2.20425611471 -2.75561554407 -9.49897757761 -4.75837828593 -3.16014668665 -2.88210676953 -3.33824104352 -2.84851796185 -2.84629650671 -2.89971131058 -2.67826037828 -2.90772703911 -3.47188341564 -2.74327235389 -2.39042428695 -3.35779922904 -4.17755253572 -3.37492839977 -2.66419854829 -3.20782968073 -3.55760399453 -2.36367843079 -2.67636407453 -3.45933384603 -3.22255989888 -3.91517101684 -2.92407629934 -3.06311189094 -3.68608047103 -3.27418253104 -3.13546724477 -3.01658140904 -2.69016589114 -2.43289376471 -2.64251628028 -2.53404832948 -2.45421738567 -2.61391607098 -3.50253834533 -2.25298196372 -3.06212170522 -3.01499726135 -2.90931596038 -4.45516893254
