# Number of parameters = 201 Objective function value = -3666.58801670560  Maximum gradient component = 8.02439611942615e-005
# theta[1]:
-0.312984116628
# theta[2]:
7.74787587033
# theta[3]:
6.53996414610
# theta[4]:
7.11690851825
# theta[5]:
0.471283349080
# theta[6]:
4.00000000000
# log_rinit_devs:
 0.0236079185332 0.0211793251756 0.0921323079735 0.0306860095744 -0.167605561257
# log_rbar_devs:
 1.51946060869 1.32157093999 1.11490086421 1.12712621248 0.959956113618 1.19831702586 0.794332093301 0.679951872887 0.589006626523 0.613933070938 0.527363231935 0.479827148182 0.552492660368 0.595854703901 0.766682956507 0.699653795999 0.789418036422 0.599006464981 0.734975867563 0.502026636211 0.505477123054 0.580914502199 0.525749633876 0.330969235760 0.422426928780 0.486685242361 0.425669260237 0.795609794574 0.404155498711 0.215239354390 -0.0424189892954 -0.0356924890279 -0.0790119289590 -0.504958397874 -0.723469075583 -1.01463134681 -1.41951783737 -1.55825011970 -1.61808965861 -1.67397256685 -1.64486802733 -1.71100398479 -1.70382231876 -1.71914339270 -1.60299250440 -2.10443789446 -2.30993927454 -2.60758246664 -2.13903290277 -0.685222064430 0.737140313613 -0.520653285627 -1.96660654057 -0.939560622305 0.653673718224 -0.0758003883791 -1.11591509169 -0.247397380517 1.42996545078 -0.399666506069 -2.14921419275 -1.00021439166 1.65547135525 -0.795855272850 -1.49782249895 -1.17979149485 0.307462509024 0.170894870296 1.22510185783 1.26148600514 -0.165759994582 0.625035676778 1.01294262232 0.546787095780 1.85032762191 -0.189481554663 0.543102785762 0.686412575749 1.05576339604 1.34083763007 0.904497533507 0.847689858730 -0.0622255937685 -0.515653400648 0.467521647393 -1.58389805749 1.67133655481 -0.805572472844 0.977786290947 0.709362032921 0.569793073750
# mat_params[1]:
 7.02721693641 10.2470207539
# mat_params[2]:
 5.35580295295 8.04074087117
# log_m_devs:
 -0.0295932367349 0.0295932367349
# log_slx_pars[1]:
 1.22185251884 -0.600936954949
# log_slx_pars[2]:
 1.67308760456 -0.200515038790
# log_ft_pars:
 -1.65413181161 -1.71791188300 -2.09991709286 -1.92171835983 -1.59302079355 -1.45525511821 -1.50225351759 -1.84192138016 -1.39150796957 -2.12427098414 -2.21789219803 -2.37262417475 -4.56326979609 -1.67534802929 -3.43627024634 -2.52250970830 -2.17776095918 -1.70606335093 -1.54369735042 -2.45549514512 -2.56099345931 -2.62825637883 -2.86959623146 -2.30471166408 -2.61086380422 -3.27888495264 -2.72143712720 -2.08953375338 -2.07906331990 -1.48590807934 -0.930544524773 -0.904908667796 -1.24974421596 -1.60194141343 -1.49756262659 -0.693994718252 -1.16141335479 -1.50471636018 -4.23112695508 -4.25768992114 -3.45107128423 -2.97667544362 -3.27312999353 -3.46796036835 -3.25194782875 -3.14759787082 -2.01933084451 -2.48056701393 -8.41311304342 -3.53182700213 -1.56867192436 -1.33033687026 -1.94977149463 -1.63972847633 -1.51250049702 -1.48863471329 -1.28535568656 -1.63078594548 -2.07729181034 -1.29276276863 -1.00211738773 -2.18274860236 -2.93301252956 -2.07184107711 -1.45211114864 -2.22893037317 -2.67951963776 -1.38017451475 -1.46018403561 -2.20816559784 -2.06757742629 -2.91285816489 -1.99227986243 -2.14866423838 -2.68776868487 -2.33153854078 -2.30678000295 -2.36822393728 -2.15965068398 -1.97865448239 -2.03761212554 -1.84373534474 -1.69042164902 -1.75997649683 -2.55506009444 -1.16882720529 -1.79339361426 -1.60233517215 -1.43203113516 -3.01513498476
