# Number of parameters = 202 Objective function value = -3551.07041257751  Maximum gradient component = 0.000162372636444113
# theta[1]:
-0.169253389157
# theta[2]:
8.11623302348
# theta[3]:
7.39574773484
# theta[4]:
7.82185105438
# theta[5]:
0.381680718283
# theta[6]:
4.00000000000
# log_rinit_devs:
 -0.0325364466953 -0.0317883316792 0.0700236141698 0.0291180560558 -0.0348168918511
# log_rbar_devs:
 1.03910312581 0.852762158587 0.643817190550 0.701217867063 0.571398231547 0.908180646972 0.538929484373 0.479513668720 0.464666622979 0.546562940833 0.493391592910 0.484620387048 0.603824723153 0.698986612294 0.911255586601 0.787221728582 0.859663335327 0.654859829126 0.862637467733 0.628335050447 0.623474579411 0.692916466292 0.606831792583 0.372900660947 0.467015015154 0.499727426400 0.367129107757 0.732276395094 0.220209034133 -0.0517842709674 -0.314627678914 -0.216177225529 -0.206055220175 -0.689177320621 -0.960641339423 -1.19630149468 -1.49120340113 -1.56336685936 -1.62982253636 -1.75156553177 -1.77541990970 -1.87368147337 -1.87868638648 -1.90076924730 -1.77665316813 -2.26249898719 -2.36421444227 -2.53717778078 -1.99606717778 -0.538277704405 0.999602619663 -0.325213550553 -1.73122640280 -0.714240558182 0.870445831711 0.151213179422 -0.890402652055 -0.0279647603587 1.63531662862 -0.133065370563 -1.83685169303 -0.799711707995 1.76943112426 -0.633301775204 -1.36290896570 -1.06914492042 0.380680381416 0.268141423754 1.30506824790 1.33389929067 -0.0803303684898 0.704742577279 1.06984505809 0.606801752651 1.89835047785 -0.135288820479 0.579188373669 0.711978858305 1.08058328313 1.37992808624 0.960654561794 0.912475753608 -0.00345829316845 -0.456615637290 0.512290940069 -1.51226506099 1.76418782587 -0.685017954821 1.04176763562 0.707747994707 0.413407013705
# mat_params[1]:
 7.14423755442 10.0758821387
# mat_params[2]:
 6.66858011236 9.73176265652
# log_m_devs:
 -0.0556037142379 0.0315571152133 0.0240465990247
# log_slx_pars[1]:
 1.09819377832 -0.330465464268
# log_slx_pars[2]:
 1.55679811329 -0.354140933908
# log_ft_pars:
 -2.03686843666 -2.12052093448 -2.49795728900 -2.34495059444 -2.04752258313 -2.02505410303 -2.10551409002 -2.49097839189 -2.11150052052 -2.92612631977 -3.05163612163 -4.91443543739 -5.47471505419 -5.40902207827 -4.50212933419 -3.55441003168 -2.35248915456 -1.90812817374 -1.77217305092 -2.69301507387 -2.81106796963 -2.85775601328 -3.07155483191 -2.51671790927 -2.81332410860 -3.42528387617 -2.82695026476 -2.12837210186 -2.09485849767 -1.54680571332 -1.02708153625 -0.981476648987 -1.28444694434 -1.65067869360 -1.59283653401 -0.833223696392 -1.35885238983 -1.72708305776 -4.42081956761 -4.38473213000 -3.51743706474 -2.98794690402 -3.21343841644 -3.37957693899 -3.16576760422 -3.07037894933 -2.00624751420 -2.53750133383 -9.26467709167 -4.52613971693 -2.88929704473 -2.66188014873 -3.14856162941 -2.66670629668 -2.62312506966 -2.69233482349 -2.48457836452 -2.71783194000 -3.22740414050 -2.52241552219 -2.18212077416 -3.16826859131 -3.94525732164 -3.17433987620 -2.48069849184 -3.04454524684 -3.41715021820 -2.23452915489 -2.51300606011 -3.30015692209 -3.09437045074 -3.80604393730 -2.82828704523 -3.00159254076 -3.62133842416 -3.25483560522 -3.15999169622 -3.11152541778 -2.91042122283 -2.80735568153 -2.91454380839 -2.69311243814 -2.49410654934 -2.51170950054 -3.25240958741 -1.87570277088 -2.74659696913 -2.69769382815 -2.54273074703 -4.04173310423
