# Number of parameters = 205 Objective function value = -3540.55806413147  Maximum gradient component = 0.000294406817186616
# theta[1]:
-0.193559114452
# theta[2]:
8.18582663505
# theta[3]:
7.15524129496
# theta[4]:
7.58496005620
# theta[5]:
0.375035859502
# theta[6]:
4.00000000000
# log_rinit_devs:
 -0.0863136852738 -0.0671637786288 0.0725655976204 0.0578315705414 0.0230802957408
# log_rbar_devs:
 1.33132755643 1.13092973789 0.892193407411 0.945743178302 0.814243304492 1.19196815069 0.789012051171 0.719695780815 0.706073300303 0.776018296169 0.697655884972 0.655112634061 0.764790244626 0.848086118063 1.07534147137 0.942388283228 1.03831255961 0.813384533557 1.04368920891 0.777864513287 0.772677294802 0.852827176574 0.759788907398 0.500703414920 0.607500211774 0.650792723755 0.514084124845 0.945841503378 0.397440634441 0.131719155161 -0.132113962366 -0.00545105031168 0.0199208510641 -0.492387986364 -0.763776000456 -1.01069407362 -1.34472344824 -1.44176083364 -1.53177213630 -1.67922684388 -1.72055831896 -1.84430024209 -1.86586942645 -1.90359622644 -1.77303511484 -2.32275191028 -2.46901534827 -2.69501786824 -2.19142363747 -0.703557847307 0.811436733777 -0.519815760687 -1.89891792010 -0.887185478787 0.673544462842 -0.0328492473277 -1.06865539332 -0.203787090918 1.42243059589 -0.315285284605 -1.98031984432 -0.971422130654 1.56130260638 -0.788984319482 -1.51384666682 -1.20833433112 0.227823738050 0.117581874076 1.14044537168 1.16482705771 -0.226752821988 0.555507731153 0.922147065867 0.471903222889 1.74276272459 -0.253290296785 0.443476492878 0.582674297268 0.944798257814 1.22191142995 0.805445360415 0.743946478805 -0.166090627365 -0.632250312576 0.294495777827 -1.72121779620 1.46034361106 -0.922307311451 0.806769790654 0.560963922931 0.418680092077
# mat_params[1]:
 6.95856852950 9.96646935939
# mat_params[2]:
 6.37425705168 9.48936654246
# mat_params[3]:
 5.59902577805 8.16769397351
# log_m_devs:
 -0.0491036345667 0.0491036345667
# log_slx_pars[1]:
 0.772808049799 -3.50570491624
# log_slx_pars[2]:
 1.50140790146 -0.377570566986
# log_slx_pars[3]:
 1.67749980147 -0.392733359292
# log_ft_pars:
 -2.48505611511 -2.54120537557 -2.87762795774 -2.72687708506 -2.41817095975 -2.46849168578 -2.49017931057 -2.85849016234 -2.48169428229 -3.30411060993 -3.40235125617 -7.01808351556 -5.78904437328 -7.22372061795 -4.82282409928 -3.83901018741 -2.45634244616 -2.01057050734 -1.87844198792 -2.79514945654 -2.90582896177 -2.94702018052 -3.15924654189 -2.60028875400 -2.88664716332 -3.49587202298 -2.90237049830 -2.22610687972 -2.20838108248 -1.66529370249 -1.14713498914 -1.10997033521 -1.42806154659 -1.79910969605 -1.73117480255 -0.970244769515 -1.48582741737 -1.83264463421 -4.49720909394 -4.43708259872 -3.54649676110 -2.99392942039 -3.19839139159 -3.34237078315 -3.10892157867 -2.99642616897 -1.89955457790 -2.38316257142 -9.07628759984 -4.38988169923 -2.76218688283 -2.55231891355 -3.02258508196 -2.53128669443 -2.49567349649 -2.58282657773 -2.36031187972 -2.58489107684 -3.09127235854 -2.40046789774 -2.03282715837 -3.01455530455 -3.80710024112 -3.06564876487 -2.34690900748 -2.90481418763 -3.31639606160 -2.16175337128 -2.42223021893 -3.20952366068 -3.00507561372 -3.71161426267 -2.74410748263 -2.93545287588 -3.54474561041 -3.19261568527 -3.08796161958 -3.04424057846 -2.85891662232 -2.75297724782 -2.85244501276 -2.61708298468 -2.41243822182 -2.42589818858 -3.16445446581 -1.78218514941 -1.92315707557 -1.68408112465 -1.52521469432 -3.09183404768
