# Number of parameters = 202 Objective function value = -3529.99521701231  Maximum gradient component = 0.000536787429904754
# theta[1]:
-0.0957954747194
# theta[2]:
8.59602265747
# theta[3]:
8.28046463518
# theta[4]:
8.62731220133
# theta[5]:
0.486991350457
# theta[6]:
4.00000000000
# log_rinit_devs:
 -0.0382449034895 -0.0174555945536 0.0997328984201 -0.00991885714470 -0.0341135432323
# log_rbar_devs:
 0.700571666610 0.541158478177 0.346832241338 0.418997028439 0.292224528067 0.710662649027 0.374611725863 0.376531621183 0.451963298723 0.619734258969 0.612971818697 0.638955987389 0.779144281171 0.879184968066 1.10577466397 0.971190992138 1.02380432882 0.815822291293 1.04516684573 0.763447335405 0.736500852902 0.797060629549 0.692354849359 0.418043305592 0.509402237050 0.534956322269 0.391573632492 0.811049379991 0.273294044866 0.0417336363901 -0.156402366682 0.0431682723731 0.110234144868 -0.365154799254 -0.568529711873 -0.732239907323 -1.01143820035 -1.10235008319 -1.21293031252 -1.39180599487 -1.45260766939 -1.59747911093 -1.63839462379 -1.69168109506 -1.58755757431 -2.14060804829 -2.27533544213 -2.49795676423 -2.00847061680 -0.546587366826 1.03224173874 -0.308924057140 -1.68551443917 -0.681626654900 0.899057638070 0.183501015877 -0.857972875801 -0.00968862367429 1.66286412252 -0.0924121956762 -1.77796623070 -0.791793360223 1.74807242583 -0.637779017539 -1.38294783688 -1.10999122511 0.318182655814 0.221220949173 1.24265687460 1.26772607930 -0.146239657832 0.627701462919 0.963491808650 0.474989537076 1.74749700584 -0.364248446828 0.268042567612 0.314495471970 0.567241565671 0.697819315941 0.360315110928 0.396419040565 -0.296926876063 -0.611786796072 0.360711561352 -1.56526089392 1.52538701366 -0.874269258590 0.765516573422 0.366968828327 0.332635453287
# mat_params[1]:
 7.71775850428 10.1931072012
# mat_params[2]:
 7.42033718669 10.3876490253
# mat_params[3]:
 9.28383102083 14.0971803153
# log_m_devs:
 0.0432904721374 0.0926414996127 -0.135931971750
# log_slx_pars[1]:
 1.65081756219 -0.219808086430
# log_ft_pars:
 -1.08962539232 -1.19886493955 -1.66616225310 -1.55743208472 -1.27590737825 -1.20825774944 -1.35808950116 -1.84203341104 -1.52610963483 -2.37678871666 -2.56445468799 -1.66373087911 -5.03643490733 -1.24094260988 -4.02915719090 -3.16162556246 -2.86507942159 -2.39720339643 -2.25702116219 -3.15540387631 -3.23511271823 -3.25645398721 -3.44093335018 -2.85452727975 -3.13227751787 -3.72633381783 -3.10886290002 -2.44387142743 -2.41043615936 -1.87306196835 -1.40903209525 -1.45589858425 -1.84739254065 -2.24365946359 -2.20803192735 -1.53752391253 -2.14265407488 -2.52500154956 -5.17543591449 -5.07431866941 -4.15508830056 -3.58285206634 -3.77306710868 -3.89820760438 -3.64270592405 -3.50199862781 -2.41795537870 -2.91461742190 -9.60601401924 -4.97897157902 -3.46192107216 -3.11282360780 -3.54194151446 -3.09770084200 -3.14902607167 -3.15620104099 -2.90369695033 -3.16663881564 -3.76134049808 -2.96934229233 -2.59008435301 -3.60047968807 -4.45653413838 -3.56764880833 -2.81942786832 -3.41024621808 -3.81742829585 -2.61402669224 -2.93075135993 -3.69421781981 -3.42209979455 -4.12949079966 -3.17067336645 -3.30709792310 -3.95224706936 -3.50409500120 -3.36183623810 -3.29033488666 -3.00294921152 -2.77420529260 -2.94877120449 -2.82126359854 -2.73171452354 -2.88241788222 -3.77056513174 -2.49941699911 -3.34601458656 -3.24376443075 -3.10332220491 -4.64234011693
