# Number of parameters = 208 Objective function value = -3706.47605529375  Maximum gradient component = 0.000201594339665843
# theta[1]:
-0.141312468981
# theta[2]:
7.60963671370
# theta[3]:
7.83982002112
# theta[4]:
8.19879082707
# theta[5]:
1.16363469700
# theta[6]:
4.00000000000
# log_rinit_devs:
 0.151424496792 0.0961453864832 0.110447603915 -0.0688671481192 -0.289150339071
# log_rbar_devs:
 0.341273948073 0.191104161306 0.0246425888874 0.154115433124 0.0748866212114 0.500527462027 0.210652701810 0.252123189891 0.360098427376 0.540550453926 0.512541184483 0.433456076111 0.406038377760 0.483869844421 0.690406414752 0.778972932026 1.09599908422 0.883647999591 1.11268062739 0.875406179148 0.872620878050 0.949379357281 0.868335816871 0.626604250674 0.735102477285 0.781138939006 0.665838388068 1.06754773127 0.554483028140 0.308936322597 0.101981575764 0.299685322498 0.379133419673 -0.0683047758678 -0.253896917525 -0.387632619708 -0.613274463826 -0.640395153690 -0.684496817311 -0.806730805967 -0.811345316976 -0.920464739769 -0.930986916640 -0.953342753100 -0.858649805734 -1.46203633286 -1.69539207945 -2.04853769586 -1.76318232033 -0.357169051614 1.16072738398 -0.0901990777927 -1.50779372093 -0.504787192871 1.08294350968 0.354480152331 -0.701590254771 0.151919758012 1.87285896184 0.0460796328188 -1.71699648330 -0.670986366472 1.93812087526 -0.531002405882 -1.28945397290 -1.02750253885 0.419968597087 0.304432200561 1.32405062942 1.34948335382 -0.0925880051915 0.680761236830 1.01063464005 0.475440465432 1.88561369723 -0.434280877271 0.129938278971 -0.0140790092169 0.0340171020187 -0.0268933851335 -0.412715822805 -0.452993583350 -1.31565233350 -1.70858427968 -0.685592080891 -2.58638339161 0.695512506594 -1.77333721644 -0.0122580166011 -0.314714111509 0.0754584965526
# mat_params[1]:
 7.89494303302 10.6245217359
# mat_params[2]:
 8.02231719662 10.6980593530
# mat_params[3]:
 7.20509168809 10.3724491775
# mat_params[4]:
 5.41922377940 7.94717467237
# log_m_devs:
 -0.0619984429826 0.182759925754 0.120907208375 -0.268739309150 0.0270706180024
# log_slx_pars[1]:
 1.40113025892 0.0936573450605
# log_slx_pars[2]:
 1.66640734387 -0.286109434486
# log_ft_pars:
 -1.20696371347 -1.32798401532 -1.76134342184 -1.67393122055 -1.43063854673 -1.47797827113 -1.64133220189 -2.13207778685 -1.86444438490 -2.79095979415 -2.99845569530 -0.659852251217 -5.23195280493 -0.319489047946 -4.06271296475 -3.29242171831 -2.20270799275 -1.74018520934 -1.61557817617 -2.53596441515 -2.64760581518 -2.69626864858 -2.90873728592 -2.34526729756 -2.64722156283 -3.26728926983 -2.67400735673 -2.01774746460 -2.00025873960 -1.46919894227 -0.986678711025 -1.01003512742 -1.40594688249 -1.82541342391 -1.81398796880 -1.14812918086 -1.76744232907 -2.19756578417 -4.91210743140 -4.87600207714 -4.02037748656 -3.50652779652 -3.75209732398 -3.91978067503 -3.69105306527 -3.57398393244 -2.48454626193 -2.94736983116 -9.53047883043 -4.69511181740 -2.96138064189 -2.68070401032 -3.19559855513 -2.79327037858 -2.75648778763 -2.76782494169 -2.56801620335 -2.84682723050 -3.36124949834 -2.59807585066 -2.29453350281 -3.34078514196 -4.07083345086 -3.18790709331 -2.51160001773 -3.14690557021 -3.47927965623 -2.19843974616 -2.43351800445 -3.19341263117 -2.97300236801 -3.71172676693 -2.72943099388 -2.84640413549 -3.46523325783 -3.06196588342 -2.95533883559 -2.85087387250 -2.41046754431 -1.96112246061 -2.05313310137 -1.88980708636 -1.77313190280 -1.88402907714 -2.72837633906 -1.37254490864 -2.03861947738 -1.74823224153 -1.51055790997 -3.02468755471
