# Number of parameters = 93 Objective function value = -272.225876821620  Maximum gradient component = 3.16025009116776e-006
# theta[1]:
-0.666920924204
# theta[2]:
3.74057608667
# theta[3]:
5.65361826193
# theta[4]:
5.88093097648
# theta[5]:
1.01891730852
# theta[6]:
4.00000000000
# log_rinit_devs:
 2.85562506280 1.75400691251 0.0120282309639 -2.22834523867 -2.39331496761
# log_rbar_devs:
 -0.324367781781 -1.55181271706 -0.610209280853 0.891142575539 0.0959824364109 -1.18508195039 -0.166281271364 1.67890325998 -0.347777466522 -1.86386193906 -1.05128900719 1.80934934855 -0.649285396795 -1.52451235165 -1.09993841912 0.339051045064 0.0719786246800 0.840200724992 0.763826316268 -0.801467785980 0.171732923058 0.433613904907 0.0843066444193 1.29343094951 -0.513742086499 0.0675617772546 0.304280995086 0.647854984373 0.849760300989 0.605502214366 0.583768456329 -0.372436475833 -0.757870576136 0.172816708181 -1.68717752645 1.25767286997 -0.829186857499 0.949084692058 1.19446057857 0.230016559630
# mat_params[1]:
 3.67000000000 4.48000000000
# log_m_devs:
 0.195063624274 -0.195063624274
# log_slx_pars[1]:
 1.51175104983 -0.284460838057
# log_ft_pars:
 -1.44255362665 -1.93095785128 -1.50057147414 -1.42336494882 -1.46925342996 -1.20651589175 -1.39568315970 -1.92801801832 -1.24159211080 -0.877829258789 -1.82994336624 -2.68174860906 -1.96903327578 -1.28781835571 -1.87824892421 -2.29371640328 -1.04855423756 -1.03022253966 -1.63396548044 -1.35010466165 -2.22899089615 -1.36106776560 -1.59152973332 -2.16529658912 -1.88454980809 -1.89086309222 -1.97486956868 -1.82052669277 -1.65902281954 -1.73298350867 -1.54502686080 -1.41720867646 -1.52133870920 -2.38354476444 -1.03460622478 -1.58165707824 -1.42728180617 -1.27396852651 -3.01716772339
