# Number of parameters = 207 Objective function value = -3555.63193425813  Maximum gradient component = 6.11857382106639e-005
# theta[1]:
-0.0441522577892
# theta[2]:
9.03684959993
# theta[3]:
8.57421518920
# theta[4]:
8.86220242210
# theta[5]:
0.746010041798
# theta[6]:
4.00000000000
# log_rinit_devs:
 -0.112311879935 -0.0607469687490 0.0916399427586 0.0441979721342 0.0372209337913
# log_rbar_devs:
 0.717374934071 0.547823249306 0.339148541966 0.396041713918 0.258814800859 0.637770792271 0.279706753056 0.243907815094 0.268427300723 0.398919915674 0.364208571633 0.352746347967 0.462278188999 0.576858427500 0.854967100422 0.823102798139 1.02631788192 0.807727373856 1.02260273428 0.752446658603 0.724283396483 0.780011847151 0.675613852466 0.405119970249 0.489030307277 0.511967794329 0.376243354365 0.782087731763 0.275166956878 0.0657469660866 -0.107781063662 0.106797818407 0.191281102471 -0.250081363386 -0.423365937852 -0.559332662189 -0.815604479261 -0.894540884415 -0.994188584178 -1.16346859912 -1.21319134843 -1.35042157307 -1.38602441348 -1.43453830253 -1.33080057772 -1.87162253304 -1.99713826279 -2.21858980243 -1.73741105150 -0.260386689616 1.34919150344 -0.0168574680256 -1.39328672747 -0.393061755017 1.19912148961 0.471849480034 -0.572651764093 0.268729282601 1.96013268820 0.190363783708 -1.50777162522 -0.536581238658 2.01180247642 -0.394385505439 -1.14726828816 -0.886703245367 0.538952150303 0.447379153774 1.47681154510 1.50053451623 0.0746249150430 0.840751775611 1.16335677544 0.648773343661 2.00527596355 -0.253601866645 0.273165256851 0.145921905866 0.201568402571 0.148481719291 -0.251590695460 -0.319144304200 -1.21656834567 -1.61896780318 -0.580429504023 -2.44771052049 0.922025358479 -1.44444614274 0.319945970065 0.0731934454059 0.243019029099
# mat_params[1]:
 7.87022073209 10.7393764291
# mat_params[2]:
 6.14008750244 8.80681159956
# mat_params[3]:
 6.35137558950 8.90944208085
# log_m_devs:
 -0.0339393893170 0.108933344569 -0.136241094449 0.0612471391971
# log_slx_pars[1]:
 1.65635546534 -0.224578383114
# log_slx_pars[2]:
 1.80045093360 -0.171032724408
# log_slx_pars[3]:
 1.74131583215 -0.439381372672
# log_ft_pars:
 -1.54288056595 -1.62360040968 -2.06950100134 -1.94311424639 -1.65305404533 -1.55600820415 -1.67903939816 -2.13401060262 -1.78528821284 -2.58494543950 -2.72189121054 -2.77484140796 -5.14142393759 -1.98408643602 -4.10210224573 -3.23688837897 -2.99114786409 -2.51080956224 -2.37608368368 -3.27633351320 -3.35270229683 -3.37312729946 -3.55677644724 -2.96562110593 -3.24217478712 -3.83691556884 -3.21898461024 -2.56153878619 -2.52924444081 -1.99196438252 -1.53947539284 -1.62038212492 -2.04772220588 -2.46163825904 -2.43709669691 -1.79084280571 -2.42583392582 -2.82767829021 -5.48984277185 -5.39669753449 -4.48851139848 -3.92868118291 -4.13692699506 -4.27033916041 -4.01595379420 -3.87993873837 -2.80727282671 -3.30872810277 -10.0107363703 -5.43980566528 -3.99240457738 -3.60677816002 -3.99471851517 -3.52346574542 -3.61690914635 -3.61907751980 -3.34656439538 -3.59512695556 -4.23592794447 -3.42921032610 -3.02202241412 -3.99955279073 -4.89633432053 -3.99313911417 -3.21464003676 -3.76914476338 -4.17494158153 -2.98698795930 -3.34423443885 -4.10800979312 -3.80763399670 -4.49137978160 -3.52745847141 -3.65019812018 -4.34223930106 -3.87592495437 -3.69747328957 -3.55060244868 -3.12806964654 -2.24143061999 -2.23792765295 -2.01830064862 -1.86684412238 -1.95942483286 -2.78525156132 -1.39982037550 -2.06180567870 -1.83678796026 -1.73108420114 -3.35433474910
