# Number of parameters = 202 Objective function value = -3454.01858579181  Maximum gradient component = 6.01149476216607e-005
# theta[1]:
-0.666354293591
# theta[2]:
6.70925469803
# theta[3]:
5.62989840189
# theta[4]:
6.16295976845
# theta[5]:
0.674798476170
# theta[6]:
4.00000000000
# log_rinit_devs:
 0.212770573278 0.122922337008 0.122284553547 0.0312116003939 -0.489189064227
# log_rbar_devs:
 1.64772475966 1.45926765550 1.24680817697 1.25379916777 1.14112805113 1.28791952999 0.908068381779 0.719888602170 0.616395310986 0.439970161189 0.310957831740 0.200642959673 0.348542290693 0.485162386768 0.727827881958 0.744378406129 0.855429235508 0.747077593106 0.807886826915 0.509109269549 0.508712605024 0.569513376608 0.541709897795 0.438755193810 0.493673295191 0.550784088920 0.563023466266 0.901206341576 0.627718903518 0.557116944267 0.405620505123 0.308671773669 0.128585148985 -0.286893105941 -0.450271463713 -0.621726470712 -1.24224787151 -1.58068436020 -1.86379671719 -1.86392231660 -1.79431993839 -1.80555256695 -1.79578280442 -1.79659785691 -1.66307514976 -2.02541379855 -2.20940860836 -2.66991976888 -2.36639157498 -0.800199963110 0.695068896278 -0.474859258443 -1.89394045523 -0.877982780445 0.658126833320 -0.0359191113684 -1.02616912792 -0.196640341554 1.41516562320 -0.275232280708 -2.04575258127 -1.03229346817 1.48797391273 -0.810630743043 -1.46843340877 -1.23860372381 0.224912446494 0.126984686304 1.12694585545 1.14220189582 -0.242284290939 0.488109253549 0.908716477348 0.425303167415 1.67782345562 -0.283596518531 0.438614453737 0.594255386597 0.972603597907 1.25744043336 0.860954137721 0.819385993147 -0.0405447456070 -0.494460368235 0.423713663006 -1.53543330799 1.46887511661 -1.00974075853 0.661362265540 0.360078540953 0.531029494716
# mat_params[1]:
 6.07815059944 9.53710633349
# mat_params[2]:
 3.91753829895 5.73573426471
# mat_params[3]:
 3.70222563194 5.48598693171
# log_m_devs:
 -0.00536671289634 0.00489624593888 0.000470466957459
# log_slx_pars[1]:
 0.606857289197 -3.12759266182
# log_ft_pars:
 -1.46832956347 -1.48448549814 -1.84100492267 -1.68511362624 -1.35881096893 -1.22404035257 -1.16710105543 -1.45638318596 -0.955589389138 -1.60998509653 -1.64323396617 -4.85335556522 -4.10295623267 -4.63341760966 -3.19993677044 -2.27539947221 -1.94103253347 -1.44928669305 -1.26986664292 -2.12231876320 -2.23989100734 -2.33114210356 -2.58294134777 -2.03083863184 -2.37652410070 -3.08097230939 -2.55228860607 -1.97143408540 -1.91570788588 -1.34650197845 -0.821258876061 -0.797868296890 -1.08859552515 -1.35636798462 -1.25127608524 -0.432247577613 -0.774438632195 -1.00131827313 -3.68733855542 -3.76058067151 -3.00427994045 -2.56034532511 -2.89072417924 -3.11560265501 -2.93658462761 -2.80549261018 -1.71671296512 -2.14709443726 -8.90759931233 -4.58352905153 -3.13086994767 -2.34150767792 -2.35209121160 -1.95250695011 -2.57469507928 -2.41338778136 -1.83838882728 -2.18789116516 -3.28466623153 -2.16277986180 -1.31481209599 -2.30491687570 -3.96637735487 -2.79568674142 -1.68234621086 -2.19484608690 -3.16129110484 -2.05544492812 -2.52463795457 -3.20367470121 -2.65234278949 -3.33411473017 -2.56466178361 -2.66493205858 -3.56300543570 -2.86638983529 -2.67146341785 -2.74683671551 -2.71335510937 -2.67299104171 -2.63929923082 -2.35453588664 -2.05037834272 -1.98042554826 -2.91574881197 -1.42221821007 -2.78006890561 -2.24873236327 -1.99321582103 -3.50532811704
