# Number of parameters = 202 Objective function value = -3566.46892756200  Maximum gradient component = 0.000357134321861871
# theta[1]:
-0.0839870417703
# theta[2]:
9.25761222775
# theta[3]:
8.19044993172
# theta[4]:
8.47167663945
# theta[5]:
0.812323537075
# theta[6]:
4.00000000000
# log_rinit_devs:
 -0.178818037291 -0.0943263303209 0.0746553702546 0.0827878612849 0.115701136073
# log_rbar_devs:
 1.15835190915 0.978043424506 0.759055462635 0.734875320097 0.565111116268 0.835470090199 0.463006178001 0.367928904521 0.328000552198 0.394696202274 0.338569732648 0.319923019651 0.404966695569 0.476470709648 0.658458850008 0.547061100040 0.618074012635 0.440784589715 0.633285709142 0.426318692508 0.419462793306 0.478309494376 0.400056861350 0.185709583891 0.265577162454 0.289691376839 0.172928618548 0.491231004593 0.0383209446818 -0.189650411822 -0.387962721838 -0.252156070076 -0.206326264831 -0.599851673147 -0.775652265166 -0.909398869207 -1.11913647177 -1.16100318814 -1.21393431209 -1.32397958065 -1.33636130214 -1.42132136933 -1.42190104238 -1.43754531001 -1.32608136933 -1.74981886096 -1.80681586361 -1.94529126709 -1.39150220611 0.0395421403234 1.64315665417 0.301895369498 -1.12531989239 -0.117561114022 1.49987754358 0.751243697805 -0.306718753963 0.541034025925 2.27910437326 0.450593081347 -1.32539646809 -0.282193541054 2.33874411586 -0.157189777286 -0.913231622001 -0.657714168482 0.798327390680 0.693809618713 1.74586035421 1.77451615823 0.308724822158 1.07895538457 1.40686317104 0.860852819864 2.29825697889 -0.0694818849421 0.442846321477 0.234982475718 0.189318796791 0.0284342932735 -0.377307355294 -0.459520298423 -1.36938125400 -1.79297497625 -0.809448645103 -2.74755218609 0.445125838267 -1.82302054887 -0.0113942591271 -0.182897471419 0.162189099429
# mat_params[1]:
 7.76312062239 10.6881010917
# mat_params[2]:
 5.58424356383 8.16884659641
# mat_params[3]:
 5.92862390357 8.82363912754
# log_m_devs:
 0.0328977232772 0.170100456481 -0.202998179759
# log_slx_pars[1]:
 1.63136431748 -0.244847944587
# log_ft_pars:
 -1.74483526942 -1.79018026844 -2.19599949963 -2.02624190208 -1.69615287094 -1.54129905502 -1.60411290283 -1.99528393258 -1.58758805906 -2.32210224270 -2.40890332775 -6.08764950614 -4.77948022542 -5.77391723894 -3.69930941735 -2.75826692310 -2.41652398524 -1.97172796735 -1.84985833281 -2.77660489746 -2.88921522823 -2.93833447905 -3.15004973225 -2.58757532369 -2.88954173960 -3.50668280392 -2.90457391689 -2.21780804632 -2.17962299036 -1.63051582125 -1.14964658489 -1.18453545637 -1.56827226290 -1.97451856024 -1.95440501587 -1.29369193755 -1.94072680060 -2.37940600425 -5.09697424645 -5.06030936037 -4.20247120829 -3.69076798205 -3.94173348482 -4.11828296642 -3.90288218335 -3.81050225459 -2.78449335678 -3.35618317019 -10.1285695476 -5.48056760584 -4.00219166522 -3.60156448299 -3.95303798192 -3.44413120430 -3.57183789500 -3.58423306488 -3.29461288808 -3.51835713528 -4.21163312572 -3.40899138640 -2.97334916267 -3.90486117299 -4.86606795168 -3.98259532846 -3.17944216801 -3.68025954631 -4.07536512512 -2.90390760374 -3.28904516729 -4.05943357789 -3.74211573071 -4.39906662144 -3.42807116833 -3.54358679711 -4.27568589169 -3.80818067991 -3.60555877759 -3.40722890965 -2.92413433371 -2.44181979557 -2.49551645027 -2.26510400146 -2.07784829048 -2.12279066886 -2.90447769823 -1.50893514250 -2.24126536684 -2.14417407937 -2.06064002314 -3.70646531323
