# Number of parameters = 204 Objective function value = -3703.99426387928  Maximum gradient component = 0.000796515448514065
# theta[1]:
-0.332933471316
# theta[2]:
7.40268469060
# theta[3]:
7.07019400808
# theta[4]:
7.45933030386
# theta[5]:
0.837898965714
# theta[6]:
4.00000000000
# log_rinit_devs:
 0.169688308666 0.128623667620 0.121915252572 -0.0500286704123 -0.370198558445
# log_rbar_devs:
 0.836990264153 0.669839527826 0.501544676976 0.566660418362 0.435766044979 0.736371952745 0.404267842089 0.378253929672 0.408741222913 0.546144033772 0.506446469733 0.438268883793 0.469267116947 0.519938553855 0.746284458803 0.790051563152 1.00979568143 0.817009732503 0.984653331969 0.753069691038 0.740373715808 0.800581781052 0.720845681047 0.498798320355 0.578091636243 0.616989262683 0.522544085286 0.881785009589 0.451472742031 0.240162924051 0.00604597974877 0.0893621243453 0.104295490213 -0.308413141891 -0.504729109357 -0.701685126286 -0.989753462923 -1.06192257856 -1.11597429210 -1.21369085849 -1.21631756771 -1.31193442440 -1.32695007926 -1.36339826950 -1.27858136621 -1.82030634972 -2.02451601262 -2.31284092534 -1.87772291439 -0.446861840244 1.03748093497 -0.226974210691 -1.67187268513 -0.647792962173 0.960809894502 0.227300242572 -0.823322548114 0.0399663841284 1.75255040637 -0.0831905348159 -1.84748289282 -0.740430411782 1.90738028309 -0.578176777951 -1.30928122041 -1.02297503294 0.451143861672 0.316396117896 1.36067954246 1.39196319633 -0.0596197159954 0.722678575881 1.07882500391 0.563300922173 1.94709427735 -0.273638229759 0.369286363456 0.312834931638 0.440190164450 0.444270393141 0.0178674460398 -0.0404054757766 -0.901301136724 -1.31551650644 -0.329579429513 -2.27522488688 0.914996052738 -1.30999739449 0.578906888126 0.468905924917 0.256838414407
# mat_params[1]:
 7.54057735974 10.5777628975
# mat_params[2]:
 6.20638997539 9.15338779402
# mat_params[3]:
 5.12078663907 7.63896405906
# log_m_devs:
 -0.0188081063122 0.184388582926 -0.165580476614
# log_slx_pars[1]:
 1.35225485503 -0.380466620608
# log_slx_pars[2]:
 1.69150144244 -0.236897880406
# log_ft_pars:
 -1.17542458342 -1.26345269082 -1.69382735793 -1.56810924009 -1.28196887934 -1.19006024710 -1.30368700977 -1.73755745450 -1.38838052099 -2.23689740578 -2.43020547368 -0.880018333467 -4.71125149904 -0.741182957671 -3.57030382739 -2.76994414841 -2.55832168027 -2.07975883076 -1.93730746433 -2.84926371506 -2.93838381462 -2.98256394797 -3.19740503245 -2.61406769355 -2.90162966981 -3.53695957931 -2.95107011449 -2.30690363649 -2.27951555720 -1.68995663998 -1.16032447320 -1.18743904121 -1.58502754683 -1.96530780142 -1.88507200440 -1.16188739114 -1.74610389468 -2.15404063468 -4.87378111085 -4.85458306770 -4.01077658471 -3.50691091841 -3.77710010559 -3.94318490849 -3.69693755195 -3.56537767499 -2.44142318548 -2.89271460284 -8.81211036710 -3.94017567240 -2.10126194061 -1.84502790609 -2.42409594397 -2.08407249093 -1.99522731847 -1.97874797310 -1.78502398209 -2.10973228982 -2.58308877351 -1.80331259434 -1.52237379794 -2.65605145229 -3.38576369651 -2.49436179496 -1.85256575718 -2.57803605914 -2.96261817715 -1.64612180280 -1.78946595236 -2.54198038467 -2.36256810442 -3.16014856512 -2.20716081788 -2.32983794735 -2.90025444263 -2.51896574196 -2.45725170283 -2.43947711376 -2.08851590737 -1.71093863583 -1.80132213056 -1.64528681813 -1.53250809615 -1.64522420122 -2.49584656550 -1.12536317666 -1.66835597184 -1.52240561778 -1.45991236393 -3.20416652732
