# Number of parameters = 208 Objective function value = -3705.69060525329  Maximum gradient component = 0.000283367625507937
# theta[1]:
-0.317750734705
# theta[2]:
7.28549140203
# theta[3]:
6.78294058346
# theta[4]:
7.24891744471
# theta[5]:
0.571885516476
# theta[6]:
4.00000000000
# log_rinit_devs:
 0.183895228509 0.126557604556 0.114118240792 -0.0362162834116 -0.388354790445
# log_rbar_devs:
 0.997350329327 0.825904591167 0.659386952423 0.714904019168 0.584071141906 0.845440457320 0.507130848648 0.459452150559 0.454834871804 0.564189563732 0.524981036242 0.446069294370 0.468451277205 0.491496117697 0.667484726373 0.693069992655 0.873945225118 0.690382003194 0.831275205671 0.610112703157 0.604123418636 0.666644028968 0.600784107317 0.401260374624 0.479740983156 0.526587172459 0.450394918741 0.791257730003 0.396823612889 0.197632832265 -0.0515077199285 -0.0280693190248 -0.0554508018992 -0.463665805208 -0.673903320691 -0.922216695821 -1.26195031875 -1.36470912343 -1.41813189494 -1.48976704429 -1.47669707138 -1.55257623636 -1.55536335645 -1.57809347315 -1.48216901676 -1.98500879066 -2.18176230623 -2.45636060967 -1.95900548146 -0.517763965363 0.940489002947 -0.320740287358 -1.78468222844 -0.752933516909 0.866165086543 0.122649843963 -0.931448971135 -0.0577820944829 1.66287581889 -0.196917920581 -1.97709570980 -0.824136242283 1.86495288337 -0.645187366670 -1.36228105517 -1.05979543449 0.437677893179 0.291775963279 1.35258036158 1.38550141944 -0.0829511341359 0.702340128907 1.06840429644 0.546243172304 1.88167278121 -0.315787528551 0.354225607171 0.389022716190 0.629708652454 0.744478857313 0.348179794253 0.333154868400 -0.431809062031 -0.758668362724 0.303552589834 -1.55153679435 1.75612263351 -0.676220316652 1.06035082222 0.705524416516 0.431315080533
# mat_params[1]:
 7.26265876087 10.4391417463
# mat_params[2]:
 5.66281333466 8.37697645552
# mat_params[3]:
 5.69417423732 8.52904749826
# log_m_devs:
 -0.102040824056 0.0596073759884 0.105972150342 -0.201602353540 0.138063651266
# log_slx_pars[1]:
 1.26717718719 -0.508988517697
# log_slx_pars[2]:
 1.67698124703 -0.229366077271
# log_slx_pars[3]:
 1.71026189139 -0.305134677254
# log_ft_pars:
 -1.28450774123 -1.36325220503 -1.78089764111 -1.64759017405 -1.35765292735 -1.25265133661 -1.34628427040 -1.75468709226 -1.38250246117 -2.20657387208 -2.38354133809 -0.967370140808 -4.64427090671 -0.815921120149 -3.46537284247 -2.63813015086 -2.39049967444 -1.91461812078 -1.76073585567 -2.67360498541 -2.77052004378 -2.82536878927 -3.05241070271 -2.47884514850 -2.77624072963 -3.42705939108 -2.85354409288 -2.20681789725 -2.18348319747 -1.58858033661 -1.04452422306 -1.04058150950 -1.40213602857 -1.76209213881 -1.66562199990 -0.898980459559 -1.42846942725 -1.81029906825 -4.53796711274 -4.54390899463 -3.72074416484 -3.23442172408 -3.52074823444 -3.70361606137 -3.47308280548 -3.35794653497 -2.23714746854 -2.70375175907 -8.62481455054 -3.73901174996 -1.85668501686 -1.60734045707 -2.19332906538 -1.84965484168 -1.74541946685 -1.73430945362 -1.53842495509 -1.86205127456 -2.33541860520 -1.56421578791 -1.27883082093 -2.41588373944 -3.16705036108 -2.30605850987 -1.67845459338 -2.40794588096 -2.80825645300 -1.50535001222 -1.63648209184 -2.38981767167 -2.22313084624 -3.02877418531 -2.08035300931 -2.20513277663 -2.74796332723 -2.36388502443 -2.29856496773 -2.28827400997 -1.97448124272 -1.66176826041 -1.79800201940 -1.67904319277 -1.60075011239 -1.75639230831 -2.65973892727 -1.36730697235 -1.91879844172 -1.63027031495 -1.42323543883 -2.99390643430
