# Number of parameters = 200 Objective function value = -3544.94690444745  Maximum gradient component = 0.000224874429816860
# theta[1]:
-0.0630274367014
# theta[2]:
9.07256375934
# theta[3]:
8.55956150178
# theta[4]:
8.82685850254
# theta[5]:
0.904293815003
# theta[6]:
4.00000000000
# log_rinit_devs:
 -0.122320903438 -0.0672766538625 0.0912629848832 0.0472011815826 0.0511333908347
# log_rbar_devs:
 0.758588938493 0.585250277753 0.370969746198 0.419580881161 0.275751276242 0.650128035798 0.284687885129 0.242988621276 0.264852678028 0.395451510088 0.363422587874 0.355598553383 0.469115727892 0.586311785550 0.865684049770 0.831956085966 1.03386620044 0.815288914115 1.03322258687 0.765289087277 0.740669361958 0.800494344718 0.700315317293 0.433183140146 0.522711912806 0.550659909018 0.418440699294 0.830314172649 0.321564660337 0.112300587437 -0.0597117141131 0.159848420499 0.246836157989 -0.195733222604 -0.368072356200 -0.501989640846 -0.755886275976 -0.832132775850 -0.929640038657 -1.09778049995 -1.14546391843 -1.28148939572 -1.31540967316 -1.36250966623 -1.25797290110 -1.79977412374 -1.92412323745 -2.14330621892 -1.66135586235 -0.186155144613 1.42594140269 0.0545850740997 -1.32169853104 -0.323367745687 1.26864341158 0.539550369969 -0.505746487890 0.332000973316 2.02631404232 0.251883325037 -1.44569741533 -0.480467400383 2.07072902378 -0.340198410745 -1.09455988268 -0.837019404756 0.587630676000 0.496570409258 1.52593846093 1.55029835159 0.124511999683 0.892173726550 1.21500849567 0.698821006818 2.07687247218 -0.194464852763 0.316899578346 0.154649789003 0.157838581953 0.0468756302594 -0.354300427600 -0.441349122030 -1.39462741065 -1.84630878293 -0.895350615078 -2.84433717162 0.305608973377 -1.92266474065 -0.132996240670 -0.286028278408 0.154999698965
# mat_params[1]:
 7.87290282691 10.7063270854
# mat_params[2]:
 6.00279019926 8.74260994675
# log_m_devs:
 -0.00139774772896 0.138220710478 -0.136822962749
# log_slx_pars[1]:
 1.67543206055 -0.225533743013
# log_ft_pars:
 -1.47761708829 -1.55209299908 -1.99547511634 -1.86774348796 -1.57236204487 -1.46533473656 -1.57994911343 -2.03012184532 -1.67755884359 -2.47128220717 -2.60556787746 -2.98312992093 -5.03305637193 -2.02513813567 -3.99757445461 -3.13148014019 -2.88525659785 -2.40621878891 -2.27168621999 -3.17256853158 -3.25206216962 -3.27593296552 -3.46252961818 -2.87578307326 -3.15708074040 -3.75567095345 -3.14168206456 -2.48824640885 -2.45955900946 -1.92829498951 -1.48116374301 -1.56108700732 -1.98665762104 -2.40211807442 -2.38252003055 -1.74032603323 -2.37559729411 -2.77883586905 -5.44251252051 -5.35091842155 -4.44438768563 -3.88608772345 -4.09423368946 -4.22938026612 -3.97744115104 -3.84249470895 -2.77163625532 -3.27612675263 -9.97597647345 -5.39169267256 -3.93567872095 -3.55404425482 -3.95785490487 -3.50044275069 -3.57489903223 -3.56815001428 -3.30205229834 -3.55822884124 -4.18320789445 -3.37260581424 -2.97823999072 -3.97098390776 -4.84348043411 -3.92941648042 -3.16233649274 -3.73549843552 -4.13005654142 -2.92335660838 -3.26946411077 -4.03289249042 -3.73959610961 -4.43366458787 -3.46959295546 -3.58928025597 -4.28285447289 -3.82189246461 -3.65343759795 -3.51116392241 -3.06591993815 -2.61980924378 -2.64235472470 -2.39583874052 -2.19781376067 -2.23428308875 -2.99676991660 -1.56881587401 -2.26181650664 -2.11952670072 -2.02473737830 -3.67620002777
