# Number of parameters = 207 Objective function value = -3685.40128758384  Maximum gradient component = 7.83150838129879e-005
# theta[1]:
-0.283450610378
# theta[2]:
7.44290764230
# theta[3]:
6.51962317922
# theta[4]:
7.07870125592
# theta[5]:
0.458909966167
# theta[6]:
4.00000000000
# log_rinit_devs:
 0.0446561453570 0.00995751140808 0.0794724413486 0.0288080485797 -0.162894146693
# log_rbar_devs:
 1.33609492439 1.13956839759 0.913789552174 0.953065151712 0.826974553634 1.08719142973 0.704609326033 0.588193273057 0.542051144191 0.524155184590 0.441085690220 0.384866961492 0.506395581107 0.623018512184 0.866324189393 0.811692902759 0.884472553869 0.685184140892 0.822898602998 0.599683074692 0.603087078804 0.677745264750 0.620348397824 0.423509048662 0.517644343705 0.581439827185 0.511658280351 0.873046672708 0.473192817261 0.266761726838 -0.00484222833660 0.00157410531008 -0.0360146631660 -0.463882214000 -0.706051202395 -1.02307518946 -1.41966647539 -1.55323251910 -1.60405532431 -1.66575191707 -1.64545443305 -1.71725225831 -1.71332207270 -1.73166632719 -1.61947688937 -2.12378425415 -2.33527329256 -2.63211739245 -2.16810387964 -0.715455668323 0.708826586592 -0.543894104667 -1.99536038928 -0.965570846439 0.631290706517 -0.101214248073 -1.14451731869 -0.272590999569 1.41409429083 -0.425487008763 -2.19092194327 -1.02400405832 1.64093598584 -0.817420203965 -1.52035073967 -1.20064925436 0.289724531042 0.151166192259 1.20664147466 1.24100422878 -0.192296855441 0.595256859329 0.978911352437 0.501385905188 1.80046320754 -0.271788065376 0.442289767515 0.583361557358 0.977189577412 1.32475767340 0.894638084234 0.851294627506 -0.0264705778135 -0.447125883098 0.569341756905 -1.43791957444 1.84971757683 -0.618023228652 1.17489154526 0.903188698827 0.552388604466
# mat_params[1]:
 6.84952976166 9.97459370057
# mat_params[2]:
 7.03498186880 10.3713562640
# mat_params[3]:
 5.32622386786 8.09079016102
# mat_params[4]:
 5.35497795931 7.78781122423
# log_m_devs:
 -0.0722114855924 0.0722114855924
# log_slx_pars[1]:
 0.234690099099 -3.26358843467
# log_slx_pars[2]:
 1.28197360559 -0.652215276055
# log_slx_pars[3]:
 1.66912215719 -0.204346296170
# log_ft_pars:
 -1.88521412958 -1.92031720116 -2.26295234015 -2.11032077531 -1.79097851363 -1.75845884869 -1.75158594983 -2.09505148893 -1.67822013785 -2.45173833536 -2.53987075521 -5.68884189883 -4.95992065554 -5.71616111304 -4.03219750432 -3.08767143064 -2.18197382107 -1.71939732925 -1.55148117471 -2.46851039361 -2.57674040166 -2.63785177610 -2.87896483507 -2.32316632092 -2.62503687432 -3.28436595395 -2.72683982612 -2.07157558206 -2.07361676246 -1.49171124451 -0.939268292744 -0.895612005049 -1.21901252809 -1.57924584635 -1.47781080621 -0.663906372792 -1.11757363851 -1.44802211718 -4.16467641838 -4.18799063796 -3.37364167069 -2.89287530194 -3.17685547581 -3.36736961407 -3.15025252992 -3.06054162254 -1.92885286506 -2.39114093207 -8.40479777499 -3.51739268750 -1.54194850877 -1.30819242600 -1.93146777662 -1.62224446922 -1.49158311648 -1.47068284780 -1.27014141048 -1.61516093106 -2.06029078644 -1.28064221548 -0.994421038315 -2.17481982455 -2.92180169941 -2.06480314654 -1.45001516268 -2.22761029025 -2.67746775146 -1.37843859291 -1.45166745558 -2.19668719313 -2.05877069334 -2.90450312349 -1.98184584091 -2.13455288441 -2.66198265873 -2.30139294617 -2.26979935999 -2.32096386557 -2.09882375042 -1.91309990440 -1.98346723627 -1.80550103183 -1.66835023441 -1.75391461947 -2.57278588188 -1.21174185771 -1.90734937252 -1.69565184509 -1.50972804073 -3.07664117407
