# Number of parameters = 205 Objective function value = -3587.54240696955  Maximum gradient component = 0.000129252133002313
# theta[1]:
-0.243136606461
# theta[2]:
7.42359865425
# theta[3]:
7.53103724268
# theta[4]:
7.91104933281
# theta[5]:
0.444043709353
# theta[6]:
4.00000000000
# log_rinit_devs:
 0.133731782058 0.0585663210416 0.0871885125155 -0.0103763252404 -0.269110290375
# log_rbar_devs:
 0.441867375153 0.299071763937 0.132267716922 0.254231445327 0.194138849024 0.546651322076 0.260109079645 0.253877311953 0.303905980327 0.425881548160 0.431046530536 0.463717788792 0.322446126114 0.486124041476 0.672059058093 0.706770981499 0.951500459640 0.746503882301 0.926079569601 0.700818082135 0.689764615675 0.747317673945 0.662535263683 0.441213608664 0.524612524923 0.550554026829 0.424164512807 0.756781404034 0.273470225783 0.0129598407729 -0.234585301596 -0.143817694283 -0.137701580158 -0.592279716325 -0.843885201787 -1.05728833007 -1.32735497835 -1.39810350382 -1.46791595020 -1.59102756877 -1.62089965895 -1.71978507297 -1.73110955972 -1.75720122721 -1.64891987087 -2.10965624560 -2.20251298397 -2.36627737126 -1.80717815701 -0.358827658017 1.20390337464 -0.123881661325 -1.55960903363 -0.533791530583 1.08386344112 0.342991128591 -0.714191165079 0.153530140232 1.87027325932 0.0516584196309 -1.70724037107 -0.629186859193 2.00120951109 -0.477202234764 -1.21579147865 -0.930779488878 0.540444945888 0.419295124705 1.47340707348 1.50109464627 0.0388453550897 0.819037415462 1.16739903704 0.647087136116 1.95937003019 -0.234156874844 0.401924321112 0.426158399972 0.652949943399 0.754686741749 0.415598937630 0.447557895853 -0.233996145343 -0.520108187358 0.485742077482 -1.42658255866 1.69842469128 -0.690579305700 0.987140321569 0.589355080754 0.378033466525
# mat_params[1]:
 7.00065269579 10.1178150497
# mat_params[2]:
 6.83704234239 9.83922601634
# mat_params[3]:
 8.75210973452 13.9265877483
# log_m_devs:
 -0.144572846906 0.0707451721287 0.192450924712 -0.118623249934
# log_slx_pars[1]:
 0.256416742900 -5.38424213731
# log_slx_pars[2]:
 1.57896621554 -0.338579471096
# log_ft_pars:
 -1.98586994706 -2.08050464309 -2.48249364869 -2.40349227232 -2.16585413820 -2.23556852331 -2.33390785082 -2.78281300469 -2.48021688985 -3.37205024265 -3.54751056226 -1.15963790957 -5.76560567057 -2.05795758201 -4.81993932459 -3.95630059912 -2.47705404730 -2.00716235165 -1.86138635015 -2.77363539637 -2.87970806518 -2.91768998272 -3.12313914821 -2.56347416292 -2.85871740699 -3.46824867346 -2.86755365916 -2.16853530028 -2.13117503626 -1.58624776093 -1.08369923619 -1.05776163794 -1.37083877023 -1.73780285335 -1.68422268082 -0.950291920169 -1.50330590001 -1.88562881549 -4.57787351885 -4.53403928026 -3.66181127432 -3.13023523846 -3.35391309182 -3.51640987581 -3.29605191914 -3.19610745884 -2.13812946320 -2.67807939213 -9.41405209703 -4.67982774907 -3.08659025562 -2.81899177975 -3.27224573386 -2.77186385245 -2.76886335516 -2.83265024895 -2.61020056382 -2.83301203857 -3.39782349094 -2.68030153358 -2.32225953310 -3.28156746441 -4.11068177056 -3.32759944055 -2.61459847876 -3.14855782760 -3.50363149053 -2.32061726785 -2.63337187233 -3.42000211808 -3.18670956624 -3.87480586384 -2.88208496071 -3.02541325920 -3.64451680288 -3.23883904908 -3.09737339639 -2.97341253170 -2.64924457973 -2.39125879576 -2.60032459812 -2.48862485123 -2.40706164109 -2.56745810720 -3.46060682222 -2.22201807197 -3.04257923515 -3.01168093763 -2.90997556330 -4.45654435735
