# Number of parameters = 207 Objective function value = -3685.71012790596  Maximum gradient component = 8.78982305381804e-005
# theta[1]:
-0.364396395926
# theta[2]:
6.86759661186
# theta[3]:
6.53158745112
# theta[4]:
7.09012910493
# theta[5]:
0.495631286896
# theta[6]:
4.00000000000
# log_rinit_devs:
 0.201713123807 0.0965347475393 0.0974409205844 -0.0246471836677 -0.371041608263
# log_rbar_devs:
 0.982240665759 0.787750392367 0.567105345638 0.643611766940 0.540976970823 0.819362189635 0.446745699540 0.346763877274 0.334540608639 0.344023760274 0.310317873126 0.308368503068 0.429181538001 0.615823377953 0.839795971308 0.867566933270 1.04284832265 0.842093497800 0.989303739153 0.761185856553 0.757440632021 0.825926957171 0.758655135583 0.550264946372 0.638476016173 0.692750892917 0.610982049961 0.972705703963 0.557625178283 0.345036605705 0.0761234595102 0.0974293971249 0.0690803623072 -0.363998475567 -0.604457016025 -0.903884919519 -1.28284001091 -1.40772778945 -1.46492744059 -1.54197300032 -1.53392852180 -1.61844254980 -1.62525792710 -1.65474474794 -1.55273566671 -2.08143070949 -2.30829075627 -2.61612936755 -2.15432437893 -0.695043652527 0.725565636113 -0.534678204174 -1.98099374866 -0.952781126356 0.642944542659 -0.0888048396504 -1.13151205072 -0.260801045495 1.42113339419 -0.413535667693 -2.16542756380 -1.01374677854 1.64937870762 -0.806543612044 -1.50907358805 -1.18894974068 0.300738475139 0.164270535459 1.22007344784 1.25633686414 -0.172493004564 0.620054482672 1.00840668012 0.541997561096 1.84682458954 -0.195169693378 0.536252002461 0.679488432733 1.04773789692 1.33106064274 0.894823965213 0.836739859794 -0.0751641908100 -0.530471622237 0.449657449101 -1.60558999893 1.64298570531 -0.814037778652 0.982432085030 0.729188645580 0.549715356580
# mat_params[1]:
 6.79380395790 9.93680898437
# mat_params[2]:
 7.04465751044 10.3527599913
# mat_params[3]:
 5.33728317268 8.01717218646
# log_m_devs:
 -0.113606484041 0.0435446979780 0.0174755692975 0.0525862167653
# log_slx_pars[1]:
 0.777763936688 -4.23764557658
# log_slx_pars[2]:
 1.29340594081 -0.634564335013
# log_slx_pars[3]:
 1.67103076101 -0.200264874929
# log_ft_pars:
 -1.51917907956 -1.56021537143 -1.92057169567 -1.79747494883 -1.49903918031 -1.48254264048 -1.49254069148 -1.86317483794 -1.47584057902 -2.28930416441 -2.43228628588 -2.63874674046 -4.91214015618 -2.27023168464 -4.02412789623 -3.15837465052 -2.32184977616 -1.85463133342 -1.69101109756 -2.60900722216 -2.70966074144 -2.76169880985 -2.99291124168 -2.42908060550 -2.72198096928 -3.36932369171 -2.80110482922 -2.13974814589 -2.13608532253 -1.55131888537 -1.00146552635 -0.965403437232 -1.29703196436 -1.65998954774 -1.55864712968 -0.758152857837 -1.23399803722 -1.57456366412 -4.28375319074 -4.29066289711 -3.46167254898 -2.96802278888 -3.23908015097 -3.41682714981 -3.18729468940 -3.08508740725 -1.94066386035 -2.38546495751 -8.38851132410 -3.51593088145 -1.56001022779 -1.32291914510 -1.94173494613 -1.62958393870 -1.50205095162 -1.47978314805 -1.27598133121 -1.62029184061 -2.06868782792 -1.28561347382 -0.994331773309 -2.17376550979 -2.92665377068 -2.06875492584 -1.44974540788 -2.22545453526 -2.67633345250 -1.37845809421 -1.45912540378 -2.20754037074 -2.06728781140 -2.91241685068 -1.99217591523 -2.14924149398 -2.68878901276 -2.33317147829 -2.30834681363 -2.36911111021 -2.16012653146 -1.97810590055 -2.03575442106 -1.84052952982 -1.68595118873 -1.75431432732 -2.54799301467 -1.16011169655 -1.77728387479 -1.60032635639 -1.44561318067 -3.04595989739
