# Number of parameters = 200 Objective function value = -3453.24787910645  Maximum gradient component = 2.37733955610207e-005
# theta[1]:
-0.656083298257
# theta[2]:
6.72064382781
# theta[3]:
5.63526269635
# theta[4]:
6.17159522544
# theta[5]:
0.670534244571
# theta[6]:
4.00000000000
# log_rinit_devs:
 0.209488852528 0.121058332503 0.121733464440 0.0322264368133 -0.484507086284
# log_rbar_devs:
 1.64854652022 1.46037191334 1.24825768974 1.25482630305 1.14203329333 1.28846053919 0.909621383835 0.722325900191 0.619324132070 0.444967579997 0.316907530730 0.207665952070 0.354538668095 0.490007813850 0.731687037873 0.747405511636 0.857791304367 0.749406762807 0.810415910210 0.513041149801 0.512461321824 0.572853392812 0.544697096497 0.441359149274 0.495854521261 0.552287220065 0.563691670908 0.900425343340 0.626843017027 0.555652369466 0.403832023440 0.306720253849 0.126777985305 -0.288287194545 -0.451954172614 -0.623707368311 -1.24275624959 -1.58006145344 -1.86199230276 -1.86303585788 -1.79449462270 -1.80662721578 -1.79778345609 -1.79957165293 -1.66716525088 -2.03050290026 -2.21704154644 -2.68258432580 -2.38715983171 -0.820457659685 0.675459653011 -0.492043276723 -1.91133933059 -0.895143162345 0.639692171498 -0.0534555210127 -1.04304884883 -0.213884458285 1.39745336534 -0.291421989094 -2.06365985636 -1.04876684454 1.46982140421 -0.826054195839 -1.48341152055 -1.25384298827 0.209396677349 0.111986828797 1.11109045030 1.12653027739 -0.256630272849 0.473365054187 0.894077460092 0.411351506931 1.66280082078 -0.296803367312 0.424761178869 0.580199317257 0.958057951521 1.24131447152 0.845399476224 0.804706147087 -0.0592468474725 -0.512902000467 0.424618810325 -1.51039521465 1.56567323029 -0.899898158376 0.805868155365 0.538280603761 0.534167641389
# mat_params[1]:
 6.07925812189 9.53786139192
# mat_params[2]:
 3.89773462799 5.70834709627
# log_m_devs:
 -0.0125765734302 -0.0116507956052 0.0242273690355
# log_slx_pars[1]:
 0.589479867826 -3.42373196675
# log_ft_pars:
 -1.47537522543 -1.49161893387 -1.84809085997 -1.69186853767 -1.36554937381 -1.23091874439 -1.17473766462 -1.46481889735 -0.965302403591 -1.62133827091 -1.65549145814 -4.89656624044 -4.11409804837 -4.69917234864 -3.20919752238 -2.28392321366 -1.94913718494 -1.45754668192 -1.27883266395 -2.13181861527 -2.24911779683 -2.33993540262 -2.59116771105 -2.03866368644 -2.38394069396 -3.08758868720 -2.55803076865 -1.97626510805 -1.91992792152 -1.35027624957 -0.825075343313 -0.802000364780 -1.09284808003 -1.36052494129 -1.25513058057 -0.436467780459 -0.780054339998 -1.00821821662 -3.69426318612 -3.76637950702 -3.00902898583 -2.56415328097 -2.89357172643 -3.11737932844 -2.93718605253 -2.80488486599 -1.71439614233 -2.14197148679 -8.89788222223 -4.57119689983 -3.11720108635 -2.32989038596 -2.34232087776 -1.94330590739 -2.56296896337 -2.40289308477 -1.82910760091 -2.17845910495 -3.27357614965 -2.15356981382 -1.30684090875 -2.29753639765 -3.95534250904 -2.78699851055 -1.67557003867 -2.18945114900 -3.15447727654 -2.04890256144 -2.51612210807 -3.19550953203 -2.64630275583 -3.32894461196 -2.55919030834 -2.66060255265 -3.55642948190 -2.86218254899 -2.66818646854 -2.74361345413 -2.70938975882 -2.66768183342 -2.63418578389 -2.34979149202 -2.04587072167 -1.97640050507 -2.91695872064 -1.42932149919 -2.86079618969 -2.32372211456 -2.10031924465 -3.63740738247
