# Number of parameters = 209 Objective function value = -3689.79404530721  Maximum gradient component = 0.000248559614389288
# theta[1]:
-0.297736197178
# theta[2]:
7.59684337557
# theta[3]:
6.71527965198
# theta[4]:
7.26242221335
# theta[5]:
0.478806889367
# theta[6]:
4.00000000000
# log_rinit_devs:
 0.0532653955640 0.0183904030010 0.0774690508280 0.00737256463437 -0.156497414027
# log_rbar_devs:
 1.27712870824 1.07915133274 0.867363086966 0.908271593329 0.765822117377 1.04119422704 0.650667127107 0.554341161663 0.502024322125 0.533855838886 0.467184945746 0.435189728816 0.534216395422 0.637753665011 0.830667788959 0.755854128607 0.824694183824 0.623832398529 0.778919910688 0.553932896097 0.557017298800 0.633442244027 0.570871302662 0.364778800143 0.461824909531 0.523202563279 0.445195744894 0.816591678388 0.398597657701 0.181924252076 -0.0887907466432 -0.0577958532866 -0.0764896079402 -0.509130020760 -0.749969968133 -1.03981335530 -1.40352241439 -1.50898699111 -1.55222838435 -1.62144736570 -1.60292484886 -1.67831677588 -1.67427214078 -1.69460417064 -1.58294723235 -2.09804300379 -2.29309562200 -2.56703660462 -2.09969527616 -0.661262274589 0.777251747512 -0.480437276496 -1.92446939879 -0.900372569615 0.695810778974 -0.0304402939926 -1.07361584520 -0.210126126917 1.47953941489 -0.345567218372 -2.09818199740 -0.956373183722 1.69903679258 -0.757967055533 -1.46937417434 -1.15974190804 0.324941409583 0.195361586601 1.24781913933 1.28064894411 -0.152766172730 0.636485590127 1.01435335016 0.535745736959 1.84067293249 -0.242013055055 0.465216677852 0.589216821949 0.965995753614 1.31277307566 0.877011511044 0.828200418196 -0.0746937057533 -0.516344847168 0.473736005875 -1.57506051608 1.67309904120 -0.688523340634 1.18197446342 1.00360606537 0.542432076956
# mat_params[1]:
 7.05772971456 10.0625227005
# mat_params[2]:
 7.22743155316 10.5132150864
# mat_params[3]:
 5.64860813578 8.52786781167
# mat_params[4]:
 5.44291131755 7.86107844478
# log_m_devs:
 -0.00771502473956 0.00771502473956
# log_slx_pars[1]:
 1.04159579334 -0.544376199826
# log_slx_pars[2]:
 1.31723069569 -0.593816049813
# log_slx_pars[3]:
 1.72072778413 -0.139925441711
# log_slx_pars[4]:
 1.61395332691 -0.418973923745
# log_ft_pars:
 -1.71503791766 -1.77622658771 -2.14265818239 -1.98242227814 -1.66528851533 -1.60037090156 -1.63914754715 -1.99197476690 -1.57441579661 -2.35484611510 -2.46754533989 -2.63540567738 -4.85920926804 -2.31904735742 -3.85712572974 -2.93586753868 -2.20684153488 -1.74531706428 -1.58327452551 -2.50334577287 -2.61221650068 -2.67096012105 -2.90950722986 -2.35164298646 -2.65061946229 -3.30421654002 -2.74228832999 -2.08605873493 -2.08822979118 -1.50810597066 -0.955128344248 -0.918057621298 -1.25511249318 -1.62704517762 -1.53374972827 -0.736214059102 -1.22178386473 -1.57626951370 -4.29885791157 -4.31562316644 -3.49674753504 -3.01368067639 -3.29603984547 -3.48392929292 -3.26430319822 -3.17383528493 -2.05184382340 -2.52212752629 -8.44621370749 -3.56648353731 -1.62266129378 -1.34423060827 -1.94044551199 -1.65278430935 -1.56548650042 -1.52213429442 -1.29689800965 -1.65496965333 -2.13206146552 -1.32245009331 -1.01773094566 -2.21565367795 -2.99814314838 -2.09701146944 -1.44530853122 -2.23693701230 -2.70962441945 -1.40158212759 -1.47493606390 -2.21203141932 -2.04734037703 -2.89016855613 -1.98041300345 -2.12908161112 -2.66627550217 -2.28590472572 -2.24228075553 -2.30168160778 -2.08041276404 -2.05959889956 -2.15572184825 -1.98786073372 -1.83872360797 -1.90764320111 -2.67620696549 -1.28851432925 -1.89645459189 -1.82321705949 -1.76910355643 -3.39009038031
