# Number of parameters = 207 Objective function value = -3710.70109209935  Maximum gradient component = 0.00226363227881656
# theta[1]:
-0.434596920701
# theta[2]:
6.64255239836
# theta[3]:
6.50401367424
# theta[4]:
6.96832549420
# theta[5]:
0.626236617290
# theta[6]:
4.00000000000
# log_rinit_devs:
 0.342752251486 0.177087212741 0.104375636360 -0.0812254136809 -0.542989686906
# log_rbar_devs:
 0.880449265532 0.688560764333 0.506818860431 0.591043989841 0.489235662449 0.750568114999 0.399458505117 0.341229141952 0.338899402798 0.420722264816 0.447651506616 0.438039779985 0.479261016165 0.620435512985 0.770532140341 0.842582977672 1.05340697735 0.872890000429 0.985888672004 0.767644150545 0.758676200267 0.816861967501 0.757475168947 0.552240100575 0.622341736833 0.673453084634 0.604244506502 0.935188153375 0.563338118310 0.391203537813 0.133580375391 0.118776273364 0.0678862735272 -0.329066018370 -0.504020884327 -0.813648098314 -1.18088469108 -1.33294859453 -1.39061816285 -1.46391422305 -1.45690743122 -1.54254378206 -1.55466285349 -1.58379399393 -1.48891825858 -1.97907920684 -2.21374658718 -2.52880398929 -2.06071365572 -0.598457181988 0.841638069354 -0.413430204372 -1.87928576472 -0.843868811617 0.772006073528 0.0265038795594 -1.02655504883 -0.147014063007 1.56628991772 -0.301278125811 -2.09190427297 -0.914163841917 1.77960601738 -0.720855542503 -1.43034091090 -1.11683354491 0.385082191729 0.234537916739 1.29609873360 1.32722642578 -0.134712459646 0.647614489794 1.02011601618 0.503371917355 1.83040667419 -0.342717251373 0.328996084059 0.377276910224 0.625986007306 0.746980002925 0.346350673066 0.317856713239 -0.455430874327 -0.790294770349 0.266701661193 -1.58326292859 1.71873402172 -0.689757156779 1.06928788802 0.758523950825 0.436656746558
# mat_params[1]:
 6.91333232981 9.98690253549
# mat_params[2]:
 7.03235748909 10.3255667144
# mat_params[3]:
 5.30047891414 7.96020948412
# log_m_devs:
 -0.105963732146 0.126128314585 -0.179665935716 0.159501353277
# log_slx_pars[1]:
 1.03367483413 -1.02186033765
# log_slx_pars[2]:
 1.10534286977 -3.98949110612
# log_slx_pars[3]:
 1.65009772576 -0.221673965823
# log_ft_pars:
 -1.19507942714 -1.25348970895 -1.64694593270 -1.53325670207 -1.25128617595 -1.19412807938 -1.25395704101 -1.65160207368 -1.28749304402 -2.13664859760 -2.34664592738 -1.08872547767 -4.70583470206 -1.13338187592 -3.70527346881 -2.90510111907 -2.47460291540 -2.01626929053 -1.83375849303 -2.76476029907 -2.84350402450 -2.89125533598 -3.12633563548 -2.55949715146 -2.83335330687 -3.48619911166 -2.92307776245 -2.24813411356 -2.27467060330 -1.66560476809 -1.12985939201 -1.10346072606 -1.44711307143 -1.82148871234 -1.70611033084 -0.934604618958 -1.43996924450 -1.78582422254 -4.49356996528 -4.49765901007 -3.66256009871 -3.17351767680 -3.44809400509 -3.62250183335 -3.37560792092 -3.29902678176 -2.12321361583 -2.58011100617 -8.47171012892 -3.60091550688 -1.69259452831 -1.45637040529 -2.05027679418 -1.70500117828 -1.59073095360 -1.59012703944 -1.39120909577 -1.71224630577 -2.18029987727 -1.41867815558 -1.12555971248 -2.26399842364 -3.02185249113 -2.18449028199 -1.56083531671 -2.29314378892 -2.71494250844 -1.42657523380 -1.53502074861 -2.28443858592 -2.12992374493 -2.94417745746 -2.00249817403 -2.13762072063 -2.66901543950 -2.29510814550 -2.23623083226 -2.23422201826 -1.93830943876 -1.63573174491 -1.75632181880 -1.62156004812 -1.52947558795 -1.67419816156 -2.57518709887 -1.27985021140 -2.00082409669 -1.75577983137 -1.54769864021 -3.10991789578
