# Number of parameters = 204 Objective function value = -3599.73566454463  Maximum gradient component = 0.000500518306714202
# theta[1]:
-0.0814631054876
# theta[2]:
8.73475720239
# theta[3]:
8.18611919023
# theta[4]:
8.45915643875
# theta[5]:
0.959686113341
# theta[6]:
4.00000000000
# log_rinit_devs:
 -0.0480204190782 -0.0147836227220 0.0981951338273 0.00133839705335 -0.0367294890805
# log_rbar_devs:
 0.863250920945 0.707021610732 0.516253716954 0.553901693096 0.413921030501 0.761093009546 0.431319575646 0.404531617870 0.450589154937 0.584419574140 0.568373538290 0.587118000818 0.705500969451 0.777506274479 0.948901663466 0.772980887308 0.742715567139 0.566929281639 0.781708957324 0.552136245889 0.540382817351 0.603446650527 0.518398475147 0.284449021913 0.372572085193 0.400283921964 0.274971372587 0.635785199902 0.152052092388 -0.0720494738182 -0.262247053538 -0.0930844758032 -0.0309195504134 -0.448982654231 -0.626005287407 -0.761965212776 -0.992095722456 -1.04921645462 -1.12135231303 -1.25552288612 -1.28398653332 -1.38962274133 -1.40372101602 -1.43166516984 -1.31894696517 -1.77692436406 -1.84929021469 -2.00740911688 -1.46425531915 -0.0342952245889 1.55347339526 0.229783965083 -1.18668068437 -0.183523754498 1.42174604737 0.678530816356 -0.381544945139 0.467255170859 2.20235517425 0.373716895643 -1.39807309407 -0.362016239872 2.25227602229 -0.232889183031 -0.994156842955 -0.738569381780 0.711074887058 0.607410603447 1.64744484797 1.67406283782 0.214302883402 0.984516383026 1.30870507196 0.757940534635 2.18659315054 -0.193257508943 0.308451298007 0.104906758975 0.0718739715688 -0.0706853680538 -0.455544437529 -0.517661533890 -1.41494210479 -1.82707779058 -0.825135380320 -2.73980270743 0.512699909769 -1.93383587195 -0.196576818198 -0.491554729717 0.0754505739405
# mat_params[1]:
 7.94249891602 10.4150948782
# mat_params[2]:
 7.83433603603 10.8816898917
# mat_params[3]:
 5.61136391744 8.22136863227
# log_m_devs:
 0.0713521516484 0.0306445991292 0.145119350706 -0.241833956580 -0.00528214490385
# log_slx_pars[1]:
 1.64584915667 -0.230563262833
# log_ft_pars:
 -1.14511730592 -1.24203562828 -1.69209935318 -1.56450187747 -1.26579921485 -1.17061122039 -1.29031393897 -1.74275959572 -1.39749732166 -2.22158738135 -2.38758273020 -1.73168311082 -4.83199931338 -1.27205720749 -3.78278362821 -2.87833780810 -2.53223029124 -2.09027709346 -1.96305263323 -2.88264137516 -2.98819729126 -3.03173940738 -3.23730248316 -2.67070426960 -2.96789303982 -3.57922782540 -2.97388744740 -2.29544195117 -2.26238482740 -1.72424583133 -1.25849915703 -1.30380296332 -1.69461593112 -2.10378766936 -2.08773384235 -1.43457380731 -2.07733648004 -2.50139663562 -5.19740213830 -5.13792303272 -4.25847038397 -3.72582200291 -3.95366769337 -4.11292462430 -3.88694185250 -3.77962645381 -2.73866516654 -3.29524797797 -10.0452538559 -5.37915058491 -3.86980583969 -3.48225692180 -3.86009177573 -3.37940741978 -3.48232648895 -3.48868466818 -3.21095909408 -3.44803596197 -4.11263633666 -3.31009750246 -2.89614291980 -3.85452566763 -4.77103520548 -3.87701600033 -3.09230522551 -3.62575861298 -4.01158546578 -2.81470902258 -3.16919056730 -3.93381733158 -3.62882068189 -4.30189482496 -3.33078832839 -3.44352806412 -4.15101743826 -3.68684836571 -3.49558773614 -3.31252764248 -2.82693007650 -2.33623445467 -2.39391383454 -2.18008081203 -2.01548386134 -2.08418100788 -2.89098994127 -1.51338551256 -2.26103245197 -1.98952370025 -1.74809827482 -3.25332605923
