# Number of parameters = 204 Objective function value = -3570.56171622744  Maximum gradient component = 9.13776859356786e-005
# theta[1]:
-0.0742064645852
# theta[2]:
9.24886948463
# theta[3]:
8.20294732862
# theta[4]:
8.49713871937
# theta[5]:
0.704137904222
# theta[6]:
4.00000000000
# log_rinit_devs:
 -0.177807428134 -0.0936514335388 0.0748480880338 0.0828279339474 0.113782839692
# log_rbar_devs:
 1.13919587270 0.957656769018 0.738180723477 0.718532860052 0.550528306161 0.825896140143 0.453779678375 0.360784552645 0.321300733841 0.387768455463 0.328504466964 0.306372612705 0.389123597364 0.458980146394 0.641366016743 0.529749669038 0.602641568346 0.424552215666 0.617396040009 0.406769725712 0.397676409984 0.454815498064 0.373375225710 0.154702678287 0.231937049252 0.253746998761 0.134693145276 0.454704817815 0.000985346837038 -0.225720425745 -0.424091536007 -0.287554121539 -0.240480516868 -0.634572187679 -0.809733636582 -0.944315001438 -1.15749835154 -1.20148729441 -1.25621165286 -1.36783591033 -1.38120752090 -1.46761046983 -1.46903344613 -1.48542929233 -1.37275875130 -1.79948393165 -1.85829771463 -1.99993028593 -1.44828518921 -0.0151201198531 1.58777819260 0.248770774538 -1.17564110643 -0.167620298982 1.44824060966 0.701702711365 -0.355603337074 0.494117967899 2.22834797193 0.404957153744 -1.36759951547 -0.324837731449 2.29068066378 -0.197767915878 -0.953079539344 -0.695341316367 0.759854107742 0.655635734033 1.70642800340 1.73397651401 0.270526205495 1.04009987591 1.36871531641 0.827485546324 2.24301962923 -0.103721741950 0.428923059536 0.263327929776 0.282550733873 0.202722208935 -0.209219380767 -0.278825244854 -1.16525349994 -1.57440633958 -0.576244201517 -2.50858738130 0.710912935011 -1.55406441407 0.259452263482 0.0702363323627 0.210290559893
# mat_params[1]:
 7.76447403915 10.7170659952
# mat_params[2]:
 5.79643292241 8.36426448451
# mat_params[3]:
 6.27992614661 9.23397945515
# log_m_devs:
 0.0162905683718 0.151063060134 -0.167353628505
# log_slx_pars[1]:
 1.61683897331 -0.240649775970
# log_slx_pars[2]:
 1.71247304723 -0.294852418774
# log_ft_pars:
 -1.80152938009 -1.84946741981 -2.25444938265 -2.08299060522 -1.75362238186 -1.60382406478 -1.67040105015 -2.06268349311 -1.65545487375 -2.39320940767 -2.48053804187 -6.03987934552 -4.84662221203 -5.70934570587 -3.76373680616 -2.82156268704 -2.47898529835 -2.03324658365 -1.91228980621 -2.83922775723 -2.94944145649 -2.99635063014 -3.20603805492 -2.63997604926 -2.93846537049 -3.55315031405 -2.94839779313 -2.26084756811 -2.22097188243 -1.66778450301 -1.18345155888 -1.22108867227 -1.60937057979 -2.01625552181 -1.99359557197 -1.33152298531 -1.97940647049 -2.41710727404 -5.13315895188 -5.09487993962 -4.23560729240 -3.72262258985 -3.97385910005 -4.14903761669 -3.93176716022 -3.83833627676 -2.81097754285 -3.37982664985 -10.1535862679 -5.52108421149 -4.05294008744 -3.64587189977 -3.98240559659 -3.46547681608 -3.61245879701 -3.62860703899 -3.33043661818 -3.54987998650 -4.25840168480 -3.45505176010 -3.00573692688 -3.92728380413 -4.91222544005 -4.03199638850 -3.21516633224 -3.70354303856 -4.11382049078 -2.95632879112 -3.34826478444 -4.11772761718 -3.79269595429 -4.44217130714 -3.47471351731 -3.59345865002 -4.32487567166 -3.85164480067 -3.64092541880 -3.44617315619 -2.99480916603 -2.20771538521 -2.25620599306 -2.06191762394 -1.91548680726 -2.00078328420 -2.80657863810 -1.41168325555 -2.05053714965 -1.94783282612 -1.90409982772 -3.59508104819
