# Number of parameters = 200 Objective function value = -3522.70743785049  Maximum gradient component = 0.000277290862133763
# theta[1]:
-0.0900090258486
# theta[2]:
8.73124853856
# theta[3]:
8.09632237172
# theta[4]:
8.44223366091
# theta[5]:
0.460579629000
# theta[6]:
4.00000000000
# log_rinit_devs:
 -0.0765444693608 -0.0441911751942 0.0866350452688 0.00419488953160 0.0299057097545
# log_rbar_devs:
 0.965672276480 0.792983145975 0.584062547545 0.634036110515 0.489405491205 0.887077095901 0.521475821843 0.491394660788 0.534666646344 0.685257352360 0.677862267903 0.720286243906 0.874688962766 0.970031102762 1.17087034264 0.992956606903 1.00031627794 0.793652108928 1.02531791419 0.747014741721 0.724365053863 0.789093259212 0.687588977219 0.417248806782 0.512665437439 0.541998659952 0.400167962304 0.823117538798 0.281154970036 0.0428725793289 -0.166081708949 0.0218635480355 0.0809328835820 -0.402211549562 -0.616639819943 -0.791801854561 -1.07791107330 -1.17075800654 -1.28101136707 -1.45807368979 -1.51944284672 -1.66332946546 -1.70379976914 -1.75696994553 -1.65219184006 -2.20500976829 -2.34258180551 -2.56574079824 -2.07421596343 -0.612597366815 0.955550558386 -0.380072946859 -1.75803630168 -0.752264765421 0.824883739173 0.111980237237 -0.928354274454 -0.0772183063391 1.58726344654 -0.164907282390 -1.84710045508 -0.855733036900 1.68186636109 -0.698415507801 -1.44011740992 -1.16232852267 0.267367960059 0.167594192600 1.18818077083 1.21319105523 -0.197675417887 0.577259994974 0.917694638621 0.434086586611 1.70750627914 -0.389420406851 0.252875720923 0.310815705937 0.579764763112 0.728602533517 0.352689334208 0.332454531605 -0.426377302413 -0.761371296405 0.271553393986 -1.53281477250 1.76211487422 -0.623784270693 1.01891272221 0.595965516748 0.334088603050
# mat_params[1]:
 7.62452865916 10.1177179644
# mat_params[2]:
 7.23086622015 10.2409987071
# log_m_devs:
 0.0497802671573 -0.140748209570 0.0909679424124
# log_slx_pars[1]:
 1.62849487716 -0.235306422879
# log_ft_pars:
 -1.25551286232 -1.35605625710 -1.80912863881 -1.68041495091 -1.38091676477 -1.29443041490 -1.42285077579 -1.87871165957 -1.53038068859 -2.35011545179 -2.51619466129 -2.49817254211 -5.00355724608 -2.01269198351 -4.01763916964 -3.11795522554 -2.78426816971 -2.32247220236 -2.18376655363 -3.08493181529 -3.17016170457 -3.19524285507 -3.38458453072 -2.80399893490 -3.08435819375 -3.68159135559 -3.06919036611 -2.40429487003 -2.37394111240 -1.83755675129 -1.36670394868 -1.39968778782 -1.77806909777 -2.16920905956 -2.12821851596 -1.44519340623 -2.03819968346 -2.41522757164 -5.06545455081 -4.96700252421 -4.04867987770 -3.47627599298 -3.66505788688 -3.79025465529 -3.53569664585 -3.39679473065 -2.30934650635 -2.80324470106 -9.49287858088 -4.85129173071 -3.31298079453 -2.98581249476 -3.42579827491 -2.97693541378 -3.01231628978 -3.03102076020 -2.78627259029 -3.04516894500 -3.62287915587 -2.84577885741 -2.47294962940 -3.48120699889 -4.32328333364 -3.45466254435 -2.71532102498 -3.30330814503 -3.70873630117 -2.51056838582 -2.81715671678 -3.58316895845 -3.32274826852 -4.03162027513 -3.07049781483 -3.21426675125 -3.85301237072 -3.41935743722 -3.28487970768 -3.21695434667 -2.94231747805 -2.72939279498 -2.88206165590 -2.72364638868 -2.59671594791 -2.70525576241 -3.56029038307 -2.26595689218 -3.27001364954 -3.05902409670 -2.84458101796 -4.31228589117
