# Number of parameters = 203 Objective function value = -3666.43231108417  Maximum gradient component = 0.000135994078201355
# theta[1]:
-0.381510982975
# theta[2]:
7.78791138983
# theta[3]:
6.78000899099
# theta[4]:
7.19670785157
# theta[5]:
0.730634114200
# theta[6]:
4.00000000000
# log_rinit_devs:
 0.0142477330945 0.000269319784025 0.0737804896345 0.0131520402815 -0.101449582795
# log_rbar_devs:
 1.35030194865 1.15091166705 0.933822610720 0.958001173137 0.805626429387 1.07673633105 0.678613084207 0.571240948395 0.510290081479 0.534380680034 0.463114351683 0.441487049305 0.574463635563 0.707130111345 0.956660169514 0.869959014153 0.932060151892 0.714820996345 0.891131653181 0.680899739156 0.695658462326 0.782180067903 0.725949159480 0.532839415011 0.653495162612 0.724923865379 0.644389734025 1.02145983791 0.568548400262 0.309185068660 0.0307025036324 0.0976331381329 0.0998688005409 -0.364509401221 -0.655018936374 -0.932380938292 -1.24526106183 -1.30010482754 -1.32143173707 -1.39315161613 -1.37468248353 -1.44688731477 -1.43571017299 -1.44590338292 -1.34556687467 -1.90620264228 -2.15261401818 -2.47913672799 -2.07871144444 -0.632523403241 0.819422231201 -0.414520870496 -1.85918485264 -0.841665429054 0.756184758656 0.0177219015094 -1.04120469857 -0.155767240772 1.55084604379 -0.296184945558 -2.06910399454 -0.955017935511 1.69321776271 -0.782121345080 -1.51057585854 -1.20580255059 0.282693039075 0.131524120471 1.17191887177 1.20074512876 -0.253997468249 0.527417800153 0.885912577716 0.364369360663 1.69712809669 -0.472317562936 0.210535344955 0.269059402065 0.536487240176 0.678826678713 0.263914848302 0.220645238466 -0.595703357257 -0.968440837450 0.0365122935004 -1.86181394703 1.35979246862 -0.832709797186 1.04190601269 0.890209262678 0.330453749491
# mat_params[1]:
 7.22661628500 10.1708049491
# mat_params[2]:
 7.46908737892 10.6212136182
# mat_params[3]:
 5.45672767568 8.14772456003
# log_m_devs:
 0.138374713418 -0.138374713418
# log_slx_pars[1]:
 1.09260035176 -0.307803681616
# log_slx_pars[2]:
 1.50565887124 -0.382475799224
# log_ft_pars:
 -1.73782079475 -1.79630905824 -2.15820568510 -1.98785011919 -1.66020903820 -1.58764437878 -1.61834935784 -1.96145918992 -1.53290074667 -2.29977079918 -2.40155789013 -4.95535742847 -4.83283240353 -5.13791705170 -3.90998632546 -2.98631069052 -1.90857128868 -1.45259152883 -1.29288045697 -2.20131686091 -2.33023458742 -2.39555361356 -2.63790177138 -2.10081319211 -2.42018847045 -3.07466369117 -2.52057529257 -1.86361636199 -1.86566739573 -1.32873196455 -0.797794661017 -0.742047295787 -1.04888329282 -1.42020286243 -1.35444460529 -0.559622470658 -1.02843962356 -1.38956622729 -4.12082324332 -4.14190947879 -3.32730876401 -2.84521060010 -3.12034838537 -3.31605202538 -3.11322724388 -3.02457309891 -1.92030544983 -2.38244304247 -9.01392979545 -4.18256402590 -2.40561886632 -2.18434618207 -2.65169056564 -2.15564515794 -2.12510890436 -2.22800736159 -2.00570690084 -2.21969817162 -2.75902605801 -2.08675316460 -1.71728614742 -2.67671806038 -3.48867041539 -2.77264827534 -2.06102675543 -2.59795822987 -2.98469051640 -1.81542895566 -2.05218604949 -2.83503684683 -2.63490549054 -3.33313463894 -2.35199736477 -2.51188010560 -3.09818611865 -2.74056059345 -2.61710201419 -2.51868963017 -2.24273247722 -2.01625677495 -2.18531637727 -2.02106754675 -1.87821517538 -1.95823292497 -2.78746398721 -1.47126099300 -2.24053751371 -2.25991869095 -2.20743764601 -3.89074016397
