# Number of parameters = 206 Objective function value = -3713.72146079961  Maximum gradient component = 0.000890649463382390
# theta[1]:
-0.381094949126
# theta[2]:
6.74536123894
# theta[3]:
6.87302296299
# theta[4]:
7.33388799313
# theta[5]:
0.642329269561
# theta[6]:
4.00000000000
# log_rinit_devs:
 0.326910900821 0.179220658301 0.109288712801 -0.0953474397737 -0.520072832149
# log_rbar_devs:
 0.617975713594 0.434012105189 0.257223148729 0.363865084467 0.269977158500 0.592517332717 0.264213862417 0.252116139264 0.307771150216 0.461573162775 0.499069167930 0.477055292734 0.470167555494 0.586602038304 0.717265830545 0.803550575028 1.05487344169 0.854346077552 1.02123532124 0.793053991550 0.785121980606 0.850801893782 0.774481843321 0.554609277829 0.641843833609 0.687776451013 0.592799699311 0.956697497878 0.520734561158 0.295425976752 0.0367188685244 0.0985736494873 0.100311828852 -0.329725797990 -0.560181125057 -0.805933823460 -1.12417771646 -1.20963452326 -1.26148018560 -1.35567449703 -1.35787173178 -1.45287519180 -1.46573389576 -1.50002373943 -1.40934755166 -1.96188491148 -2.18376811123 -2.47890201452 -2.01873750567 -0.580021057159 0.873533296281 -0.386622732214 -1.84009881234 -0.811937583269 0.799720037146 0.0610885621131 -0.992940328604 -0.120619420702 1.59526760155 -0.255209879437 -2.02082204663 -0.881524235251 1.79745527449 -0.697543499950 -1.41692481441 -1.11303938780 0.376984472597 0.235611402871 1.28972659233 1.32318454675 -0.135573319843 0.653566837390 1.01856473100 0.508787059095 1.83710160094 -0.329219118508 0.351434953586 0.405755617606 0.672304082048 0.820341955420 0.403690083579 0.367557523313 -0.451789167658 -0.831705581931 0.180194642511 -1.72533762623 1.51123481658 -0.673467755859 1.20326976939 1.03366339584 0.425948323481
# mat_params[1]:
 7.13355550783 10.1318849442
# mat_params[2]:
 7.37605083002 10.5460365123
# mat_params[3]:
 5.73062562447 8.49640588766
# log_m_devs:
 -0.103295057972 0.169571468600 -0.0662764106283
# log_slx_pars[1]:
 1.06593148314 -0.495383685096
# log_slx_pars[2]:
 1.36439902525 -0.537943451361
# log_slx_pars[3]:
 1.68579462612 -0.233238402667
# log_ft_pars:
 -1.16171851272 -1.23893983224 -1.64707054796 -1.54700740224 -1.28138727088 -1.26364152347 -1.36904041224 -1.81151762011 -1.50025076046 -2.40587712867 -2.64547687134 -0.793677406969 -4.93466345618 -0.724222263823 -3.84607263512 -3.07490287502 -2.43425854487 -1.96538679051 -1.81040916165 -2.72834067825 -2.82632685849 -2.87015731497 -3.09261569417 -2.52453095919 -2.81152166999 -3.44560127163 -2.86825726437 -2.20413077599 -2.19729495664 -1.62069605485 -1.08124646554 -1.06560531890 -1.42137594614 -1.80251343338 -1.71759104385 -0.955243946639 -1.49029528492 -1.86826342948 -4.57938638958 -4.56815852291 -3.72539403206 -3.22202377850 -3.48487984089 -3.65303499776 -3.41341099346 -3.30426922384 -2.17025002800 -2.61482306887 -8.61166376469 -3.72348400311 -1.82461687481 -1.58143839487 -2.18128574045 -1.85166464569 -1.73883653720 -1.72089522537 -1.52942507647 -1.86180159309 -2.32237119335 -1.54705369755 -1.27187545513 -2.42345070960 -3.16039103036 -2.28936438253 -1.66877567566 -2.41480235033 -2.81714102024 -1.50497761947 -1.62249920975 -2.37339557454 -2.21287666310 -3.02859150986 -2.08394513624 -2.21196043217 -2.75209189869 -2.37288038366 -2.31775705719 -2.32363706667 -2.02653855268 -1.73750916779 -1.85696667599 -1.72169189381 -1.62377446467 -1.75258325039 -2.61723584516 -1.27483622908 -1.93074017658 -1.84938205827 -1.83171929661 -3.57802743056
