# Number of parameters = 201 Objective function value = -3628.97147646970  Maximum gradient component = 6.50394099681426e-005
# theta[1]:
-0.326073761239
# theta[2]:
7.71610994364
# theta[3]:
6.79235997588
# theta[4]:
7.17386052255
# theta[5]:
0.889150163909
# theta[6]:
4.00000000000
# log_rinit_devs:
 0.0735738407307 0.0827222899342 0.123786429985 -0.0104229297145 -0.269659630935
# log_rbar_devs:
 1.30426651280 1.13524991144 0.952085154702 0.961829539197 0.791500837215 1.03782807526 0.665492116181 0.577727822518 0.547530441676 0.632296092450 0.580255663160 0.548849479907 0.622882757842 0.708390792962 0.948244171095 0.941258250150 1.09265937600 0.891589410134 1.05334517965 0.842228767029 0.844504158787 0.916821745894 0.854037541454 0.657782109603 0.758947617508 0.817253501722 0.736714300368 1.09212306333 0.660493401540 0.419945524940 0.157969172927 0.218791491067 0.216203896854 -0.220671351064 -0.476217561723 -0.724920164730 -1.02593550253 -1.09043442546 -1.12653681457 -1.20791550965 -1.20175882885 -1.28607666063 -1.29160051934 -1.31423377932 -1.23770048188 -1.81814369914 -2.11783452039 -2.51675621240 -2.21228262939 -0.755842000303 0.703212575528 -0.517635284345 -1.95561127565 -0.939508140353 0.651707473169 -0.0782445819640 -1.12848374895 -0.247264607912 1.44281242785 -0.386959691354 -2.16011322754 -1.05619703156 1.56257346884 -0.889841084780 -1.61800335505 -1.32055135590 0.162265836099 0.0146321968107 1.04714413780 1.07180713500 -0.372407396636 0.398877771687 0.758727203982 0.237603799569 1.56093063873 -0.587586561628 0.102407471977 0.170005094402 0.451087116453 0.606514557237 0.185963090214 0.138964182751 -0.682047388866 -1.06269151268 -0.0616271311311 -1.96447512885 1.25101520709 -0.958208292781 0.903667546531 0.741668757139 0.261631893095
# mat_params[1]:
 7.45837873394 10.4722064514
# mat_params[2]:
 5.34538910187 8.02517272947
# log_m_devs:
 0.0162924329660 0.143948527142 0.0532503850439 -0.213491345152
# log_slx_pars[1]:
 1.46931521042 -0.328910297809
# log_ft_pars:
 -1.14936624214 -1.21574852627 -1.64359176572 -1.50033632224 -1.18287451980 -1.02642710801 -1.08648325115 -1.47792210705 -1.06492575735 -1.83043701122 -1.97211080079 -1.32370793463 -4.33224295263 -1.08234115660 -3.24313917276 -2.40251843003 -2.14235973795 -1.66773473831 -1.50891629308 -2.41771956360 -2.52855937047 -2.58409579373 -2.81417015277 -2.25937858999 -2.56788898699 -3.21605179806 -2.65112561258 -2.00085433891 -1.98920464532 -1.43090463539 -0.901083802309 -0.875442931539 -1.21369638394 -1.58268528463 -1.50434026516 -0.733979835987 -1.24794900339 -1.62912635694 -4.35545136469 -4.35980205850 -3.53269843949 -3.04041443534 -3.31142663080 -3.49157388424 -3.26396459895 -3.14803227396 -2.01280648663 -2.43118322272 -9.02037694927 -4.25820103625 -2.54589713623 -2.26418957353 -2.66449201264 -2.16259881345 -2.22068833299 -2.31403963189 -2.04565996745 -2.25943045060 -2.87394432772 -2.16739444638 -1.73220168469 -2.67842658530 -3.58410674072 -2.83675035970 -2.05411718020 -2.57271694429 -3.01687072262 -1.87390870122 -2.13414825244 -2.91018695684 -2.66559506250 -3.34197732210 -2.38308358778 -2.54239893869 -3.15623207952 -2.77323929566 -2.61698315949 -2.52918683207 -2.28460429966 -2.08382980240 -2.24207449239 -2.05834386167 -1.90198982527 -1.96453609301 -2.79733395412 -1.48065035497 -2.30866883604 -2.30853494205 -2.22126927393 -3.90016228755
