# Number of parameters = 205 Objective function value = -3575.29844356143  Maximum gradient component = 5.89613882866015e-005
# theta[1]:
-0.0873754690663
# theta[2]:
8.81186485477
# theta[3]:
8.18884900664
# theta[4]:
8.46814673101
# theta[5]:
0.759576549556
# theta[6]:
4.00000000000
# log_rinit_devs:
 -0.0924372899581 -0.0386517122577 0.0909745546434 0.0514225710649 -0.0113081234925
# log_rbar_devs:
 0.825902800695 0.666474654688 0.475004018130 0.493532553939 0.349641208858 0.636721567164 0.304882429464 0.248340115472 0.246448131555 0.347464809977 0.315446963996 0.304246027710 0.388965771580 0.473001294820 0.689837725305 0.638289542994 0.771096036696 0.587355654303 0.765243441416 0.547781879679 0.529487972705 0.577713235880 0.491075484189 0.269961933965 0.340142399906 0.356927841066 0.236205736991 0.550326044808 0.102720987135 -0.118432352224 -0.312921980802 -0.180866227625 -0.138556613446 -0.530262621346 -0.706860717277 -0.846011134348 -1.06538933075 -1.12082637639 -1.18688799955 -1.30840862982 -1.33363779897 -1.42972280485 -1.44221062031 -1.46848844822 -1.36860009568 -1.80281129239 -1.87541316314 -2.03150747748 -1.49226967899 -0.0535004921291 1.54949478978 0.213157991531 -1.21298749638 -0.201739958531 1.41636592125 0.670545714695 -0.384899753160 0.465280306208 2.19836071668 0.375737295170 -1.39966746295 -0.353221028653 2.26091555750 -0.227404090826 -0.981659989426 -0.724455812212 0.731730704513 0.627011559267 1.67829319383 1.70570128857 0.242852382055 1.01108609782 1.34114532943 0.799832174943 2.21386603974 -0.129746512579 0.406944616775 0.243309762736 0.265186621152 0.187930580361 -0.224454880719 -0.293085903803 -1.17524177391 -1.58189520413 -0.581733335260 -2.51328525147 0.708635265957 -1.55904725219 0.256477136478 0.0639165563690 0.194095694051
# mat_params[1]:
 7.72536954513 10.6832606340
# mat_params[2]:
 5.78408794793 8.35131665452
# mat_params[3]:
 6.28211226856 9.25534391579
# log_m_devs:
 -0.0412483708041 0.0431143021852 0.159757095983 -0.161623027364
# log_slx_pars[1]:
 1.61218065328 -0.241632035864
# log_slx_pars[2]:
 1.70812292873 -0.298080931890
# log_ft_pars:
 -1.54558216825 -1.61126221976 -2.04245583172 -1.90159872659 -1.59990698824 -1.47205691596 -1.56576334138 -1.99346764498 -1.62111679603 -2.40173384249 -2.52782031014 -2.99203539307 -4.93836511598 -1.91886729354 -3.85355278336 -2.95820097788 -2.66802655444 -2.20501241090 -2.07122266105 -2.98701048126 -3.08346596863 -3.11871350751 -3.31836771813 -2.74487058634 -3.03654396375 -3.64482268347 -3.03574033754 -2.34747954154 -2.30530377603 -1.75318313439 -1.27607690797 -1.32102030221 -1.70960754930 -2.11169734087 -2.08350176043 -1.42218725897 -2.06675440259 -2.49607858646 -5.20017523914 -5.15025036370 -4.27973763199 -3.75597734539 -3.99694556733 -4.16128898211 -3.93229584514 -3.82804691173 -2.78965149819 -3.34576913123 -10.1088326606 -5.48762863838 -4.02522889423 -3.61980442022 -3.95477742337 -3.43622625561 -3.58790558423 -3.60713390586 -3.30872919121 -3.52763176432 -4.23847246864 -3.43677140419 -2.98540305695 -3.90483966976 -4.89228148895 -4.01449522759 -3.19567203508 -3.68116587512 -4.09350028277 -2.93862286408 -3.33096409995 -4.10081065122 -3.77556077628 -4.42353519815 -3.45640045193 -3.57606841948 -4.30708402976 -3.83457517166 -3.62302001471 -3.42821531081 -2.98042261391 -2.19749652772 -2.25025591270 -2.05832744974 -1.91314704544 -1.99935261382 -2.80658997026 -1.41445998695 -2.05646355265 -1.95784041581 -1.91623406283 -3.60601237637
