# Number of parameters = 208 Objective function value = -3721.03093765054  Maximum gradient component = 0.000102443969454835
# theta[1]:
-0.242252367251
# theta[2]:
8.01843549267
# theta[3]:
7.18274357154
# theta[4]:
7.59501853840
# theta[5]:
0.731580896687
# theta[6]:
4.00000000000
# log_rinit_devs:
 -0.0131252800481 -0.0106914879124 0.0764746781690 0.0115324685347 -0.0641903787432
# log_rbar_devs:
 1.15967626750 0.965166461175 0.747657672486 0.784173080378 0.633716352139 0.939184129733 0.549160550090 0.461719916250 0.427739683253 0.487011639276 0.424837938818 0.396776006723 0.493677842349 0.584342669080 0.779694737990 0.686105107174 0.760593870176 0.555670914341 0.743108023448 0.515337601090 0.517719136728 0.596093969855 0.524194129281 0.302580033642 0.403971419085 0.458956242904 0.365445120271 0.750906007712 0.299693382149 0.0680512140384 -0.185149963724 -0.0901403548728 -0.0617793547458 -0.491008134365 -0.707041055090 -0.916523332813 -1.19928207302 -1.25074167145 -1.28293326778 -1.36829184427 -1.35392509078 -1.43599249034 -1.43178913007 -1.45306410418 -1.34390176269 -1.87086282683 -2.02582072799 -2.24711513065 -1.73977237830 -0.322123674811 1.16557760423 -0.106219846089 -1.54871188307 -0.530116942060 1.07959975126 0.342002776298 -0.716361656081 0.145866754488 1.87214205514 0.0290570328775 -1.73317739507 -0.637572488379 2.02247442315 -0.475958806064 -1.21408291312 -0.929663100777 0.544674662802 0.413129328934 1.45764207112 1.49022677873 0.0323091363963 0.821187797631 1.17205357346 0.654376824196 2.04920955879 -0.192241984291 0.441439166841 0.372259415997 0.487862756566 0.480400439228 0.0567226628272 0.00221804824193 -0.866069972069 -1.28446093583 -0.299385712990 -2.25011475761 0.943684783292 -1.27936138699 0.607164498448 0.490969037761 0.283546091408
# mat_params[1]:
 7.47306723165 10.3432635062
# mat_params[2]:
 7.69247340368 10.8172597852
# mat_params[3]:
 6.40583071342 9.34276245988
# mat_params[4]:
 5.26797689582 7.81226238431
# log_m_devs:
 0.0626957677887 0.142207087003 -0.204902854792
# log_slx_pars[1]:
 1.20981230553 -0.0906615688676
# log_slx_pars[2]:
 1.41231621252 -0.474332486245
# log_slx_pars[3]:
 1.70665821485 -0.246433602199
# log_ft_pars:
 -1.74177153943 -1.81133970886 -2.18103879825 -2.01642430865 -1.69586309362 -1.64281571657 -1.69483726564 -2.05889961126 -1.65299878872 -2.44536313702 -2.56095287931 -2.79909109631 -4.94913062793 -2.13707712542 -3.92558877470 -2.99814199821 -2.26860537855 -1.81196109393 -1.66687552051 -2.59130921432 -2.70218348844 -2.75530469973 -2.98657916297 -2.42600367140 -2.72151454072 -3.36162438784 -2.79008450499 -2.13353009343 -2.13310895371 -1.56543998861 -1.02499505758 -1.01548232621 -1.38992314678 -1.79250882573 -1.72962049896 -0.988511638456 -1.55880953181 -1.96766864447 -4.69926655578 -4.69956177292 -3.87037247014 -3.38177753327 -3.66033743297 -3.84347241026 -3.61997559004 -3.52825226154 -2.43511826462 -2.92632395807 -8.93919500551 -4.04523493111 -2.20540402931 -1.93979642770 -2.51511680416 -2.17653921049 -2.08804546408 -2.06256918422 -1.86801747567 -2.19276114438 -2.66859535531 -1.88355221060 -1.60649079634 -2.73947347146 -3.46668184827 -2.56477031841 -1.92397410377 -2.65090945308 -3.02319162532 -1.69686592112 -1.84994687955 -2.60446247618 -2.42017237776 -3.21551815885 -2.26018766185 -2.37763964906 -2.95576222626 -2.57048024475 -2.50653869995 -2.48474311059 -2.11847186043 -1.72583740954 -1.81613012883 -1.66325965494 -1.55388172054 -1.66893833878 -2.51596732961 -1.14040155326 -1.67914915087 -1.53018735915 -1.47098726794 -3.21714084747
