# Number of parameters = 203 Objective function value = -3671.57420516087  Maximum gradient component = 8.45097035047626e-005
# theta[1]:
-0.254652086811
# theta[2]:
7.81829942414
# theta[3]:
6.61797673673
# theta[4]:
7.18714986696
# theta[5]:
0.458123240780
# theta[6]:
4.00000000000
# log_rinit_devs:
 0.0131382738071 0.0162052750320 0.0902415206866 0.0326269297344 -0.152211999260
# log_rbar_devs:
 1.49501933108 1.29979742403 1.09484500967 1.10518698345 0.938846158840 1.17436479880 0.777086583715 0.664435067358 0.577019729698 0.603791024605 0.518966257568 0.472541603825 0.542300110652 0.584468985378 0.753352899703 0.684543098608 0.771050836896 0.582151190897 0.718318950857 0.489637062503 0.492002821974 0.565168091561 0.508702997130 0.314524720080 0.403774083391 0.464970938286 0.401617365518 0.763572686694 0.373394800023 0.181468874779 -0.0756024779651 -0.0671923457087 -0.107833036309 -0.529004017169 -0.747538445858 -1.03111803299 -1.42082567763 -1.54963461422 -1.60567723112 -1.66316238953 -1.63621852343 -1.70282777288 -1.69643656258 -1.71212921993 -1.59935523799 -2.09647593314 -2.29835281752 -2.59561973978 -2.14401896078 -0.699584667607 0.734254892902 -0.519609741110 -1.96942014811 -0.940592951732 0.655350134415 -0.0734489477261 -1.11367117741 -0.245675725830 1.43779551615 -0.391723152455 -2.15088327355 -0.993456103876 1.66071552898 -0.793095183446 -1.49744550126 -1.18294485802 0.302630490993 0.166202923454 1.21995156687 1.25466403021 -0.177513541238 0.608762128921 0.990064273209 0.512190617562 1.81194457967 -0.263134831488 0.450677032137 0.586970809451 0.979432649926 1.33050569213 0.898418192059 0.857370497917 -0.0240736874440 -0.447967342155 0.568455719475 -1.44283157178 1.84733460398 -0.618693212684 1.17284282905 0.897593676725 0.563739781678
# mat_params[1]:
 7.08893652203 10.2959686851
# mat_params[2]:
 5.47572935819 8.29375948112
# mat_params[3]:
 5.44000280235 7.87632043769
# log_m_devs:
 -0.0692770215666 0.0692770215666
# log_slx_pars[1]:
 1.23475922979 -0.573511494138
# log_slx_pars[2]:
 1.68008287374 -0.208591823343
# log_ft_pars:
 -1.67653322676 -1.74047552263 -2.12333628059 -1.94473674904 -1.61647827975 -1.47888190024 -1.52803768101 -1.87066504637 -1.42319443981 -2.15828947498 -2.25217921934 -2.41458682841 -4.59629104932 -1.70554601918 -3.46730131054 -2.55085694364 -2.20468358307 -1.73318334302 -1.57263248801 -2.48530779114 -2.59018782859 -2.65565344390 -2.89492901536 -2.32920356470 -2.63457418383 -3.29986030712 -2.73978090532 -2.10409784174 -2.09136552530 -1.49807405022 -0.944071741701 -0.921570930722 -1.26884939097 -1.62292227085 -1.52033189179 -0.722884178960 -1.20294492496 -1.55574429664 -4.28461118487 -4.30870664898 -3.50027621232 -3.02500286738 -3.32091844228 -3.51463759104 -3.29681190871 -3.19224763031 -2.06851412699 -2.53295283215 -8.44754420027 -3.55293236202 -1.58153033058 -1.34740774246 -1.97388500082 -1.67074398951 -1.54104052027 -1.51462043461 -1.31734580502 -1.66677736841 -2.10815778691 -1.32423230991 -1.04440466876 -2.22999532405 -2.96863408634 -2.09969140369 -1.48517769037 -2.26740619765 -2.71154560079 -1.40455536168 -1.47946707447 -2.22486988814 -2.08541343035 -2.93123072656 -2.00675691733 -2.15601583127 -2.68376808867 -2.32065970880 -2.28896878425 -2.34041837824 -2.11377818146 -1.92546854999 -1.99572820154 -1.81946613523 -1.68367829613 -1.76939834051 -2.58599522896 -1.22111164009 -1.91823703952 -1.70569131249 -1.52338271390 -3.09110862364
